(0,0): 0 32 99 131
(0,1): 1 14 141 155
(0,2): 2 15 155 170
(0,3): 3 37 217 254
(0,4): 4 18 256 274
(0,5): 5 43 274 317
(0,6): 6 19 317 336
(0,7): 7 27 337 364
(0,8): 8 28 364 392
(0,9): 9 31 392 423
(1,0): 0 8 25 33
(1,1): 3 12 36 48
(1,2): 4 49 58 107
(1,3): 8 24 107 131
(1,4): 9 52 131 183
(1,5): 6 19 229 248
(1,6): 7 23 248 271
(1,7): 5 19 318 337
(1,8): 2 17 340 357
(1,9): 1 32 357 389
(2,0): 0 25 0 25
(2,1): 7 19 28 47
(2,2): 3 27 48 75
(2,3): 2 45 85 130
(2,4): 6 21 190 211
(2,5): 4 15 211 226
(2,6): 1 13 226 239
(2,7): 5 16 239 255
(2,8): 8 43 256 299
(2,9): 9 19 328 347
(3,0): 0 24 60 84
(3,1): 1 18 84 102
(3,2): 3 41 121 162
(3,3): 8 29 170 199
(3,4): 5 14 199 213
(3,5): 2 17 232 249
(3,6): 4 23 274 297
(3,7): 7 15 297 312
(3,8): 6 18 336 354
(3,9): 9 23 354 377
(4,0): 0 27 33 60
(4,1): 6 29 70 99
(4,2): 1 39 102 141
(4,3): 3 21 163 184
(4,4): 5 15 184 199
(4,5): 2 15 217 232
(4,6): 9 25 242 267
(4,7): 7 26 271 297
(4,8): 8 44 299 343
(4,9): 4 20 398 418
(5,0): 4 17 23 40
(5,1): 0 15 84 99
(5,2): 6 51 99 150
(5,3): 8 17 153 170
(5,4): 2 46 170 216
(5,5): 3 16 256 272
(5,6): 9 33 279 312
(5,7): 7 25 312 337
(5,8): 5 30 337 367
(5,9): 1 25 395 420
(6,0): 4 15 8 23
(6,1): 3 31 90 121
(6,2): 0 25 131 156
(6,3): 9 12 267 279
(6,4): 2 13 279 292
(6,5): 1 51 292 343
(6,6): 8 19 343 362
(6,7): 7 21 364 385
(6,8): 6 12 385 397
(6,9): 5 26 397 423
(7,0): 4 8 0 8
(7,1): 6 29 8 37
(7,2): 9 25 50 75
(7,3): 3 15 75 90
(7,4): 8 17 90 107
(7,5): 2 22 130 152
(7,6): 7 32 183 215
(7,7): 5 20 219 239
(7,8): 0 11 239 250
(7,9): 1 28 250 278
(8,0): 2 41 0 41
(8,1): 6 10 48 58
(8,2): 8 32 58 90
(8,3): 7 5 103 108
(8,4): 4 21 123 144
(8,5): 9 59 183 242
(8,6): 3 26 272 298
(8,7): 1 10 343 353
(8,8): 5 16 367 383
(8,9): 0 29 383 412
(9,0): 2 20 41 61
(9,1): 9 7 77 84
(9,2): 5 44 84 128
(9,3): 8 22 131 153
(9,4): 6 33 157 190
(9,5): 3 25 190 215
(9,6): 7 29 215 244
(9,7): 4 12 244 256
(9,8): 1 14 278 292
(9,9): 0 0 418 418



(2,0): 0 25 0 25
(1,0): 0 8 25 33
(4,0): 0 27 33 60
(3,0): 0 24 60 84
(5,1): 0 15 84 99
(0,0): 0 32 99 131
(6,2): 0 25 131 156
(7,8): 0 11 239 250
(8,9): 0 29 383 412
(9,9): 0 0 418 418
(3,1): 1 18 84 102
(4,2): 1 39 102 141
(0,1): 1 14 141 155
(2,6): 1 13 226 239
(7,9): 1 28 250 278
(9,8): 1 14 278 292
(6,5): 1 51 292 343
(8,7): 1 10 343 353
(1,9): 1 32 357 389
(5,9): 1 25 395 420
(8,0): 2 41 0 41
(9,0): 2 20 41 61
(2,3): 2 45 85 130
(7,5): 2 22 130 152
(0,2): 2 15 155 170
(5,4): 2 46 170 216
(4,5): 2 15 217 232
(3,5): 2 17 232 249
(6,4): 2 13 279 292
(1,8): 2 17 340 357
(1,1): 3 12 36 48
(2,2): 3 27 48 75
(7,3): 3 15 75 90
(6,1): 3 31 90 121
(3,2): 3 41 121 162
(4,3): 3 21 163 184
(9,5): 3 25 190 215
(0,3): 3 37 217 254
(5,5): 3 16 256 272
(8,6): 3 26 272 298
(7,0): 4 8 0 8
(6,0): 4 15 8 23
(5,0): 4 17 23 40
(1,2): 4 49 58 107
(8,4): 4 21 123 144
(2,5): 4 15 211 226
(9,7): 4 12 244 256
(0,4): 4 18 256 274
(3,6): 4 23 274 297
(4,9): 4 20 398 418
(9,2): 5 44 84 128
(4,4): 5 15 184 199
(3,4): 5 14 199 213
(7,7): 5 20 219 239
(2,7): 5 16 239 255
(0,5): 5 43 274 317
(1,7): 5 19 318 337
(5,8): 5 30 337 367
(8,8): 5 16 367 383
(6,9): 5 26 397 423
(7,1): 6 29 8 37
(8,1): 6 10 48 58
(4,1): 6 29 70 99
(5,2): 6 51 99 150
(9,4): 6 33 157 190
(2,4): 6 21 190 211
(1,5): 6 19 229 248
(0,6): 6 19 317 336
(3,8): 6 18 336 354
(6,8): 6 12 385 397
(2,1): 7 19 28 47
(8,3): 7 5 103 108
(7,6): 7 32 183 215
(9,6): 7 29 215 244
(1,6): 7 23 248 271
(4,7): 7 26 271 297
(3,7): 7 15 297 312
(5,7): 7 25 312 337
(0,7): 7 27 337 364
(6,7): 7 21 364 385
(8,2): 8 32 58 90
(7,4): 8 17 90 107
(1,3): 8 24 107 131
(9,3): 8 22 131 153
(5,3): 8 17 153 170
(3,3): 8 29 170 199
(2,8): 8 43 256 299
(4,8): 8 44 299 343
(6,6): 8 19 343 362
(0,8): 8 28 364 392
(7,2): 9 25 50 75
(9,1): 9 7 77 84
(1,4): 9 52 131 183
(8,5): 9 59 183 242
(4,6): 9 25 242 267
(6,3): 9 12 267 279
(5,6): 9 33 279 312
(2,9): 9 19 328 347
(3,9): 9 23 354 377
(0,9): 9 31 392 423

Time taken: 103.67511916160583 seconds
