(0,0): 2 1 30 31
(0,1): 0 3 37 40
(0,2): 1 6 40 46
(0,3): 3 7 46 53
(0,4): 5 3 53 56
(0,5): 4 6 56 62
(1,0): 1 8 17 25
(1,1): 2 5 25 30
(1,2): 4 10 41 51
(1,3): 5 10 56 66
(1,4): 0 10 66 76
(1,5): 3 4 76 80
(2,0): 2 5 0 5
(2,1): 3 4 6 10
(2,2): 5 8 10 18
(2,3): 0 9 18 27
(2,4): 1 1 29 30
(2,5): 4 7 30 37
(3,0): 1 5 3 8
(3,1): 0 5 8 13
(3,2): 2 5 14 19
(3,3): 3 3 19 22
(3,4): 4 8 22 30
(3,5): 5 9 44 53
(4,0): 2 9 5 14
(4,1): 1 3 14 17
(4,2): 4 5 17 22
(4,3): 5 4 27 31
(4,4): 0 3 40 43
(4,5): 3 1 43 44
(5,0): 1 3 0 3
(5,1): 3 3 3 6
(5,2): 5 9 18 27
(5,3): 0 10 27 37
(5,4): 4 4 37 41
(5,5): 2 1 41 42



(3,1): 0 5 8 13
(2,3): 0 9 18 27
(5,3): 0 10 27 37
(0,1): 0 3 37 40
(4,4): 0 3 40 43
(1,4): 0 10 66 76
(5,0): 1 3 0 3
(3,0): 1 5 3 8
(4,1): 1 3 14 17
(1,0): 1 8 17 25
(2,4): 1 1 29 30
(0,2): 1 6 40 46
(2,0): 2 5 0 5
(4,0): 2 9 5 14
(3,2): 2 5 14 19
(1,1): 2 5 25 30
(0,0): 2 1 30 31
(5,5): 2 1 41 42
(5,1): 3 3 3 6
(2,1): 3 4 6 10
(3,3): 3 3 19 22
(4,5): 3 1 43 44
(0,3): 3 7 46 53
(1,5): 3 4 76 80
(4,2): 4 5 17 22
(3,4): 4 8 22 30
(2,5): 4 7 30 37
(5,4): 4 4 37 41
(1,2): 4 10 41 51
(0,5): 4 6 56 62
(2,2): 5 8 10 18
(5,2): 5 9 18 27
(4,3): 5 4 27 31
(3,5): 5 9 44 53
(0,4): 5 3 53 56
(1,3): 5 10 56 66

Time taken: 7.436717987060547 seconds
