Pr(0,0,0,1) 1
Pr(0,1,0,2) 2
Pr(1,0,1,1) 3
Pr(1,1,1,2) 4
Pr(2,0,2,1) 5
Pr(2,1,2,2) 6
Pr(0,0,1,0) 7
Pr(1,0,0,0) 8
Pr(0,0,2,2) 9
Pr(2,2,0,0) 10
Pr(1,0,2,2) 11
Pr(2,2,1,0) 12
Pr(0,1,1,2) 13
Pr(1,2,0,1) 14
Pr(0,1,2,1) 15
Pr(2,1,0,1) 16
Pr(1,2,2,1) 17
Pr(2,1,1,2) 18
Pr(0,2,1,1) 19
Pr(1,1,0,2) 20
Pr(0,2,2,0) 21
Pr(2,0,0,2) 22
Pr(1,1,2,0) 23
Pr(2,0,1,1) 24
Sa(0,0,0) 25
Eb(0,0,11) 26
Sa(0,0,1) 27
Sa(0,0,2) 28
Sa(0,0,3) 29
Sa(0,0,4) 30
Sa(0,0,5) 31
Sa(0,0,6) 32
Sa(0,0,7) 33
Sa(0,0,8) 34
Sa(0,0,9) 35
Sa(0,0,10) 36
Sa(0,0,11) 37
Sa(0,0,12) 38
Sa(0,0,13) 39
Sa(0,0,14) 40
Sa(0,0,15) 41
Sa(0,0,16) 42
Eb(0,0,0) 43
Eb(0,0,1) 44
Eb(0,0,2) 45
Eb(0,0,3) 46
Eb(0,0,4) 47
Eb(0,0,5) 48
Eb(0,0,6) 49
Eb(0,0,7) 50
Eb(0,0,8) 51
Eb(0,0,9) 52
Eb(0,0,10) 53
Eb(0,0,12) 54
Eb(0,0,13) 55
Eb(0,0,14) 56
Eb(0,0,15) 57
Eb(0,0,16) 58
Sa(0,1,2) 59
Sa(1,0,2) 60
Sa(2,2,2) 61
Sa(0,1,3) 62
Sa(1,0,3) 63
Sa(2,2,3) 64
Sa(0,1,4) 65
Sa(1,0,4) 66
Sa(2,2,4) 67
Sa(0,1,5) 68
Sa(1,0,5) 69
Sa(2,2,5) 70
Sa(0,1,6) 71
Sa(1,0,6) 72
Sa(2,2,6) 73
Sa(0,1,7) 74
Sa(1,0,7) 75
Sa(2,2,7) 76
Sa(0,1,8) 77
Sa(1,0,8) 78
Sa(2,2,8) 79
Sa(0,1,9) 80
Sa(1,0,9) 81
Sa(2,2,9) 82
Sa(0,1,10) 83
Sa(1,0,10) 84
Sa(2,2,10) 85
Sa(0,1,11) 86
Sa(1,0,11) 87
Sa(2,2,11) 88
Sa(0,1,12) 89
Sa(1,0,12) 90
Sa(2,2,12) 91
Sa(0,1,13) 92
Sa(1,0,13) 93
Sa(2,2,13) 94
Sa(0,1,14) 95
Sa(1,0,14) 96
Sa(2,2,14) 97
Sa(0,1,15) 98
Sa(1,0,15) 99
Sa(2,2,15) 100
Sa(0,1,16) 101
Sa(1,0,16) 102
Sa(2,2,16) 103
Eb(0,1,12) 104
Sa(0,1,1) 105
Sa(0,1,0) 106
Eb(0,1,0) 107
Eb(0,1,1) 108
Eb(0,1,2) 109
Eb(0,1,3) 110
Eb(0,1,4) 111
Eb(0,1,5) 112
Eb(0,1,6) 113
Eb(0,1,7) 114
Eb(0,1,8) 115
Eb(0,1,9) 116
Eb(0,1,10) 117
Eb(0,1,11) 118
Eb(0,1,13) 119
Eb(0,1,14) 120
Eb(0,1,15) 121
Eb(0,1,16) 122
Sa(0,2,1) 123
Sa(1,2,1) 124
Sa(2,1,1) 125
Sa(0,2,2) 126
Sa(1,2,2) 127
Sa(2,1,2) 128
Sa(0,2,3) 129
Sa(1,2,3) 130
Sa(2,1,3) 131
Sa(0,2,4) 132
Sa(1,2,4) 133
Sa(2,1,4) 134
Sa(0,2,5) 135
Sa(1,2,5) 136
Sa(2,1,5) 137
Sa(0,2,6) 138
Sa(1,2,6) 139
Sa(2,1,6) 140
Sa(0,2,7) 141
Sa(1,2,7) 142
Sa(2,1,7) 143
Sa(0,2,8) 144
Sa(1,2,8) 145
Sa(2,1,8) 146
Sa(0,2,9) 147
Sa(1,2,9) 148
Sa(2,1,9) 149
Sa(0,2,10) 150
Sa(1,2,10) 151
Sa(2,1,10) 152
Sa(0,2,11) 153
Sa(1,2,11) 154
Sa(2,1,11) 155
Sa(0,2,12) 156
Sa(1,2,12) 157
Sa(2,1,12) 158
Sa(0,2,13) 159
Sa(1,2,13) 160
Sa(2,1,13) 161
Sa(0,2,14) 162
Sa(1,2,14) 163
Sa(2,1,14) 164
Sa(0,2,15) 165
Sa(1,2,15) 166
Sa(2,1,15) 167
Sa(0,2,16) 168
Sa(1,2,16) 169
Sa(2,1,16) 170
Eb(0,2,16) 171
Sa(0,2,0) 172
Eb(0,2,0) 173
Eb(0,2,1) 174
Eb(0,2,2) 175
Eb(0,2,3) 176
Eb(0,2,4) 177
Eb(0,2,5) 178
Eb(0,2,6) 179
Eb(0,2,7) 180
Eb(0,2,8) 181
Eb(0,2,9) 182
Eb(0,2,10) 183
Eb(0,2,11) 184
Eb(0,2,12) 185
Eb(0,2,13) 186
Eb(0,2,14) 187
Eb(0,2,15) 188
Sa(1,1,4) 189
Sa(2,0,4) 190
Sa(1,1,5) 191
Sa(2,0,5) 192
Sa(1,1,6) 193
Sa(2,0,6) 194
Sa(1,1,7) 195
Sa(2,0,7) 196
Sa(1,1,8) 197
Sa(2,0,8) 198
Sa(1,1,9) 199
Sa(2,0,9) 200
Sa(1,1,10) 201
Sa(2,0,10) 202
Sa(1,1,11) 203
Sa(2,0,11) 204
Sa(1,1,12) 205
Sa(2,0,12) 206
Sa(1,1,13) 207
Sa(2,0,13) 208
Sa(1,1,14) 209
Sa(2,0,14) 210
Sa(1,1,15) 211
Sa(2,0,15) 212
Sa(1,1,16) 213
Sa(2,0,16) 214
Sa(1,0,0) 215
Eb(1,0,12) 216
Sa(1,0,1) 217
Eb(1,0,0) 218
Eb(1,0,1) 219
Eb(1,0,2) 220
Eb(1,0,3) 221
Eb(1,0,4) 222
Eb(1,0,5) 223
Eb(1,0,6) 224
Eb(1,0,7) 225
Eb(1,0,8) 226
Eb(1,0,9) 227
Eb(1,0,10) 228
Eb(1,0,11) 229
Eb(1,0,13) 230
Eb(1,0,14) 231
Eb(1,0,15) 232
Eb(1,0,16) 233
Sa(1,1,3) 234
Eb(1,1,14) 235
Sa(1,1,1) 236
Sa(1,1,0) 237
Sa(1,1,2) 238
Eb(1,1,0) 239
Eb(1,1,1) 240
Eb(1,1,2) 241
Eb(1,1,3) 242
Eb(1,1,4) 243
Eb(1,1,5) 244
Eb(1,1,6) 245
Eb(1,1,7) 246
Eb(1,1,8) 247
Eb(1,1,9) 248
Eb(1,1,10) 249
Eb(1,1,11) 250
Eb(1,1,12) 251
Eb(1,1,13) 252
Eb(1,1,15) 253
Eb(1,1,16) 254
Sa(2,0,2) 255
Sa(2,0,3) 256
Eb(1,2,16) 257
Sa(1,2,0) 258
Eb(1,2,0) 259
Eb(1,2,1) 260
Eb(1,2,2) 261
Eb(1,2,3) 262
Eb(1,2,4) 263
Eb(1,2,5) 264
Eb(1,2,6) 265
Eb(1,2,7) 266
Eb(1,2,8) 267
Eb(1,2,9) 268
Eb(1,2,10) 269
Eb(1,2,11) 270
Eb(1,2,12) 271
Eb(1,2,13) 272
Eb(1,2,14) 273
Eb(1,2,15) 274
Sa(2,0,0) 275
Eb(2,0,8) 276
Sa(2,0,1) 277
Eb(2,0,0) 278
Eb(2,0,1) 279
Eb(2,0,2) 280
Eb(2,0,3) 281
Eb(2,0,4) 282
Eb(2,0,5) 283
Eb(2,0,6) 284
Eb(2,0,7) 285
Eb(2,0,9) 286
Eb(2,0,10) 287
Eb(2,0,11) 288
Eb(2,0,12) 289
Eb(2,0,13) 290
Eb(2,0,14) 291
Eb(2,0,15) 292
Eb(2,0,16) 293
Eb(2,1,11) 294
Sa(2,1,0) 295
Eb(2,1,0) 296
Eb(2,1,1) 297
Eb(2,1,2) 298
Eb(2,1,3) 299
Eb(2,1,4) 300
Eb(2,1,5) 301
Eb(2,1,6) 302
Eb(2,1,7) 303
Eb(2,1,8) 304
Eb(2,1,9) 305
Eb(2,1,10) 306
Eb(2,1,12) 307
Eb(2,1,13) 308
Eb(2,1,14) 309
Eb(2,1,15) 310
Eb(2,1,16) 311
Eb(2,2,16) 312
Sa(2,2,1) 313
Sa(2,2,0) 314
Eb(2,2,0) 315
Eb(2,2,1) 316
Eb(2,2,2) 317
Eb(2,2,3) 318
Eb(2,2,4) 319
Eb(2,2,5) 320
Eb(2,2,6) 321
Eb(2,2,7) 322
Eb(2,2,8) 323
Eb(2,2,9) 324
Eb(2,2,10) 325
Eb(2,2,11) 326
Eb(2,2,12) 327
Eb(2,2,13) 328
Eb(2,2,14) 329
Eb(2,2,15) 330
