(0,0): 1 23 177 200
(0,1): 2 45 236 281
(0,2): 0 82 433 515
(0,3): 4 84 515 599
(0,4): 3 38 624 662
(1,0): 2 21 58 79
(1,1): 1 29 148 177
(1,2): 0 18 334 352
(1,3): 4 41 352 393
(1,4): 3 50 393 443
(2,0): 2 38 0 38
(2,1): 3 54 38 92
(2,2): 4 16 201 217
(2,3): 0 52 534 586
(2,4): 1 52 608 660
(3,0): 4 37 217 254
(3,1): 0 54 280 334
(3,2): 2 74 345 419
(3,3): 1 62 419 481
(3,4): 3 57 481 538
(4,0): 4 57 274 331
(4,1): 0 81 352 433
(4,2): 1 61 481 542
(4,3): 3 68 556 624
(4,4): 2 30 633 663
(5,0): 4 81 120 201
(5,1): 0 79 201 280
(5,2): 1 89 284 373
(5,3): 2 89 419 508
(5,4): 3 11 538 549
(6,0): 3 33 0 33
(6,1): 2 20 38 58
(6,2): 0 91 58 149
(6,3): 4 20 254 274
(6,4): 1 66 542 608
(7,0): 4 24 40 64
(7,1): 1 84 64 148
(7,2): 0 32 149 181
(7,3): 2 55 181 236
(7,4): 3 8 345 353
(8,0): 4 56 64 120
(8,1): 0 7 181 188
(8,2): 3 54 188 242
(8,3): 2 64 281 345
(8,4): 1 39 373 412
(9,0): 4 40 0 40
(9,1): 1 83 200 283
(9,2): 0 19 515 534
(9,3): 2 8 534 542
(9,4): 3 7 549 556



(6,2): 0 91 58 149
(7,2): 0 32 149 181
(8,1): 0 7 181 188
(5,1): 0 79 201 280
(3,1): 0 54 280 334
(1,2): 0 18 334 352
(4,1): 0 81 352 433
(0,2): 0 82 433 515
(9,2): 0 19 515 534
(2,3): 0 52 534 586
(7,1): 1 84 64 148
(1,1): 1 29 148 177
(0,0): 1 23 177 200
(9,1): 1 83 200 283
(5,2): 1 89 284 373
(8,4): 1 39 373 412
(3,3): 1 62 419 481
(4,2): 1 61 481 542
(6,4): 1 66 542 608
(2,4): 1 52 608 660
(2,0): 2 38 0 38
(6,1): 2 20 38 58
(1,0): 2 21 58 79
(7,3): 2 55 181 236
(0,1): 2 45 236 281
(8,3): 2 64 281 345
(3,2): 2 74 345 419
(5,3): 2 89 419 508
(9,3): 2 8 534 542
(4,4): 2 30 633 663
(6,0): 3 33 0 33
(2,1): 3 54 38 92
(8,2): 3 54 188 242
(7,4): 3 8 345 353
(1,4): 3 50 393 443
(3,4): 3 57 481 538
(5,4): 3 11 538 549
(9,4): 3 7 549 556
(4,3): 3 68 556 624
(0,4): 3 38 624 662
(9,0): 4 40 0 40
(7,0): 4 24 40 64
(8,0): 4 56 64 120
(5,0): 4 81 120 201
(2,2): 4 16 201 217
(3,0): 4 37 217 254
(6,3): 4 20 254 274
(4,0): 4 57 274 331
(1,3): 4 41 352 393
(0,3): 4 84 515 599

Time taken: 58.02359461784363 seconds
