(0,0): 2 1 26 27
(0,1): 0 3 33 36
(0,2): 1 6 36 42
(0,3): 3 7 42 49
(0,4): 5 3 49 52
(0,5): 4 6 53 59
(1,0): 1 8 8 16
(1,1): 2 5 16 21
(1,2): 4 10 24 34
(1,3): 5 10 34 44
(1,4): 0 10 45 55
(1,5): 3 4 55 59
(2,0): 2 5 0 5
(2,1): 3 4 6 10
(2,2): 5 8 15 23
(2,3): 0 9 36 45
(2,4): 1 1 45 46
(2,5): 4 7 46 53
(3,0): 1 5 3 8
(3,1): 0 5 8 13
(3,2): 2 5 21 26
(3,3): 3 3 26 29
(3,4): 4 8 38 46
(3,5): 5 9 52 61
(4,0): 2 9 5 14
(4,1): 1 3 16 19
(4,2): 4 5 19 24
(4,3): 5 4 30 34
(4,4): 0 3 55 58
(4,5): 3 1 59 60
(5,0): 1 3 0 3
(5,1): 3 3 3 6
(5,2): 5 9 6 15
(5,3): 0 10 23 33
(5,4): 4 4 34 38
(5,5): 2 1 49 50



(3,1): 0 5 8 13
(5,3): 0 10 23 33
(0,1): 0 3 33 36
(2,3): 0 9 36 45
(1,4): 0 10 45 55
(4,4): 0 3 55 58
(5,0): 1 3 0 3
(3,0): 1 5 3 8
(1,0): 1 8 8 16
(4,1): 1 3 16 19
(0,2): 1 6 36 42
(2,4): 1 1 45 46
(2,0): 2 5 0 5
(4,0): 2 9 5 14
(1,1): 2 5 16 21
(3,2): 2 5 21 26
(0,0): 2 1 26 27
(5,5): 2 1 49 50
(5,1): 3 3 3 6
(2,1): 3 4 6 10
(3,3): 3 3 26 29
(0,3): 3 7 42 49
(1,5): 3 4 55 59
(4,5): 3 1 59 60
(4,2): 4 5 19 24
(1,2): 4 10 24 34
(5,4): 4 4 34 38
(3,4): 4 8 38 46
(2,5): 4 7 46 53
(0,5): 4 6 53 59
(5,2): 5 9 6 15
(2,2): 5 8 15 23
(4,3): 5 4 30 34
(1,3): 5 10 34 44
(0,4): 5 3 49 52
(3,5): 5 9 52 61

Time taken: 2.2530272006988525 seconds
