Pr(0,0,0,1) 1
Pr(0,1,0,2) 2
Pr(1,0,1,1) 3
Pr(1,1,1,2) 4
Pr(2,0,2,1) 5
Pr(2,1,2,2) 6
Pr(0,0,1,0) 7
Pr(1,0,0,0) 8
Pr(0,0,2,2) 9
Pr(2,2,0,0) 10
Pr(1,0,2,2) 11
Pr(2,2,1,0) 12
Pr(0,1,1,2) 13
Pr(1,2,0,1) 14
Pr(0,1,2,1) 15
Pr(2,1,0,1) 16
Pr(1,2,2,1) 17
Pr(2,1,1,2) 18
Pr(0,2,1,1) 19
Pr(1,1,0,2) 20
Pr(0,2,2,0) 21
Pr(2,0,0,2) 22
Pr(1,1,2,0) 23
Pr(2,0,1,1) 24
Sa(0,0,0) 25
Eb(0,0,8) 26
Sa(0,0,1) 27
Sa(0,0,2) 28
Sa(0,0,3) 29
Sa(0,0,4) 30
Sa(0,0,5) 31
Sa(0,0,6) 32
Sa(0,0,7) 33
Sa(0,0,8) 34
Sa(0,0,9) 35
Sa(0,0,10) 36
Sa(0,0,11) 37
Sa(0,0,12) 38
Sa(0,0,13) 39
Eb(0,0,0) 40
Eb(0,0,1) 41
Eb(0,0,2) 42
Eb(0,0,3) 43
Eb(0,0,4) 44
Eb(0,0,5) 45
Eb(0,0,6) 46
Eb(0,0,7) 47
Eb(0,0,9) 48
Eb(0,0,10) 49
Eb(0,0,11) 50
Eb(0,0,12) 51
Eb(0,0,13) 52
Sa(0,1,2) 53
Sa(1,0,2) 54
Sa(2,2,2) 55
Sa(0,1,3) 56
Sa(1,0,3) 57
Sa(2,2,3) 58
Sa(0,1,4) 59
Sa(1,0,4) 60
Sa(2,2,4) 61
Sa(0,1,5) 62
Sa(1,0,5) 63
Sa(2,2,5) 64
Sa(0,1,6) 65
Sa(1,0,6) 66
Sa(2,2,6) 67
Sa(0,1,7) 68
Sa(1,0,7) 69
Sa(2,2,7) 70
Sa(0,1,8) 71
Sa(1,0,8) 72
Sa(2,2,8) 73
Sa(0,1,9) 74
Sa(1,0,9) 75
Sa(2,2,9) 76
Sa(0,1,10) 77
Sa(1,0,10) 78
Sa(2,2,10) 79
Sa(0,1,11) 80
Sa(1,0,11) 81
Sa(2,2,11) 82
Sa(0,1,12) 83
Sa(1,0,12) 84
Sa(2,2,12) 85
Sa(0,1,13) 86
Sa(1,0,13) 87
Sa(2,2,13) 88
Eb(0,1,9) 89
Sa(0,1,1) 90
Sa(0,1,0) 91
Eb(0,1,0) 92
Eb(0,1,1) 93
Eb(0,1,2) 94
Eb(0,1,3) 95
Eb(0,1,4) 96
Eb(0,1,5) 97
Eb(0,1,6) 98
Eb(0,1,7) 99
Eb(0,1,8) 100
Eb(0,1,10) 101
Eb(0,1,11) 102
Eb(0,1,12) 103
Eb(0,1,13) 104
Sa(0,2,1) 105
Sa(1,2,1) 106
Sa(2,1,1) 107
Sa(0,2,2) 108
Sa(1,2,2) 109
Sa(2,1,2) 110
Sa(0,2,3) 111
Sa(1,2,3) 112
Sa(2,1,3) 113
Sa(0,2,4) 114
Sa(1,2,4) 115
Sa(2,1,4) 116
Sa(0,2,5) 117
Sa(1,2,5) 118
Sa(2,1,5) 119
Sa(0,2,6) 120
Sa(1,2,6) 121
Sa(2,1,6) 122
Sa(0,2,7) 123
Sa(1,2,7) 124
Sa(2,1,7) 125
Sa(0,2,8) 126
Sa(1,2,8) 127
Sa(2,1,8) 128
Sa(0,2,9) 129
Sa(1,2,9) 130
Sa(2,1,9) 131
Sa(0,2,10) 132
Sa(1,2,10) 133
Sa(2,1,10) 134
Sa(0,2,11) 135
Sa(1,2,11) 136
Sa(2,1,11) 137
Sa(0,2,12) 138
Sa(1,2,12) 139
Sa(2,1,12) 140
Sa(0,2,13) 141
Sa(1,2,13) 142
Sa(2,1,13) 143
Eb(0,2,13) 144
Sa(0,2,0) 145
Eb(0,2,0) 146
Eb(0,2,1) 147
Eb(0,2,2) 148
Eb(0,2,3) 149
Eb(0,2,4) 150
Eb(0,2,5) 151
Eb(0,2,6) 152
Eb(0,2,7) 153
Eb(0,2,8) 154
Eb(0,2,9) 155
Eb(0,2,10) 156
Eb(0,2,11) 157
Eb(0,2,12) 158
Sa(1,1,4) 159
Sa(2,0,4) 160
Sa(1,1,5) 161
Sa(2,0,5) 162
Sa(1,1,6) 163
Sa(2,0,6) 164
Sa(1,1,7) 165
Sa(2,0,7) 166
Sa(1,1,8) 167
Sa(2,0,8) 168
Sa(1,1,9) 169
Sa(2,0,9) 170
Sa(1,1,10) 171
Sa(2,0,10) 172
Sa(1,1,11) 173
Sa(2,0,11) 174
Sa(1,1,12) 175
Sa(2,0,12) 176
Sa(1,1,13) 177
Sa(2,0,13) 178
Sa(1,0,0) 179
Eb(1,0,9) 180
Sa(1,0,1) 181
Eb(1,0,0) 182
Eb(1,0,1) 183
Eb(1,0,2) 184
Eb(1,0,3) 185
Eb(1,0,4) 186
Eb(1,0,5) 187
Eb(1,0,6) 188
Eb(1,0,7) 189
Eb(1,0,8) 190
Eb(1,0,10) 191
Eb(1,0,11) 192
Eb(1,0,12) 193
Eb(1,0,13) 194
Sa(1,1,3) 195
Eb(1,1,11) 196
Sa(1,1,1) 197
Sa(1,1,0) 198
Sa(1,1,2) 199
Eb(1,1,0) 200
Eb(1,1,1) 201
Eb(1,1,2) 202
Eb(1,1,3) 203
Eb(1,1,4) 204
Eb(1,1,5) 205
Eb(1,1,6) 206
Eb(1,1,7) 207
Eb(1,1,8) 208
Eb(1,1,9) 209
Eb(1,1,10) 210
Eb(1,1,12) 211
Eb(1,1,13) 212
Sa(2,0,2) 213
Sa(2,0,3) 214
Eb(1,2,13) 215
Sa(1,2,0) 216
Eb(1,2,0) 217
Eb(1,2,1) 218
Eb(1,2,2) 219
Eb(1,2,3) 220
Eb(1,2,4) 221
Eb(1,2,5) 222
Eb(1,2,6) 223
Eb(1,2,7) 224
Eb(1,2,8) 225
Eb(1,2,9) 226
Eb(1,2,10) 227
Eb(1,2,11) 228
Eb(1,2,12) 229
Sa(2,0,0) 230
Eb(2,0,5) 231
Sa(2,0,1) 232
Eb(2,0,0) 233
Eb(2,0,1) 234
Eb(2,0,2) 235
Eb(2,0,3) 236
Eb(2,0,4) 237
Eb(2,0,6) 238
Eb(2,0,7) 239
Eb(2,0,8) 240
Eb(2,0,9) 241
Eb(2,0,10) 242
Eb(2,0,11) 243
Eb(2,0,12) 244
Eb(2,0,13) 245
Eb(2,1,8) 246
Sa(2,1,0) 247
Eb(2,1,0) 248
Eb(2,1,1) 249
Eb(2,1,2) 250
Eb(2,1,3) 251
Eb(2,1,4) 252
Eb(2,1,5) 253
Eb(2,1,6) 254
Eb(2,1,7) 255
Eb(2,1,9) 256
Eb(2,1,10) 257
Eb(2,1,11) 258
Eb(2,1,12) 259
Eb(2,1,13) 260
Eb(2,2,13) 261
Sa(2,2,1) 262
Sa(2,2,0) 263
Eb(2,2,0) 264
Eb(2,2,1) 265
Eb(2,2,2) 266
Eb(2,2,3) 267
Eb(2,2,4) 268
Eb(2,2,5) 269
Eb(2,2,6) 270
Eb(2,2,7) 271
Eb(2,2,8) 272
Eb(2,2,9) 273
Eb(2,2,10) 274
Eb(2,2,11) 275
Eb(2,2,12) 276
