Pr(0,0,0,1) 1
Pr(0,1,0,2) 2
Pr(0,2,0,3) 3
Pr(0,3,0,4) 4
Pr(0,4,0,5) 5
Pr(1,0,1,1) 6
Pr(1,1,1,2) 7
Pr(1,2,1,3) 8
Pr(1,3,1,4) 9
Pr(1,4,1,5) 10
Pr(2,0,2,1) 11
Pr(2,1,2,2) 12
Pr(2,2,2,3) 13
Pr(2,3,2,4) 14
Pr(2,4,2,5) 15
Pr(3,0,3,1) 16
Pr(3,1,3,2) 17
Pr(3,2,3,3) 18
Pr(3,3,3,4) 19
Pr(3,4,3,5) 20
Pr(4,0,4,1) 21
Pr(4,1,4,2) 22
Pr(4,2,4,3) 23
Pr(4,3,4,4) 24
Pr(4,4,4,5) 25
Pr(5,0,5,1) 26
Pr(5,1,5,2) 27
Pr(5,2,5,3) 28
Pr(5,3,5,4) 29
Pr(5,4,5,5) 30
Pr(0,0,1,1) 31
Pr(1,1,0,0) 32
Pr(0,0,2,0) 33
Pr(2,0,0,0) 34
Pr(0,0,3,2) 35
Pr(3,2,0,0) 36
Pr(0,0,4,0) 37
Pr(4,0,0,0) 38
Pr(0,0,5,5) 39
Pr(5,5,0,0) 40
Pr(1,1,2,0) 41
Pr(2,0,1,1) 42
Pr(1,1,3,2) 43
Pr(3,2,1,1) 44
Pr(1,1,4,0) 45
Pr(4,0,1,1) 46
Pr(1,1,5,5) 47
Pr(5,5,1,1) 48
Pr(2,0,3,2) 49
Pr(3,2,2,0) 50
Pr(2,0,4,0) 51
Pr(4,0,2,0) 52
Pr(2,0,5,5) 53
Pr(5,5,2,0) 54
Pr(3,2,4,0) 55
Pr(4,0,3,2) 56
Pr(3,2,5,5) 57
Pr(5,5,3,2) 58
Pr(4,0,5,5) 59
Pr(5,5,4,0) 60
Pr(0,1,1,4) 61
Pr(1,4,0,1) 62
Pr(0,1,2,3) 63
Pr(2,3,0,1) 64
Pr(0,1,3,1) 65
Pr(3,1,0,1) 66
Pr(0,1,4,4) 67
Pr(4,4,0,1) 68
Pr(0,1,5,3) 69
Pr(5,3,0,1) 70
Pr(1,4,2,3) 71
Pr(2,3,1,4) 72
Pr(1,4,3,1) 73
Pr(3,1,1,4) 74
Pr(1,4,4,4) 75
Pr(4,4,1,4) 76
Pr(1,4,5,3) 77
Pr(5,3,1,4) 78
Pr(2,3,3,1) 79
Pr(3,1,2,3) 80
Pr(2,3,4,4) 81
Pr(4,4,2,3) 82
Pr(2,3,5,3) 83
Pr(5,3,2,3) 84
Pr(3,1,4,4) 85
Pr(4,4,3,1) 86
Pr(3,1,5,3) 87
Pr(5,3,3,1) 88
Pr(4,4,5,3) 89
Pr(5,3,4,4) 90
Pr(0,2,1,0) 91
Pr(1,0,0,2) 92
Pr(0,2,2,4) 93
Pr(2,4,0,2) 94
Pr(0,2,3,0) 95
Pr(3,0,0,2) 96
Pr(0,2,4,1) 97
Pr(4,1,0,2) 98
Pr(0,2,5,0) 99
Pr(5,0,0,2) 100
Pr(1,0,2,4) 101
Pr(2,4,1,0) 102
Pr(1,0,3,0) 103
Pr(3,0,1,0) 104
Pr(1,0,4,1) 105
Pr(4,1,1,0) 106
Pr(1,0,5,0) 107
Pr(5,0,1,0) 108
Pr(2,4,3,0) 109
Pr(3,0,2,4) 110
Pr(2,4,4,1) 111
Pr(4,1,2,4) 112
Pr(2,4,5,0) 113
Pr(5,0,2,4) 114
Pr(3,0,4,1) 115
Pr(4,1,3,0) 116
Pr(3,0,5,0) 117
Pr(5,0,3,0) 118
Pr(4,1,5,0) 119
Pr(5,0,4,1) 120
Pr(0,3,1,5) 121
Pr(1,5,0,3) 122
Pr(0,3,2,1) 123
Pr(2,1,0,3) 124
Pr(0,3,3,3) 125
Pr(3,3,0,3) 126
Pr(0,3,4,5) 127
Pr(4,5,0,3) 128
Pr(0,3,5,1) 129
Pr(5,1,0,3) 130
Pr(1,5,2,1) 131
Pr(2,1,1,5) 132
Pr(1,5,3,3) 133
Pr(3,3,1,5) 134
Pr(1,5,4,5) 135
Pr(4,5,1,5) 136
Pr(1,5,5,1) 137
Pr(5,1,1,5) 138
Pr(2,1,3,3) 139
Pr(3,3,2,1) 140
Pr(2,1,4,5) 141
Pr(4,5,2,1) 142
Pr(2,1,5,1) 143
Pr(5,1,2,1) 144
Pr(3,3,4,5) 145
Pr(4,5,3,3) 146
Pr(3,3,5,1) 147
Pr(5,1,3,3) 148
Pr(4,5,5,1) 149
Pr(5,1,4,5) 150
Pr(0,4,1,3) 151
Pr(1,3,0,4) 152
Pr(0,4,2,2) 153
Pr(2,2,0,4) 154
Pr(0,4,3,5) 155
Pr(3,5,0,4) 156
Pr(0,4,4,3) 157
Pr(4,3,0,4) 158
Pr(0,4,5,2) 159
Pr(5,2,0,4) 160
Pr(1,3,2,2) 161
Pr(2,2,1,3) 162
Pr(1,3,3,5) 163
Pr(3,5,1,3) 164
Pr(1,3,4,3) 165
Pr(4,3,1,3) 166
Pr(1,3,5,2) 167
Pr(5,2,1,3) 168
Pr(2,2,3,5) 169
Pr(3,5,2,2) 170
Pr(2,2,4,3) 171
Pr(4,3,2,2) 172
Pr(2,2,5,2) 173
Pr(5,2,2,2) 174
Pr(3,5,4,3) 175
Pr(4,3,3,5) 176
Pr(3,5,5,2) 177
Pr(5,2,3,5) 178
Pr(4,3,5,2) 179
Pr(5,2,4,3) 180
Pr(0,5,1,2) 181
Pr(1,2,0,5) 182
Pr(0,5,2,5) 183
Pr(2,5,0,5) 184
Pr(0,5,3,4) 185
Pr(3,4,0,5) 186
Pr(0,5,4,2) 187
Pr(4,2,0,5) 188
Pr(0,5,5,4) 189
Pr(5,4,0,5) 190
Pr(1,2,2,5) 191
Pr(2,5,1,2) 192
Pr(1,2,3,4) 193
Pr(3,4,1,2) 194
Pr(1,2,4,2) 195
Pr(4,2,1,2) 196
Pr(1,2,5,4) 197
Pr(5,4,1,2) 198
Pr(2,5,3,4) 199
Pr(3,4,2,5) 200
Pr(2,5,4,2) 201
Pr(4,2,2,5) 202
Pr(2,5,5,4) 203
Pr(5,4,2,5) 204
Pr(3,4,4,2) 205
Pr(4,2,3,4) 206
Pr(3,4,5,4) 207
Pr(5,4,3,4) 208
Pr(4,2,5,4) 209
Pr(5,4,4,2) 210
Sa(0,0,0) 211
Eb(0,0,14) 212
Sa(0,0,1) 213
Sa(0,0,2) 214
Sa(0,0,3) 215
Sa(0,0,4) 216
Sa(0,0,5) 217
Sa(0,0,6) 218
Sa(0,0,7) 219
Sa(0,0,8) 220
Sa(0,0,9) 221
Sa(0,0,10) 222
Sa(0,0,11) 223
Sa(0,0,12) 224
Sa(0,0,13) 225
Sa(0,0,14) 226
Sa(0,0,15) 227
Sa(0,0,16) 228
Sa(0,0,17) 229
Sa(0,0,18) 230
Sa(0,0,19) 231
Sa(0,0,20) 232
Sa(0,0,21) 233
Sa(0,0,22) 234
Sa(0,0,23) 235
Sa(0,0,24) 236
Sa(0,0,25) 237
Sa(0,0,26) 238
Sa(0,0,27) 239
Sa(0,0,28) 240
Sa(0,0,29) 241
Sa(0,0,30) 242
Sa(0,0,31) 243
Sa(0,0,32) 244
Sa(0,0,33) 245
Sa(0,0,34) 246
Sa(0,0,35) 247
Sa(0,0,36) 248
Sa(0,0,37) 249
Sa(0,0,38) 250
Sa(0,0,39) 251
Eb(0,0,0) 252
Eb(0,0,1) 253
Eb(0,0,2) 254
Eb(0,0,3) 255
Eb(0,0,4) 256
Eb(0,0,5) 257
Eb(0,0,6) 258
Eb(0,0,7) 259
Eb(0,0,8) 260
Eb(0,0,9) 261
Eb(0,0,10) 262
Eb(0,0,11) 263
Eb(0,0,12) 264
Eb(0,0,13) 265
Eb(0,0,15) 266
Eb(0,0,16) 267
Eb(0,0,17) 268
Eb(0,0,18) 269
Eb(0,0,19) 270
Eb(0,0,20) 271
Eb(0,0,21) 272
Eb(0,0,22) 273
Eb(0,0,23) 274
Eb(0,0,24) 275
Eb(0,0,25) 276
Eb(0,0,26) 277
Eb(0,0,27) 278
Eb(0,0,28) 279
Eb(0,0,29) 280
Eb(0,0,30) 281
Eb(0,0,31) 282
Eb(0,0,32) 283
Eb(0,0,33) 284
Eb(0,0,34) 285
Eb(0,0,35) 286
Eb(0,0,36) 287
Eb(0,0,37) 288
Eb(0,0,38) 289
Eb(0,0,39) 290
Sa(0,1,1) 291
Sa(1,1,1) 292
Sa(2,0,1) 293
Sa(3,2,1) 294
Sa(4,0,1) 295
Sa(5,5,1) 296
Sa(0,1,2) 297
Sa(1,1,2) 298
Sa(2,0,2) 299
Sa(3,2,2) 300
Sa(4,0,2) 301
Sa(5,5,2) 302
Sa(0,1,3) 303
Sa(1,1,3) 304
Sa(2,0,3) 305
Sa(3,2,3) 306
Sa(4,0,3) 307
Sa(5,5,3) 308
Sa(0,1,4) 309
Sa(1,1,4) 310
Sa(2,0,4) 311
Sa(3,2,4) 312
Sa(4,0,4) 313
Sa(5,5,4) 314
Sa(0,1,5) 315
Sa(1,1,5) 316
Sa(2,0,5) 317
Sa(3,2,5) 318
Sa(4,0,5) 319
Sa(5,5,5) 320
Sa(0,1,6) 321
Sa(1,1,6) 322
Sa(2,0,6) 323
Sa(3,2,6) 324
Sa(4,0,6) 325
Sa(5,5,6) 326
Sa(0,1,7) 327
Sa(1,1,7) 328
Sa(2,0,7) 329
Sa(3,2,7) 330
Sa(4,0,7) 331
Sa(5,5,7) 332
Sa(0,1,8) 333
Sa(1,1,8) 334
Sa(2,0,8) 335
Sa(3,2,8) 336
Sa(4,0,8) 337
Sa(5,5,8) 338
Sa(0,1,9) 339
Sa(1,1,9) 340
Sa(2,0,9) 341
Sa(3,2,9) 342
Sa(4,0,9) 343
Sa(5,5,9) 344
Sa(0,1,10) 345
Sa(1,1,10) 346
Sa(2,0,10) 347
Sa(3,2,10) 348
Sa(4,0,10) 349
Sa(5,5,10) 350
Sa(0,1,11) 351
Sa(1,1,11) 352
Sa(2,0,11) 353
Sa(3,2,11) 354
Sa(4,0,11) 355
Sa(5,5,11) 356
Sa(0,1,12) 357
Sa(1,1,12) 358
Sa(2,0,12) 359
Sa(3,2,12) 360
Sa(4,0,12) 361
Sa(5,5,12) 362
Sa(0,1,13) 363
Sa(1,1,13) 364
Sa(2,0,13) 365
Sa(3,2,13) 366
Sa(4,0,13) 367
Sa(5,5,13) 368
Sa(0,1,14) 369
Sa(1,1,14) 370
Sa(2,0,14) 371
Sa(3,2,14) 372
Sa(4,0,14) 373
Sa(5,5,14) 374
Sa(0,1,15) 375
Sa(1,1,15) 376
Sa(2,0,15) 377
Sa(3,2,15) 378
Sa(4,0,15) 379
Sa(5,5,15) 380
Sa(0,1,16) 381
Sa(1,1,16) 382
Sa(2,0,16) 383
Sa(3,2,16) 384
Sa(4,0,16) 385
Sa(5,5,16) 386
Sa(0,1,17) 387
Sa(1,1,17) 388
Sa(2,0,17) 389
Sa(3,2,17) 390
Sa(4,0,17) 391
Sa(5,5,17) 392
Sa(0,1,18) 393
Sa(1,1,18) 394
Sa(2,0,18) 395
Sa(3,2,18) 396
Sa(4,0,18) 397
Sa(5,5,18) 398
Sa(0,1,19) 399
Sa(1,1,19) 400
Sa(2,0,19) 401
Sa(3,2,19) 402
Sa(4,0,19) 403
Sa(5,5,19) 404
Sa(0,1,20) 405
Sa(1,1,20) 406
Sa(2,0,20) 407
Sa(3,2,20) 408
Sa(4,0,20) 409
Sa(5,5,20) 410
Sa(0,1,21) 411
Sa(1,1,21) 412
Sa(2,0,21) 413
Sa(3,2,21) 414
Sa(4,0,21) 415
Sa(5,5,21) 416
Sa(0,1,22) 417
Sa(1,1,22) 418
Sa(2,0,22) 419
Sa(3,2,22) 420
Sa(4,0,22) 421
Sa(5,5,22) 422
Sa(0,1,23) 423
Sa(1,1,23) 424
Sa(2,0,23) 425
Sa(3,2,23) 426
Sa(4,0,23) 427
Sa(5,5,23) 428
Sa(0,1,24) 429
Sa(1,1,24) 430
Sa(2,0,24) 431
Sa(3,2,24) 432
Sa(4,0,24) 433
Sa(5,5,24) 434
Sa(0,1,25) 435
Sa(1,1,25) 436
Sa(2,0,25) 437
Sa(3,2,25) 438
Sa(4,0,25) 439
Sa(5,5,25) 440
Sa(0,1,26) 441
Sa(1,1,26) 442
Sa(2,0,26) 443
Sa(3,2,26) 444
Sa(4,0,26) 445
Sa(5,5,26) 446
Sa(0,1,27) 447
Sa(1,1,27) 448
Sa(2,0,27) 449
Sa(3,2,27) 450
Sa(4,0,27) 451
Sa(5,5,27) 452
Sa(0,1,28) 453
Sa(1,1,28) 454
Sa(2,0,28) 455
Sa(3,2,28) 456
Sa(4,0,28) 457
Sa(5,5,28) 458
Sa(0,1,29) 459
Sa(1,1,29) 460
Sa(2,0,29) 461
Sa(3,2,29) 462
Sa(4,0,29) 463
Sa(5,5,29) 464
Sa(0,1,30) 465
Sa(1,1,30) 466
Sa(2,0,30) 467
Sa(3,2,30) 468
Sa(4,0,30) 469
Sa(5,5,30) 470
Sa(0,1,31) 471
Sa(1,1,31) 472
Sa(2,0,31) 473
Sa(3,2,31) 474
Sa(4,0,31) 475
Sa(5,5,31) 476
Sa(0,1,32) 477
Sa(1,1,32) 478
Sa(2,0,32) 479
Sa(3,2,32) 480
Sa(4,0,32) 481
Sa(5,5,32) 482
Sa(0,1,33) 483
Sa(1,1,33) 484
Sa(2,0,33) 485
Sa(3,2,33) 486
Sa(4,0,33) 487
Sa(5,5,33) 488
Sa(0,1,34) 489
Sa(1,1,34) 490
Sa(2,0,34) 491
Sa(3,2,34) 492
Sa(4,0,34) 493
Sa(5,5,34) 494
Sa(0,1,35) 495
Sa(1,1,35) 496
Sa(2,0,35) 497
Sa(3,2,35) 498
Sa(4,0,35) 499
Sa(5,5,35) 500
Sa(0,1,36) 501
Sa(1,1,36) 502
Sa(2,0,36) 503
Sa(3,2,36) 504
Sa(4,0,36) 505
Sa(5,5,36) 506
Sa(0,1,37) 507
Sa(1,1,37) 508
Sa(2,0,37) 509
Sa(3,2,37) 510
Sa(4,0,37) 511
Sa(5,5,37) 512
Sa(0,1,38) 513
Sa(1,1,38) 514
Sa(2,0,38) 515
Sa(3,2,38) 516
Sa(4,0,38) 517
Sa(5,5,38) 518
Sa(0,1,39) 519
Sa(1,1,39) 520
Sa(2,0,39) 521
Sa(3,2,39) 522
Sa(4,0,39) 523
Sa(5,5,39) 524
Eb(0,1,17) 525
Sa(0,1,0) 526
Eb(0,1,0) 527
Eb(0,1,1) 528
Eb(0,1,2) 529
Eb(0,1,3) 530
Eb(0,1,4) 531
Eb(0,1,5) 532
Eb(0,1,6) 533
Eb(0,1,7) 534
Eb(0,1,8) 535
Eb(0,1,9) 536
Eb(0,1,10) 537
Eb(0,1,11) 538
Eb(0,1,12) 539
Eb(0,1,13) 540
Eb(0,1,14) 541
Eb(0,1,15) 542
Eb(0,1,16) 543
Eb(0,1,18) 544
Eb(0,1,19) 545
Eb(0,1,20) 546
Eb(0,1,21) 547
Eb(0,1,22) 548
Eb(0,1,23) 549
Eb(0,1,24) 550
Eb(0,1,25) 551
Eb(0,1,26) 552
Eb(0,1,27) 553
Eb(0,1,28) 554
Eb(0,1,29) 555
Eb(0,1,30) 556
Eb(0,1,31) 557
Eb(0,1,32) 558
Eb(0,1,33) 559
Eb(0,1,34) 560
Eb(0,1,35) 561
Eb(0,1,36) 562
Eb(0,1,37) 563
Eb(0,1,38) 564
Eb(0,1,39) 565
Sa(0,2,3) 566
Sa(1,4,3) 567
Sa(2,3,3) 568
Sa(3,1,3) 569
Sa(4,4,3) 570
Sa(5,3,3) 571
Sa(0,2,4) 572
Sa(1,4,4) 573
Sa(2,3,4) 574
Sa(3,1,4) 575
Sa(4,4,4) 576
Sa(5,3,4) 577
Sa(0,2,5) 578
Sa(1,4,5) 579
Sa(2,3,5) 580
Sa(3,1,5) 581
Sa(4,4,5) 582
Sa(5,3,5) 583
Sa(0,2,6) 584
Sa(1,4,6) 585
Sa(2,3,6) 586
Sa(3,1,6) 587
Sa(4,4,6) 588
Sa(5,3,6) 589
Sa(0,2,7) 590
Sa(1,4,7) 591
Sa(2,3,7) 592
Sa(3,1,7) 593
Sa(4,4,7) 594
Sa(5,3,7) 595
Sa(0,2,8) 596
Sa(1,4,8) 597
Sa(2,3,8) 598
Sa(3,1,8) 599
Sa(4,4,8) 600
Sa(5,3,8) 601
Sa(0,2,9) 602
Sa(1,4,9) 603
Sa(2,3,9) 604
Sa(3,1,9) 605
Sa(4,4,9) 606
Sa(5,3,9) 607
Sa(0,2,10) 608
Sa(1,4,10) 609
Sa(2,3,10) 610
Sa(3,1,10) 611
Sa(4,4,10) 612
Sa(5,3,10) 613
Sa(0,2,11) 614
Sa(1,4,11) 615
Sa(2,3,11) 616
Sa(3,1,11) 617
Sa(4,4,11) 618
Sa(5,3,11) 619
Sa(0,2,12) 620
Sa(1,4,12) 621
Sa(2,3,12) 622
Sa(3,1,12) 623
Sa(4,4,12) 624
Sa(5,3,12) 625
Sa(0,2,13) 626
Sa(1,4,13) 627
Sa(2,3,13) 628
Sa(3,1,13) 629
Sa(4,4,13) 630
Sa(5,3,13) 631
Sa(0,2,14) 632
Sa(1,4,14) 633
Sa(2,3,14) 634
Sa(3,1,14) 635
Sa(4,4,14) 636
Sa(5,3,14) 637
Sa(0,2,15) 638
Sa(1,4,15) 639
Sa(2,3,15) 640
Sa(3,1,15) 641
Sa(4,4,15) 642
Sa(5,3,15) 643
Sa(0,2,16) 644
Sa(1,4,16) 645
Sa(2,3,16) 646
Sa(3,1,16) 647
Sa(4,4,16) 648
Sa(5,3,16) 649
Sa(0,2,17) 650
Sa(1,4,17) 651
Sa(2,3,17) 652
Sa(3,1,17) 653
Sa(4,4,17) 654
Sa(5,3,17) 655
Sa(0,2,18) 656
Sa(1,4,18) 657
Sa(2,3,18) 658
Sa(3,1,18) 659
Sa(4,4,18) 660
Sa(5,3,18) 661
Sa(0,2,19) 662
Sa(1,4,19) 663
Sa(2,3,19) 664
Sa(3,1,19) 665
Sa(4,4,19) 666
Sa(5,3,19) 667
Sa(0,2,20) 668
Sa(1,4,20) 669
Sa(2,3,20) 670
Sa(3,1,20) 671
Sa(4,4,20) 672
Sa(5,3,20) 673
Sa(0,2,21) 674
Sa(1,4,21) 675
Sa(2,3,21) 676
Sa(3,1,21) 677
Sa(4,4,21) 678
Sa(5,3,21) 679
Sa(0,2,22) 680
Sa(1,4,22) 681
Sa(2,3,22) 682
Sa(3,1,22) 683
Sa(4,4,22) 684
Sa(5,3,22) 685
Sa(0,2,23) 686
Sa(1,4,23) 687
Sa(2,3,23) 688
Sa(3,1,23) 689
Sa(4,4,23) 690
Sa(5,3,23) 691
Sa(0,2,24) 692
Sa(1,4,24) 693
Sa(2,3,24) 694
Sa(3,1,24) 695
Sa(4,4,24) 696
Sa(5,3,24) 697
Sa(0,2,25) 698
Sa(1,4,25) 699
Sa(2,3,25) 700
Sa(3,1,25) 701
Sa(4,4,25) 702
Sa(5,3,25) 703
Sa(0,2,26) 704
Sa(1,4,26) 705
Sa(2,3,26) 706
Sa(3,1,26) 707
Sa(4,4,26) 708
Sa(5,3,26) 709
Sa(0,2,27) 710
Sa(1,4,27) 711
Sa(2,3,27) 712
Sa(3,1,27) 713
Sa(4,4,27) 714
Sa(5,3,27) 715
Sa(0,2,28) 716
Sa(1,4,28) 717
Sa(2,3,28) 718
Sa(3,1,28) 719
Sa(4,4,28) 720
Sa(5,3,28) 721
Sa(0,2,29) 722
Sa(1,4,29) 723
Sa(2,3,29) 724
Sa(3,1,29) 725
Sa(4,4,29) 726
Sa(5,3,29) 727
Sa(0,2,30) 728
Sa(1,4,30) 729
Sa(2,3,30) 730
Sa(3,1,30) 731
Sa(4,4,30) 732
Sa(5,3,30) 733
Sa(0,2,31) 734
Sa(1,4,31) 735
Sa(2,3,31) 736
Sa(3,1,31) 737
Sa(4,4,31) 738
Sa(5,3,31) 739
Sa(0,2,32) 740
Sa(1,4,32) 741
Sa(2,3,32) 742
Sa(3,1,32) 743
Sa(4,4,32) 744
Sa(5,3,32) 745
Sa(0,2,33) 746
Sa(1,4,33) 747
Sa(2,3,33) 748
Sa(3,1,33) 749
Sa(4,4,33) 750
Sa(5,3,33) 751
Sa(0,2,34) 752
Sa(1,4,34) 753
Sa(2,3,34) 754
Sa(3,1,34) 755
Sa(4,4,34) 756
Sa(5,3,34) 757
Sa(0,2,35) 758
Sa(1,4,35) 759
Sa(2,3,35) 760
Sa(3,1,35) 761
Sa(4,4,35) 762
Sa(5,3,35) 763
Sa(0,2,36) 764
Sa(1,4,36) 765
Sa(2,3,36) 766
Sa(3,1,36) 767
Sa(4,4,36) 768
Sa(5,3,36) 769
Sa(0,2,37) 770
Sa(1,4,37) 771
Sa(2,3,37) 772
Sa(3,1,37) 773
Sa(4,4,37) 774
Sa(5,3,37) 775
Sa(0,2,38) 776
Sa(1,4,38) 777
Sa(2,3,38) 778
Sa(3,1,38) 779
Sa(4,4,38) 780
Sa(5,3,38) 781
Sa(0,2,39) 782
Sa(1,4,39) 783
Sa(2,3,39) 784
Sa(3,1,39) 785
Sa(4,4,39) 786
Sa(5,3,39) 787
Eb(0,2,23) 788
Sa(0,2,1) 789
Sa(0,2,0) 790
Sa(0,2,2) 791
Eb(0,2,0) 792
Eb(0,2,1) 793
Eb(0,2,2) 794
Eb(0,2,3) 795
Eb(0,2,4) 796
Eb(0,2,5) 797
Eb(0,2,6) 798
Eb(0,2,7) 799
Eb(0,2,8) 800
Eb(0,2,9) 801
Eb(0,2,10) 802
Eb(0,2,11) 803
Eb(0,2,12) 804
Eb(0,2,13) 805
Eb(0,2,14) 806
Eb(0,2,15) 807
Eb(0,2,16) 808
Eb(0,2,17) 809
Eb(0,2,18) 810
Eb(0,2,19) 811
Eb(0,2,20) 812
Eb(0,2,21) 813
Eb(0,2,22) 814
Eb(0,2,24) 815
Eb(0,2,25) 816
Eb(0,2,26) 817
Eb(0,2,27) 818
Eb(0,2,28) 819
Eb(0,2,29) 820
Eb(0,2,30) 821
Eb(0,2,31) 822
Eb(0,2,32) 823
Eb(0,2,33) 824
Eb(0,2,34) 825
Eb(0,2,35) 826
Eb(0,2,36) 827
Eb(0,2,37) 828
Eb(0,2,38) 829
Eb(0,2,39) 830
Sa(0,3,6) 831
Sa(1,0,6) 832
Sa(2,4,6) 833
Sa(3,0,6) 834
Sa(4,1,6) 835
Sa(5,0,6) 836
Sa(0,3,7) 837
Sa(1,0,7) 838
Sa(2,4,7) 839
Sa(3,0,7) 840
Sa(4,1,7) 841
Sa(5,0,7) 842
Sa(0,3,8) 843
Sa(1,0,8) 844
Sa(2,4,8) 845
Sa(3,0,8) 846
Sa(4,1,8) 847
Sa(5,0,8) 848
Sa(0,3,9) 849
Sa(1,0,9) 850
Sa(2,4,9) 851
Sa(3,0,9) 852
Sa(4,1,9) 853
Sa(5,0,9) 854
Sa(0,3,10) 855
Sa(1,0,10) 856
Sa(2,4,10) 857
Sa(3,0,10) 858
Sa(4,1,10) 859
Sa(5,0,10) 860
Sa(0,3,11) 861
Sa(1,0,11) 862
Sa(2,4,11) 863
Sa(3,0,11) 864
Sa(4,1,11) 865
Sa(5,0,11) 866
Sa(0,3,12) 867
Sa(1,0,12) 868
Sa(2,4,12) 869
Sa(3,0,12) 870
Sa(4,1,12) 871
Sa(5,0,12) 872
Sa(0,3,13) 873
Sa(1,0,13) 874
Sa(2,4,13) 875
Sa(3,0,13) 876
Sa(4,1,13) 877
Sa(5,0,13) 878
Sa(0,3,14) 879
Sa(1,0,14) 880
Sa(2,4,14) 881
Sa(3,0,14) 882
Sa(4,1,14) 883
Sa(5,0,14) 884
Sa(0,3,15) 885
Sa(1,0,15) 886
Sa(2,4,15) 887
Sa(3,0,15) 888
Sa(4,1,15) 889
Sa(5,0,15) 890
Sa(0,3,16) 891
Sa(1,0,16) 892
Sa(2,4,16) 893
Sa(3,0,16) 894
Sa(4,1,16) 895
Sa(5,0,16) 896
Sa(0,3,17) 897
Sa(1,0,17) 898
Sa(2,4,17) 899
Sa(3,0,17) 900
Sa(4,1,17) 901
Sa(5,0,17) 902
Sa(0,3,18) 903
Sa(1,0,18) 904
Sa(2,4,18) 905
Sa(3,0,18) 906
Sa(4,1,18) 907
Sa(5,0,18) 908
Sa(0,3,19) 909
Sa(1,0,19) 910
Sa(2,4,19) 911
Sa(3,0,19) 912
Sa(4,1,19) 913
Sa(5,0,19) 914
Sa(0,3,20) 915
Sa(1,0,20) 916
Sa(2,4,20) 917
Sa(3,0,20) 918
Sa(4,1,20) 919
Sa(5,0,20) 920
Sa(0,3,21) 921
Sa(1,0,21) 922
Sa(2,4,21) 923
Sa(3,0,21) 924
Sa(4,1,21) 925
Sa(5,0,21) 926
Sa(0,3,22) 927
Sa(1,0,22) 928
Sa(2,4,22) 929
Sa(3,0,22) 930
Sa(4,1,22) 931
Sa(5,0,22) 932
Sa(0,3,23) 933
Sa(1,0,23) 934
Sa(2,4,23) 935
Sa(3,0,23) 936
Sa(4,1,23) 937
Sa(5,0,23) 938
Sa(0,3,24) 939
Sa(1,0,24) 940
Sa(2,4,24) 941
Sa(3,0,24) 942
Sa(4,1,24) 943
Sa(5,0,24) 944
Sa(0,3,25) 945
Sa(1,0,25) 946
Sa(2,4,25) 947
Sa(3,0,25) 948
Sa(4,1,25) 949
Sa(5,0,25) 950
Sa(0,3,26) 951
Sa(1,0,26) 952
Sa(2,4,26) 953
Sa(3,0,26) 954
Sa(4,1,26) 955
Sa(5,0,26) 956
Sa(0,3,27) 957
Sa(1,0,27) 958
Sa(2,4,27) 959
Sa(3,0,27) 960
Sa(4,1,27) 961
Sa(5,0,27) 962
Sa(0,3,28) 963
Sa(1,0,28) 964
Sa(2,4,28) 965
Sa(3,0,28) 966
Sa(4,1,28) 967
Sa(5,0,28) 968
Sa(0,3,29) 969
Sa(1,0,29) 970
Sa(2,4,29) 971
Sa(3,0,29) 972
Sa(4,1,29) 973
Sa(5,0,29) 974
Sa(0,3,30) 975
Sa(1,0,30) 976
Sa(2,4,30) 977
Sa(3,0,30) 978
Sa(4,1,30) 979
Sa(5,0,30) 980
Sa(0,3,31) 981
Sa(1,0,31) 982
Sa(2,4,31) 983
Sa(3,0,31) 984
Sa(4,1,31) 985
Sa(5,0,31) 986
Sa(0,3,32) 987
Sa(1,0,32) 988
Sa(2,4,32) 989
Sa(3,0,32) 990
Sa(4,1,32) 991
Sa(5,0,32) 992
Sa(0,3,33) 993
Sa(1,0,33) 994
Sa(2,4,33) 995
Sa(3,0,33) 996
Sa(4,1,33) 997
Sa(5,0,33) 998
Sa(0,3,34) 999
Sa(1,0,34) 1000
Sa(2,4,34) 1001
Sa(3,0,34) 1002
Sa(4,1,34) 1003
Sa(5,0,34) 1004
Sa(0,3,35) 1005
Sa(1,0,35) 1006
Sa(2,4,35) 1007
Sa(3,0,35) 1008
Sa(4,1,35) 1009
Sa(5,0,35) 1010
Sa(0,3,36) 1011
Sa(1,0,36) 1012
Sa(2,4,36) 1013
Sa(3,0,36) 1014
Sa(4,1,36) 1015
Sa(5,0,36) 1016
Sa(0,3,37) 1017
Sa(1,0,37) 1018
Sa(2,4,37) 1019
Sa(3,0,37) 1020
Sa(4,1,37) 1021
Sa(5,0,37) 1022
Sa(0,3,38) 1023
Sa(1,0,38) 1024
Sa(2,4,38) 1025
Sa(3,0,38) 1026
Sa(4,1,38) 1027
Sa(5,0,38) 1028
Sa(0,3,39) 1029
Sa(1,0,39) 1030
Sa(2,4,39) 1031
Sa(3,0,39) 1032
Sa(4,1,39) 1033
Sa(5,0,39) 1034
Eb(0,3,30) 1035
Sa(0,3,1) 1036
Sa(0,3,0) 1037
Sa(0,3,2) 1038
Sa(0,3,3) 1039
Sa(0,3,4) 1040
Sa(0,3,5) 1041
Eb(0,3,0) 1042
Eb(0,3,1) 1043
Eb(0,3,2) 1044
Eb(0,3,3) 1045
Eb(0,3,4) 1046
Eb(0,3,5) 1047
Eb(0,3,6) 1048
Eb(0,3,7) 1049
Eb(0,3,8) 1050
Eb(0,3,9) 1051
Eb(0,3,10) 1052
Eb(0,3,11) 1053
Eb(0,3,12) 1054
Eb(0,3,13) 1055
Eb(0,3,14) 1056
Eb(0,3,15) 1057
Eb(0,3,16) 1058
Eb(0,3,17) 1059
Eb(0,3,18) 1060
Eb(0,3,19) 1061
Eb(0,3,20) 1062
Eb(0,3,21) 1063
Eb(0,3,22) 1064
Eb(0,3,23) 1065
Eb(0,3,24) 1066
Eb(0,3,25) 1067
Eb(0,3,26) 1068
Eb(0,3,27) 1069
Eb(0,3,28) 1070
Eb(0,3,29) 1071
Eb(0,3,31) 1072
Eb(0,3,32) 1073
Eb(0,3,33) 1074
Eb(0,3,34) 1075
Eb(0,3,35) 1076
Eb(0,3,36) 1077
Eb(0,3,37) 1078
Eb(0,3,38) 1079
Eb(0,3,39) 1080
Sa(0,4,7) 1081
Sa(1,5,7) 1082
Sa(2,1,7) 1083
Sa(3,3,7) 1084
Sa(4,5,7) 1085
Sa(5,1,7) 1086
Sa(0,4,8) 1087
Sa(1,5,8) 1088
Sa(2,1,8) 1089
Sa(3,3,8) 1090
Sa(4,5,8) 1091
Sa(5,1,8) 1092
Sa(0,4,9) 1093
Sa(1,5,9) 1094
Sa(2,1,9) 1095
Sa(3,3,9) 1096
Sa(4,5,9) 1097
Sa(5,1,9) 1098
Sa(0,4,10) 1099
Sa(1,5,10) 1100
Sa(2,1,10) 1101
Sa(3,3,10) 1102
Sa(4,5,10) 1103
Sa(5,1,10) 1104
Sa(0,4,11) 1105
Sa(1,5,11) 1106
Sa(2,1,11) 1107
Sa(3,3,11) 1108
Sa(4,5,11) 1109
Sa(5,1,11) 1110
Sa(0,4,12) 1111
Sa(1,5,12) 1112
Sa(2,1,12) 1113
Sa(3,3,12) 1114
Sa(4,5,12) 1115
Sa(5,1,12) 1116
Sa(0,4,13) 1117
Sa(1,5,13) 1118
Sa(2,1,13) 1119
Sa(3,3,13) 1120
Sa(4,5,13) 1121
Sa(5,1,13) 1122
Sa(0,4,14) 1123
Sa(1,5,14) 1124
Sa(2,1,14) 1125
Sa(3,3,14) 1126
Sa(4,5,14) 1127
Sa(5,1,14) 1128
Sa(0,4,15) 1129
Sa(1,5,15) 1130
Sa(2,1,15) 1131
Sa(3,3,15) 1132
Sa(4,5,15) 1133
Sa(5,1,15) 1134
Sa(0,4,16) 1135
Sa(1,5,16) 1136
Sa(2,1,16) 1137
Sa(3,3,16) 1138
Sa(4,5,16) 1139
Sa(5,1,16) 1140
Sa(0,4,17) 1141
Sa(1,5,17) 1142
Sa(2,1,17) 1143
Sa(3,3,17) 1144
Sa(4,5,17) 1145
Sa(5,1,17) 1146
Sa(0,4,18) 1147
Sa(1,5,18) 1148
Sa(2,1,18) 1149
Sa(3,3,18) 1150
Sa(4,5,18) 1151
Sa(5,1,18) 1152
Sa(0,4,19) 1153
Sa(1,5,19) 1154
Sa(2,1,19) 1155
Sa(3,3,19) 1156
Sa(4,5,19) 1157
Sa(5,1,19) 1158
Sa(0,4,20) 1159
Sa(1,5,20) 1160
Sa(2,1,20) 1161
Sa(3,3,20) 1162
Sa(4,5,20) 1163
Sa(5,1,20) 1164
Sa(0,4,21) 1165
Sa(1,5,21) 1166
Sa(2,1,21) 1167
Sa(3,3,21) 1168
Sa(4,5,21) 1169
Sa(5,1,21) 1170
Sa(0,4,22) 1171
Sa(1,5,22) 1172
Sa(2,1,22) 1173
Sa(3,3,22) 1174
Sa(4,5,22) 1175
Sa(5,1,22) 1176
Sa(0,4,23) 1177
Sa(1,5,23) 1178
Sa(2,1,23) 1179
Sa(3,3,23) 1180
Sa(4,5,23) 1181
Sa(5,1,23) 1182
Sa(0,4,24) 1183
Sa(1,5,24) 1184
Sa(2,1,24) 1185
Sa(3,3,24) 1186
Sa(4,5,24) 1187
Sa(5,1,24) 1188
Sa(0,4,25) 1189
Sa(1,5,25) 1190
Sa(2,1,25) 1191
Sa(3,3,25) 1192
Sa(4,5,25) 1193
Sa(5,1,25) 1194
Sa(0,4,26) 1195
Sa(1,5,26) 1196
Sa(2,1,26) 1197
Sa(3,3,26) 1198
Sa(4,5,26) 1199
Sa(5,1,26) 1200
Sa(0,4,27) 1201
Sa(1,5,27) 1202
Sa(2,1,27) 1203
Sa(3,3,27) 1204
Sa(4,5,27) 1205
Sa(5,1,27) 1206
Sa(0,4,28) 1207
Sa(1,5,28) 1208
Sa(2,1,28) 1209
Sa(3,3,28) 1210
Sa(4,5,28) 1211
Sa(5,1,28) 1212
Sa(0,4,29) 1213
Sa(1,5,29) 1214
Sa(2,1,29) 1215
Sa(3,3,29) 1216
Sa(4,5,29) 1217
Sa(5,1,29) 1218
Sa(0,4,30) 1219
Sa(1,5,30) 1220
Sa(2,1,30) 1221
Sa(3,3,30) 1222
Sa(4,5,30) 1223
Sa(5,1,30) 1224
Sa(0,4,31) 1225
Sa(1,5,31) 1226
Sa(2,1,31) 1227
Sa(3,3,31) 1228
Sa(4,5,31) 1229
Sa(5,1,31) 1230
Sa(0,4,32) 1231
Sa(1,5,32) 1232
Sa(2,1,32) 1233
Sa(3,3,32) 1234
Sa(4,5,32) 1235
Sa(5,1,32) 1236
Sa(0,4,33) 1237
Sa(1,5,33) 1238
Sa(2,1,33) 1239
Sa(3,3,33) 1240
Sa(4,5,33) 1241
Sa(5,1,33) 1242
Sa(0,4,34) 1243
Sa(1,5,34) 1244
Sa(2,1,34) 1245
Sa(3,3,34) 1246
Sa(4,5,34) 1247
Sa(5,1,34) 1248
Sa(0,4,35) 1249
Sa(1,5,35) 1250
Sa(2,1,35) 1251
Sa(3,3,35) 1252
Sa(4,5,35) 1253
Sa(5,1,35) 1254
Sa(0,4,36) 1255
Sa(1,5,36) 1256
Sa(2,1,36) 1257
Sa(3,3,36) 1258
Sa(4,5,36) 1259
Sa(5,1,36) 1260
Sa(0,4,37) 1261
Sa(1,5,37) 1262
Sa(2,1,37) 1263
Sa(3,3,37) 1264
Sa(4,5,37) 1265
Sa(5,1,37) 1266
Sa(0,4,38) 1267
Sa(1,5,38) 1268
Sa(2,1,38) 1269
Sa(3,3,38) 1270
Sa(4,5,38) 1271
Sa(5,1,38) 1272
Sa(0,4,39) 1273
Sa(1,5,39) 1274
Sa(2,1,39) 1275
Sa(3,3,39) 1276
Sa(4,5,39) 1277
Sa(5,1,39) 1278
Eb(0,4,33) 1279
Sa(0,4,1) 1280
Sa(0,4,0) 1281
Sa(0,4,2) 1282
Sa(0,4,3) 1283
Sa(0,4,4) 1284
Sa(0,4,5) 1285
Sa(0,4,6) 1286
Eb(0,4,0) 1287
Eb(0,4,1) 1288
Eb(0,4,2) 1289
Eb(0,4,3) 1290
Eb(0,4,4) 1291
Eb(0,4,5) 1292
Eb(0,4,6) 1293
Eb(0,4,7) 1294
Eb(0,4,8) 1295
Eb(0,4,9) 1296
Eb(0,4,10) 1297
Eb(0,4,11) 1298
Eb(0,4,12) 1299
Eb(0,4,13) 1300
Eb(0,4,14) 1301
Eb(0,4,15) 1302
Eb(0,4,16) 1303
Eb(0,4,17) 1304
Eb(0,4,18) 1305
Eb(0,4,19) 1306
Eb(0,4,20) 1307
Eb(0,4,21) 1308
Eb(0,4,22) 1309
Eb(0,4,23) 1310
Eb(0,4,24) 1311
Eb(0,4,25) 1312
Eb(0,4,26) 1313
Eb(0,4,27) 1314
Eb(0,4,28) 1315
Eb(0,4,29) 1316
Eb(0,4,30) 1317
Eb(0,4,31) 1318
Eb(0,4,32) 1319
Eb(0,4,34) 1320
Eb(0,4,35) 1321
Eb(0,4,36) 1322
Eb(0,4,37) 1323
Eb(0,4,38) 1324
Eb(0,4,39) 1325
Sa(0,5,3) 1326
Sa(1,3,3) 1327
Sa(2,2,3) 1328
Sa(3,5,3) 1329
Sa(4,3,3) 1330
Sa(5,2,3) 1331
Sa(0,5,4) 1332
Sa(1,3,4) 1333
Sa(2,2,4) 1334
Sa(3,5,4) 1335
Sa(4,3,4) 1336
Sa(5,2,4) 1337
Sa(0,5,5) 1338
Sa(1,3,5) 1339
Sa(2,2,5) 1340
Sa(3,5,5) 1341
Sa(4,3,5) 1342
Sa(5,2,5) 1343
Sa(0,5,6) 1344
Sa(1,3,6) 1345
Sa(2,2,6) 1346
Sa(3,5,6) 1347
Sa(4,3,6) 1348
Sa(5,2,6) 1349
Sa(0,5,7) 1350
Sa(1,3,7) 1351
Sa(2,2,7) 1352
Sa(3,5,7) 1353
Sa(4,3,7) 1354
Sa(5,2,7) 1355
Sa(0,5,8) 1356
Sa(1,3,8) 1357
Sa(2,2,8) 1358
Sa(3,5,8) 1359
Sa(4,3,8) 1360
Sa(5,2,8) 1361
Sa(0,5,9) 1362
Sa(1,3,9) 1363
Sa(2,2,9) 1364
Sa(3,5,9) 1365
Sa(4,3,9) 1366
Sa(5,2,9) 1367
Sa(0,5,10) 1368
Sa(1,3,10) 1369
Sa(2,2,10) 1370
Sa(3,5,10) 1371
Sa(4,3,10) 1372
Sa(5,2,10) 1373
Sa(0,5,11) 1374
Sa(1,3,11) 1375
Sa(2,2,11) 1376
Sa(3,5,11) 1377
Sa(4,3,11) 1378
Sa(5,2,11) 1379
Sa(0,5,12) 1380
Sa(1,3,12) 1381
Sa(2,2,12) 1382
Sa(3,5,12) 1383
Sa(4,3,12) 1384
Sa(5,2,12) 1385
Sa(0,5,13) 1386
Sa(1,3,13) 1387
Sa(2,2,13) 1388
Sa(3,5,13) 1389
Sa(4,3,13) 1390
Sa(5,2,13) 1391
Sa(0,5,14) 1392
Sa(1,3,14) 1393
Sa(2,2,14) 1394
Sa(3,5,14) 1395
Sa(4,3,14) 1396
Sa(5,2,14) 1397
Sa(0,5,15) 1398
Sa(1,3,15) 1399
Sa(2,2,15) 1400
Sa(3,5,15) 1401
Sa(4,3,15) 1402
Sa(5,2,15) 1403
Sa(0,5,16) 1404
Sa(1,3,16) 1405
Sa(2,2,16) 1406
Sa(3,5,16) 1407
Sa(4,3,16) 1408
Sa(5,2,16) 1409
Sa(0,5,17) 1410
Sa(1,3,17) 1411
Sa(2,2,17) 1412
Sa(3,5,17) 1413
Sa(4,3,17) 1414
Sa(5,2,17) 1415
Sa(0,5,18) 1416
Sa(1,3,18) 1417
Sa(2,2,18) 1418
Sa(3,5,18) 1419
Sa(4,3,18) 1420
Sa(5,2,18) 1421
Sa(0,5,19) 1422
Sa(1,3,19) 1423
Sa(2,2,19) 1424
Sa(3,5,19) 1425
Sa(4,3,19) 1426
Sa(5,2,19) 1427
Sa(0,5,20) 1428
Sa(1,3,20) 1429
Sa(2,2,20) 1430
Sa(3,5,20) 1431
Sa(4,3,20) 1432
Sa(5,2,20) 1433
Sa(0,5,21) 1434
Sa(1,3,21) 1435
Sa(2,2,21) 1436
Sa(3,5,21) 1437
Sa(4,3,21) 1438
Sa(5,2,21) 1439
Sa(0,5,22) 1440
Sa(1,3,22) 1441
Sa(2,2,22) 1442
Sa(3,5,22) 1443
Sa(4,3,22) 1444
Sa(5,2,22) 1445
Sa(0,5,23) 1446
Sa(1,3,23) 1447
Sa(2,2,23) 1448
Sa(3,5,23) 1449
Sa(4,3,23) 1450
Sa(5,2,23) 1451
Sa(0,5,24) 1452
Sa(1,3,24) 1453
Sa(2,2,24) 1454
Sa(3,5,24) 1455
Sa(4,3,24) 1456
Sa(5,2,24) 1457
Sa(0,5,25) 1458
Sa(1,3,25) 1459
Sa(2,2,25) 1460
Sa(3,5,25) 1461
Sa(4,3,25) 1462
Sa(5,2,25) 1463
Sa(0,5,26) 1464
Sa(1,3,26) 1465
Sa(2,2,26) 1466
Sa(3,5,26) 1467
Sa(4,3,26) 1468
Sa(5,2,26) 1469
Sa(0,5,27) 1470
Sa(1,3,27) 1471
Sa(2,2,27) 1472
Sa(3,5,27) 1473
Sa(4,3,27) 1474
Sa(5,2,27) 1475
Sa(0,5,28) 1476
Sa(1,3,28) 1477
Sa(2,2,28) 1478
Sa(3,5,28) 1479
Sa(4,3,28) 1480
Sa(5,2,28) 1481
Sa(0,5,29) 1482
Sa(1,3,29) 1483
Sa(2,2,29) 1484
Sa(3,5,29) 1485
Sa(4,3,29) 1486
Sa(5,2,29) 1487
Sa(0,5,30) 1488
Sa(1,3,30) 1489
Sa(2,2,30) 1490
Sa(3,5,30) 1491
Sa(4,3,30) 1492
Sa(5,2,30) 1493
Sa(0,5,31) 1494
Sa(1,3,31) 1495
Sa(2,2,31) 1496
Sa(3,5,31) 1497
Sa(4,3,31) 1498
Sa(5,2,31) 1499
Sa(0,5,32) 1500
Sa(1,3,32) 1501
Sa(2,2,32) 1502
Sa(3,5,32) 1503
Sa(4,3,32) 1504
Sa(5,2,32) 1505
Sa(0,5,33) 1506
Sa(1,3,33) 1507
Sa(2,2,33) 1508
Sa(3,5,33) 1509
Sa(4,3,33) 1510
Sa(5,2,33) 1511
Sa(0,5,34) 1512
Sa(1,3,34) 1513
Sa(2,2,34) 1514
Sa(3,5,34) 1515
Sa(4,3,34) 1516
Sa(5,2,34) 1517
Sa(0,5,35) 1518
Sa(1,3,35) 1519
Sa(2,2,35) 1520
Sa(3,5,35) 1521
Sa(4,3,35) 1522
Sa(5,2,35) 1523
Sa(0,5,36) 1524
Sa(1,3,36) 1525
Sa(2,2,36) 1526
Sa(3,5,36) 1527
Sa(4,3,36) 1528
Sa(5,2,36) 1529
Sa(0,5,37) 1530
Sa(1,3,37) 1531
Sa(2,2,37) 1532
Sa(3,5,37) 1533
Sa(4,3,37) 1534
Sa(5,2,37) 1535
Sa(0,5,38) 1536
Sa(1,3,38) 1537
Sa(2,2,38) 1538
Sa(3,5,38) 1539
Sa(4,3,38) 1540
Sa(5,2,38) 1541
Sa(0,5,39) 1542
Sa(1,3,39) 1543
Sa(2,2,39) 1544
Sa(3,5,39) 1545
Sa(4,3,39) 1546
Sa(5,2,39) 1547
Eb(0,5,39) 1548
Sa(0,5,1) 1549
Sa(0,5,0) 1550
Sa(0,5,2) 1551
Eb(0,5,0) 1552
Eb(0,5,1) 1553
Eb(0,5,2) 1554
Eb(0,5,3) 1555
Eb(0,5,4) 1556
Eb(0,5,5) 1557
Eb(0,5,6) 1558
Eb(0,5,7) 1559
Eb(0,5,8) 1560
Eb(0,5,9) 1561
Eb(0,5,10) 1562
Eb(0,5,11) 1563
Eb(0,5,12) 1564
Eb(0,5,13) 1565
Eb(0,5,14) 1566
Eb(0,5,15) 1567
Eb(0,5,16) 1568
Eb(0,5,17) 1569
Eb(0,5,18) 1570
Eb(0,5,19) 1571
Eb(0,5,20) 1572
Eb(0,5,21) 1573
Eb(0,5,22) 1574
Eb(0,5,23) 1575
Eb(0,5,24) 1576
Eb(0,5,25) 1577
Eb(0,5,26) 1578
Eb(0,5,27) 1579
Eb(0,5,28) 1580
Eb(0,5,29) 1581
Eb(0,5,30) 1582
Eb(0,5,31) 1583
Eb(0,5,32) 1584
Eb(0,5,33) 1585
Eb(0,5,34) 1586
Eb(0,5,35) 1587
Eb(0,5,36) 1588
Eb(0,5,37) 1589
Eb(0,5,38) 1590
Sa(1,2,6) 1591
Sa(2,5,6) 1592
Sa(3,4,6) 1593
Sa(4,2,6) 1594
Sa(5,4,6) 1595
Sa(1,2,7) 1596
Sa(2,5,7) 1597
Sa(3,4,7) 1598
Sa(4,2,7) 1599
Sa(5,4,7) 1600
Sa(1,2,8) 1601
Sa(2,5,8) 1602
Sa(3,4,8) 1603
Sa(4,2,8) 1604
Sa(5,4,8) 1605
Sa(1,2,9) 1606
Sa(2,5,9) 1607
Sa(3,4,9) 1608
Sa(4,2,9) 1609
Sa(5,4,9) 1610
Sa(1,2,10) 1611
Sa(2,5,10) 1612
Sa(3,4,10) 1613
Sa(4,2,10) 1614
Sa(5,4,10) 1615
Sa(1,2,11) 1616
Sa(2,5,11) 1617
Sa(3,4,11) 1618
Sa(4,2,11) 1619
Sa(5,4,11) 1620
Sa(1,2,12) 1621
Sa(2,5,12) 1622
Sa(3,4,12) 1623
Sa(4,2,12) 1624
Sa(5,4,12) 1625
Sa(1,2,13) 1626
Sa(2,5,13) 1627
Sa(3,4,13) 1628
Sa(4,2,13) 1629
Sa(5,4,13) 1630
Sa(1,2,14) 1631
Sa(2,5,14) 1632
Sa(3,4,14) 1633
Sa(4,2,14) 1634
Sa(5,4,14) 1635
Sa(1,2,15) 1636
Sa(2,5,15) 1637
Sa(3,4,15) 1638
Sa(4,2,15) 1639
Sa(5,4,15) 1640
Sa(1,2,16) 1641
Sa(2,5,16) 1642
Sa(3,4,16) 1643
Sa(4,2,16) 1644
Sa(5,4,16) 1645
Sa(1,2,17) 1646
Sa(2,5,17) 1647
Sa(3,4,17) 1648
Sa(4,2,17) 1649
Sa(5,4,17) 1650
Sa(1,2,18) 1651
Sa(2,5,18) 1652
Sa(3,4,18) 1653
Sa(4,2,18) 1654
Sa(5,4,18) 1655
Sa(1,2,19) 1656
Sa(2,5,19) 1657
Sa(3,4,19) 1658
Sa(4,2,19) 1659
Sa(5,4,19) 1660
Sa(1,2,20) 1661
Sa(2,5,20) 1662
Sa(3,4,20) 1663
Sa(4,2,20) 1664
Sa(5,4,20) 1665
Sa(1,2,21) 1666
Sa(2,5,21) 1667
Sa(3,4,21) 1668
Sa(4,2,21) 1669
Sa(5,4,21) 1670
Sa(1,2,22) 1671
Sa(2,5,22) 1672
Sa(3,4,22) 1673
Sa(4,2,22) 1674
Sa(5,4,22) 1675
Sa(1,2,23) 1676
Sa(2,5,23) 1677
Sa(3,4,23) 1678
Sa(4,2,23) 1679
Sa(5,4,23) 1680
Sa(1,2,24) 1681
Sa(2,5,24) 1682
Sa(3,4,24) 1683
Sa(4,2,24) 1684
Sa(5,4,24) 1685
Sa(1,2,25) 1686
Sa(2,5,25) 1687
Sa(3,4,25) 1688
Sa(4,2,25) 1689
Sa(5,4,25) 1690
Sa(1,2,26) 1691
Sa(2,5,26) 1692
Sa(3,4,26) 1693
Sa(4,2,26) 1694
Sa(5,4,26) 1695
Sa(1,2,27) 1696
Sa(2,5,27) 1697
Sa(3,4,27) 1698
Sa(4,2,27) 1699
Sa(5,4,27) 1700
Sa(1,2,28) 1701
Sa(2,5,28) 1702
Sa(3,4,28) 1703
Sa(4,2,28) 1704
Sa(5,4,28) 1705
Sa(1,2,29) 1706
Sa(2,5,29) 1707
Sa(3,4,29) 1708
Sa(4,2,29) 1709
Sa(5,4,29) 1710
Sa(1,2,30) 1711
Sa(2,5,30) 1712
Sa(3,4,30) 1713
Sa(4,2,30) 1714
Sa(5,4,30) 1715
Sa(1,2,31) 1716
Sa(2,5,31) 1717
Sa(3,4,31) 1718
Sa(4,2,31) 1719
Sa(5,4,31) 1720
Sa(1,2,32) 1721
Sa(2,5,32) 1722
Sa(3,4,32) 1723
Sa(4,2,32) 1724
Sa(5,4,32) 1725
Sa(1,2,33) 1726
Sa(2,5,33) 1727
Sa(3,4,33) 1728
Sa(4,2,33) 1729
Sa(5,4,33) 1730
Sa(1,2,34) 1731
Sa(2,5,34) 1732
Sa(3,4,34) 1733
Sa(4,2,34) 1734
Sa(5,4,34) 1735
Sa(1,2,35) 1736
Sa(2,5,35) 1737
Sa(3,4,35) 1738
Sa(4,2,35) 1739
Sa(5,4,35) 1740
Sa(1,2,36) 1741
Sa(2,5,36) 1742
Sa(3,4,36) 1743
Sa(4,2,36) 1744
Sa(5,4,36) 1745
Sa(1,2,37) 1746
Sa(2,5,37) 1747
Sa(3,4,37) 1748
Sa(4,2,37) 1749
Sa(5,4,37) 1750
Sa(1,2,38) 1751
Sa(2,5,38) 1752
Sa(3,4,38) 1753
Sa(4,2,38) 1754
Sa(5,4,38) 1755
Sa(1,2,39) 1756
Sa(2,5,39) 1757
Sa(3,4,39) 1758
Sa(4,2,39) 1759
Sa(5,4,39) 1760
Sa(1,0,0) 1761
Eb(1,0,0) 1762
Sa(1,0,1) 1763
Sa(1,0,2) 1764
Sa(1,0,3) 1765
Sa(1,0,4) 1766
Sa(1,0,5) 1767
Eb(1,0,1) 1768
Eb(1,0,2) 1769
Eb(1,0,3) 1770
Eb(1,0,4) 1771
Eb(1,0,5) 1772
Eb(1,0,6) 1773
Eb(1,0,7) 1774
Eb(1,0,8) 1775
Eb(1,0,9) 1776
Eb(1,0,10) 1777
Eb(1,0,11) 1778
Eb(1,0,12) 1779
Eb(1,0,13) 1780
Eb(1,0,14) 1781
Eb(1,0,15) 1782
Eb(1,0,16) 1783
Eb(1,0,17) 1784
Eb(1,0,18) 1785
Eb(1,0,19) 1786
Eb(1,0,20) 1787
Eb(1,0,21) 1788
Eb(1,0,22) 1789
Eb(1,0,23) 1790
Eb(1,0,24) 1791
Eb(1,0,25) 1792
Eb(1,0,26) 1793
Eb(1,0,27) 1794
Eb(1,0,28) 1795
Eb(1,0,29) 1796
Eb(1,0,30) 1797
Eb(1,0,31) 1798
Eb(1,0,32) 1799
Eb(1,0,33) 1800
Eb(1,0,34) 1801
Eb(1,0,35) 1802
Eb(1,0,36) 1803
Eb(1,0,37) 1804
Eb(1,0,38) 1805
Eb(1,0,39) 1806
Eb(1,1,5) 1807
Sa(1,1,0) 1808
Eb(1,1,0) 1809
Eb(1,1,1) 1810
Eb(1,1,2) 1811
Eb(1,1,3) 1812
Eb(1,1,4) 1813
Eb(1,1,6) 1814
Eb(1,1,7) 1815
Eb(1,1,8) 1816
Eb(1,1,9) 1817
Eb(1,1,10) 1818
Eb(1,1,11) 1819
Eb(1,1,12) 1820
Eb(1,1,13) 1821
Eb(1,1,14) 1822
Eb(1,1,15) 1823
Eb(1,1,16) 1824
Eb(1,1,17) 1825
Eb(1,1,18) 1826
Eb(1,1,19) 1827
Eb(1,1,20) 1828
Eb(1,1,21) 1829
Eb(1,1,22) 1830
Eb(1,1,23) 1831
Eb(1,1,24) 1832
Eb(1,1,25) 1833
Eb(1,1,26) 1834
Eb(1,1,27) 1835
Eb(1,1,28) 1836
Eb(1,1,29) 1837
Eb(1,1,30) 1838
Eb(1,1,31) 1839
Eb(1,1,32) 1840
Eb(1,1,33) 1841
Eb(1,1,34) 1842
Eb(1,1,35) 1843
Eb(1,1,36) 1844
Eb(1,1,37) 1845
Eb(1,1,38) 1846
Eb(1,1,39) 1847
Sa(1,2,5) 1848
Eb(1,2,15) 1849
Sa(1,2,1) 1850
Sa(1,2,0) 1851
Sa(1,2,2) 1852
Sa(1,2,3) 1853
Sa(1,2,4) 1854
Eb(1,2,0) 1855
Eb(1,2,1) 1856
Eb(1,2,2) 1857
Eb(1,2,3) 1858
Eb(1,2,4) 1859
Eb(1,2,5) 1860
Eb(1,2,6) 1861
Eb(1,2,7) 1862
Eb(1,2,8) 1863
Eb(1,2,9) 1864
Eb(1,2,10) 1865
Eb(1,2,11) 1866
Eb(1,2,12) 1867
Eb(1,2,13) 1868
Eb(1,2,14) 1869
Eb(1,2,16) 1870
Eb(1,2,17) 1871
Eb(1,2,18) 1872
Eb(1,2,19) 1873
Eb(1,2,20) 1874
Eb(1,2,21) 1875
Eb(1,2,22) 1876
Eb(1,2,23) 1877
Eb(1,2,24) 1878
Eb(1,2,25) 1879
Eb(1,2,26) 1880
Eb(1,2,27) 1881
Eb(1,2,28) 1882
Eb(1,2,29) 1883
Eb(1,2,30) 1884
Eb(1,2,31) 1885
Eb(1,2,32) 1886
Eb(1,2,33) 1887
Eb(1,2,34) 1888
Eb(1,2,35) 1889
Eb(1,2,36) 1890
Eb(1,2,37) 1891
Eb(1,2,38) 1892
Eb(1,2,39) 1893
Eb(1,3,25) 1894
Sa(1,3,1) 1895
Sa(1,3,0) 1896
Sa(1,3,2) 1897
Eb(1,3,0) 1898
Eb(1,3,1) 1899
Eb(1,3,2) 1900
Eb(1,3,3) 1901
Eb(1,3,4) 1902
Eb(1,3,5) 1903
Eb(1,3,6) 1904
Eb(1,3,7) 1905
Eb(1,3,8) 1906
Eb(1,3,9) 1907
Eb(1,3,10) 1908
Eb(1,3,11) 1909
Eb(1,3,12) 1910
Eb(1,3,13) 1911
Eb(1,3,14) 1912
Eb(1,3,15) 1913
Eb(1,3,16) 1914
Eb(1,3,17) 1915
Eb(1,3,18) 1916
Eb(1,3,19) 1917
Eb(1,3,20) 1918
Eb(1,3,21) 1919
Eb(1,3,22) 1920
Eb(1,3,23) 1921
Eb(1,3,24) 1922
Eb(1,3,26) 1923
Eb(1,3,27) 1924
Eb(1,3,28) 1925
Eb(1,3,29) 1926
Eb(1,3,30) 1927
Eb(1,3,31) 1928
Eb(1,3,32) 1929
Eb(1,3,33) 1930
Eb(1,3,34) 1931
Eb(1,3,35) 1932
Eb(1,3,36) 1933
Eb(1,3,37) 1934
Eb(1,3,38) 1935
Eb(1,3,39) 1936
Eb(1,4,35) 1937
Sa(1,4,1) 1938
Sa(1,4,0) 1939
Sa(1,4,2) 1940
Eb(1,4,0) 1941
Eb(1,4,1) 1942
Eb(1,4,2) 1943
Eb(1,4,3) 1944
Eb(1,4,4) 1945
Eb(1,4,5) 1946
Eb(1,4,6) 1947
Eb(1,4,7) 1948
Eb(1,4,8) 1949
Eb(1,4,9) 1950
Eb(1,4,10) 1951
Eb(1,4,11) 1952
Eb(1,4,12) 1953
Eb(1,4,13) 1954
Eb(1,4,14) 1955
Eb(1,4,15) 1956
Eb(1,4,16) 1957
Eb(1,4,17) 1958
Eb(1,4,18) 1959
Eb(1,4,19) 1960
Eb(1,4,20) 1961
Eb(1,4,21) 1962
Eb(1,4,22) 1963
Eb(1,4,23) 1964
Eb(1,4,24) 1965
Eb(1,4,25) 1966
Eb(1,4,26) 1967
Eb(1,4,27) 1968
Eb(1,4,28) 1969
Eb(1,4,29) 1970
Eb(1,4,30) 1971
Eb(1,4,31) 1972
Eb(1,4,32) 1973
Eb(1,4,33) 1974
Eb(1,4,34) 1975
Eb(1,4,36) 1976
Eb(1,4,37) 1977
Eb(1,4,38) 1978
Eb(1,4,39) 1979
Sa(1,5,43) 1980
Eb(1,5,39) 1981
Sa(1,5,1) 1982
Sa(1,5,0) 1983
Sa(1,5,2) 1984
Sa(1,5,3) 1985
Sa(1,5,4) 1986
Sa(1,5,5) 1987
Sa(1,5,6) 1988
Eb(1,5,0) 1989
Eb(1,5,1) 1990
Eb(1,5,2) 1991
Eb(1,5,3) 1992
Eb(1,5,4) 1993
Eb(1,5,5) 1994
Eb(1,5,6) 1995
Eb(1,5,7) 1996
Eb(1,5,8) 1997
Eb(1,5,9) 1998
Eb(1,5,10) 1999
Eb(1,5,11) 2000
Eb(1,5,12) 2001
Eb(1,5,13) 2002
Eb(1,5,14) 2003
Eb(1,5,15) 2004
Eb(1,5,16) 2005
Eb(1,5,17) 2006
Eb(1,5,18) 2007
Eb(1,5,19) 2008
Eb(1,5,20) 2009
Eb(1,5,21) 2010
Eb(1,5,22) 2011
Eb(1,5,23) 2012
Eb(1,5,24) 2013
Eb(1,5,25) 2014
Eb(1,5,26) 2015
Eb(1,5,27) 2016
Eb(1,5,28) 2017
Eb(1,5,29) 2018
Eb(1,5,30) 2019
Eb(1,5,31) 2020
Eb(1,5,32) 2021
Eb(1,5,33) 2022
Eb(1,5,34) 2023
Eb(1,5,35) 2024
Eb(1,5,36) 2025
Eb(1,5,37) 2026
Eb(1,5,38) 2027
Sa(2,1,4) 2028
Sa(3,3,4) 2029
Sa(4,5,4) 2030
Sa(5,1,4) 2031
Sa(2,1,5) 2032
Sa(3,3,5) 2033
Sa(4,5,5) 2034
Sa(5,1,5) 2035
Sa(2,1,6) 2036
Sa(3,3,6) 2037
Sa(4,5,6) 2038
Sa(5,1,6) 2039
Sa(2,0,0) 2040
Eb(2,0,10) 2041
Eb(2,0,0) 2042
Eb(2,0,1) 2043
Eb(2,0,2) 2044
Eb(2,0,3) 2045
Eb(2,0,4) 2046
Eb(2,0,5) 2047
Eb(2,0,6) 2048
Eb(2,0,7) 2049
Eb(2,0,8) 2050
Eb(2,0,9) 2051
Eb(2,0,11) 2052
Eb(2,0,12) 2053
Eb(2,0,13) 2054
Eb(2,0,14) 2055
Eb(2,0,15) 2056
Eb(2,0,16) 2057
Eb(2,0,17) 2058
Eb(2,0,18) 2059
Eb(2,0,19) 2060
Eb(2,0,20) 2061
Eb(2,0,21) 2062
Eb(2,0,22) 2063
Eb(2,0,23) 2064
Eb(2,0,24) 2065
Eb(2,0,25) 2066
Eb(2,0,26) 2067
Eb(2,0,27) 2068
Eb(2,0,28) 2069
Eb(2,0,29) 2070
Eb(2,0,30) 2071
Eb(2,0,31) 2072
Eb(2,0,32) 2073
Eb(2,0,33) 2074
Eb(2,0,34) 2075
Eb(2,0,35) 2076
Eb(2,0,36) 2077
Eb(2,0,37) 2078
Eb(2,0,38) 2079
Eb(2,0,39) 2080
Eb(2,1,14) 2081
Sa(2,1,1) 2082
Sa(2,1,0) 2083
Sa(2,1,2) 2084
Sa(2,1,3) 2085
Eb(2,1,0) 2086
Eb(2,1,1) 2087
Eb(2,1,2) 2088
Eb(2,1,3) 2089
Eb(2,1,4) 2090
Eb(2,1,5) 2091
Eb(2,1,6) 2092
Eb(2,1,7) 2093
Eb(2,1,8) 2094
Eb(2,1,9) 2095
Eb(2,1,10) 2096
Eb(2,1,11) 2097
Eb(2,1,12) 2098
Eb(2,1,13) 2099
Eb(2,1,15) 2100
Eb(2,1,16) 2101
Eb(2,1,17) 2102
Eb(2,1,18) 2103
Eb(2,1,19) 2104
Eb(2,1,20) 2105
Eb(2,1,21) 2106
Eb(2,1,22) 2107
Eb(2,1,23) 2108
Eb(2,1,24) 2109
Eb(2,1,25) 2110
Eb(2,1,26) 2111
Eb(2,1,27) 2112
Eb(2,1,28) 2113
Eb(2,1,29) 2114
Eb(2,1,30) 2115
Eb(2,1,31) 2116
Eb(2,1,32) 2117
Eb(2,1,33) 2118
Eb(2,1,34) 2119
Eb(2,1,35) 2120
Eb(2,1,36) 2121
Eb(2,1,37) 2122
Eb(2,1,38) 2123
Eb(2,1,39) 2124
Eb(2,2,22) 2125
Sa(2,2,1) 2126
Sa(2,2,0) 2127
Sa(2,2,2) 2128
Eb(2,2,0) 2129
Eb(2,2,1) 2130
Eb(2,2,2) 2131
Eb(2,2,3) 2132
Eb(2,2,4) 2133
Eb(2,2,5) 2134
Eb(2,2,6) 2135
Eb(2,2,7) 2136
Eb(2,2,8) 2137
Eb(2,2,9) 2138
Eb(2,2,10) 2139
Eb(2,2,11) 2140
Eb(2,2,12) 2141
Eb(2,2,13) 2142
Eb(2,2,14) 2143
Eb(2,2,15) 2144
Eb(2,2,16) 2145
Eb(2,2,17) 2146
Eb(2,2,18) 2147
Eb(2,2,19) 2148
Eb(2,2,20) 2149
Eb(2,2,21) 2150
Eb(2,2,23) 2151
Eb(2,2,24) 2152
Eb(2,2,25) 2153
Eb(2,2,26) 2154
Eb(2,2,27) 2155
Eb(2,2,28) 2156
Eb(2,2,29) 2157
Eb(2,2,30) 2158
Eb(2,2,31) 2159
Eb(2,2,32) 2160
Eb(2,2,33) 2161
Eb(2,2,34) 2162
Eb(2,2,35) 2163
Eb(2,2,36) 2164
Eb(2,2,37) 2165
Eb(2,2,38) 2166
Eb(2,2,39) 2167
Eb(2,3,31) 2168
Sa(2,3,1) 2169
Sa(2,3,0) 2170
Sa(2,3,2) 2171
Eb(2,3,0) 2172
Eb(2,3,1) 2173
Eb(2,3,2) 2174
Eb(2,3,3) 2175
Eb(2,3,4) 2176
Eb(2,3,5) 2177
Eb(2,3,6) 2178
Eb(2,3,7) 2179
Eb(2,3,8) 2180
Eb(2,3,9) 2181
Eb(2,3,10) 2182
Eb(2,3,11) 2183
Eb(2,3,12) 2184
Eb(2,3,13) 2185
Eb(2,3,14) 2186
Eb(2,3,15) 2187
Eb(2,3,16) 2188
Eb(2,3,17) 2189
Eb(2,3,18) 2190
Eb(2,3,19) 2191
Eb(2,3,20) 2192
Eb(2,3,21) 2193
Eb(2,3,22) 2194
Eb(2,3,23) 2195
Eb(2,3,24) 2196
Eb(2,3,25) 2197
Eb(2,3,26) 2198
Eb(2,3,27) 2199
Eb(2,3,28) 2200
Eb(2,3,29) 2201
Eb(2,3,30) 2202
Eb(2,3,32) 2203
Eb(2,3,33) 2204
Eb(2,3,34) 2205
Eb(2,3,35) 2206
Eb(2,3,36) 2207
Eb(2,3,37) 2208
Eb(2,3,38) 2209
Eb(2,3,39) 2210
Eb(2,4,32) 2211
Sa(2,4,1) 2212
Sa(2,4,0) 2213
Sa(2,4,2) 2214
Sa(2,4,3) 2215
Sa(2,4,4) 2216
Sa(2,4,5) 2217
Eb(2,4,0) 2218
Eb(2,4,1) 2219
Eb(2,4,2) 2220
Eb(2,4,3) 2221
Eb(2,4,4) 2222
Eb(2,4,5) 2223
Eb(2,4,6) 2224
Eb(2,4,7) 2225
Eb(2,4,8) 2226
Eb(2,4,9) 2227
Eb(2,4,10) 2228
Eb(2,4,11) 2229
Eb(2,4,12) 2230
Eb(2,4,13) 2231
Eb(2,4,14) 2232
Eb(2,4,15) 2233
Eb(2,4,16) 2234
Eb(2,4,17) 2235
Eb(2,4,18) 2236
Eb(2,4,19) 2237
Eb(2,4,20) 2238
Eb(2,4,21) 2239
Eb(2,4,22) 2240
Eb(2,4,23) 2241
Eb(2,4,24) 2242
Eb(2,4,25) 2243
Eb(2,4,26) 2244
Eb(2,4,27) 2245
Eb(2,4,28) 2246
Eb(2,4,29) 2247
Eb(2,4,30) 2248
Eb(2,4,31) 2249
Eb(2,4,33) 2250
Eb(2,4,34) 2251
Eb(2,4,35) 2252
Eb(2,4,36) 2253
Eb(2,4,37) 2254
Eb(2,4,38) 2255
Eb(2,4,39) 2256
Sa(2,5,1) 2257
Sa(3,0,1) 2258
Sa(4,1,1) 2259
Sa(5,0,1) 2260
Sa(2,5,2) 2261
Sa(3,0,2) 2262
Sa(4,1,2) 2263
Sa(5,0,2) 2264
Sa(2,5,3) 2265
Sa(3,0,3) 2266
Sa(4,1,3) 2267
Sa(5,0,3) 2268
Sa(2,5,4) 2269
Sa(3,0,4) 2270
Sa(4,1,4) 2271
Sa(5,0,4) 2272
Sa(2,5,5) 2273
Sa(3,0,5) 2274
Sa(4,1,5) 2275
Sa(5,0,5) 2276
Eb(2,5,39) 2277
Sa(2,5,0) 2278
Eb(2,5,0) 2279
Eb(2,5,1) 2280
Eb(2,5,2) 2281
Eb(2,5,3) 2282
Eb(2,5,4) 2283
Eb(2,5,5) 2284
Eb(2,5,6) 2285
Eb(2,5,7) 2286
Eb(2,5,8) 2287
Eb(2,5,9) 2288
Eb(2,5,10) 2289
Eb(2,5,11) 2290
Eb(2,5,12) 2291
Eb(2,5,13) 2292
Eb(2,5,14) 2293
Eb(2,5,15) 2294
Eb(2,5,16) 2295
Eb(2,5,17) 2296
Eb(2,5,18) 2297
Eb(2,5,19) 2298
Eb(2,5,20) 2299
Eb(2,5,21) 2300
Eb(2,5,22) 2301
Eb(2,5,23) 2302
Eb(2,5,24) 2303
Eb(2,5,25) 2304
Eb(2,5,26) 2305
Eb(2,5,27) 2306
Eb(2,5,28) 2307
Eb(2,5,29) 2308
Eb(2,5,30) 2309
Eb(2,5,31) 2310
Eb(2,5,32) 2311
Eb(2,5,33) 2312
Eb(2,5,34) 2313
Eb(2,5,35) 2314
Eb(2,5,36) 2315
Eb(2,5,37) 2316
Eb(2,5,38) 2317
Sa(3,0,0) 2318
Eb(3,0,9) 2319
Eb(3,0,0) 2320
Eb(3,0,1) 2321
Eb(3,0,2) 2322
Eb(3,0,3) 2323
Eb(3,0,4) 2324
Eb(3,0,5) 2325
Eb(3,0,6) 2326
Eb(3,0,7) 2327
Eb(3,0,8) 2328
Eb(3,0,10) 2329
Eb(3,0,11) 2330
Eb(3,0,12) 2331
Eb(3,0,13) 2332
Eb(3,0,14) 2333
Eb(3,0,15) 2334
Eb(3,0,16) 2335
Eb(3,0,17) 2336
Eb(3,0,18) 2337
Eb(3,0,19) 2338
Eb(3,0,20) 2339
Eb(3,0,21) 2340
Eb(3,0,22) 2341
Eb(3,0,23) 2342
Eb(3,0,24) 2343
Eb(3,0,25) 2344
Eb(3,0,26) 2345
Eb(3,0,27) 2346
Eb(3,0,28) 2347
Eb(3,0,29) 2348
Eb(3,0,30) 2349
Eb(3,0,31) 2350
Eb(3,0,32) 2351
Eb(3,0,33) 2352
Eb(3,0,34) 2353
Eb(3,0,35) 2354
Eb(3,0,36) 2355
Eb(3,0,37) 2356
Eb(3,0,38) 2357
Eb(3,0,39) 2358
Eb(3,1,14) 2359
Sa(3,1,1) 2360
Sa(3,1,0) 2361
Sa(3,1,2) 2362
Eb(3,1,0) 2363
Eb(3,1,1) 2364
Eb(3,1,2) 2365
Eb(3,1,3) 2366
Eb(3,1,4) 2367
Eb(3,1,5) 2368
Eb(3,1,6) 2369
Eb(3,1,7) 2370
Eb(3,1,8) 2371
Eb(3,1,9) 2372
Eb(3,1,10) 2373
Eb(3,1,11) 2374
Eb(3,1,12) 2375
Eb(3,1,13) 2376
Eb(3,1,15) 2377
Eb(3,1,16) 2378
Eb(3,1,17) 2379
Eb(3,1,18) 2380
Eb(3,1,19) 2381
Eb(3,1,20) 2382
Eb(3,1,21) 2383
Eb(3,1,22) 2384
Eb(3,1,23) 2385
Eb(3,1,24) 2386
Eb(3,1,25) 2387
Eb(3,1,26) 2388
Eb(3,1,27) 2389
Eb(3,1,28) 2390
Eb(3,1,29) 2391
Eb(3,1,30) 2392
Eb(3,1,31) 2393
Eb(3,1,32) 2394
Eb(3,1,33) 2395
Eb(3,1,34) 2396
Eb(3,1,35) 2397
Eb(3,1,36) 2398
Eb(3,1,37) 2399
Eb(3,1,38) 2400
Eb(3,1,39) 2401
Eb(3,2,19) 2402
Sa(3,2,0) 2403
Eb(3,2,0) 2404
Eb(3,2,1) 2405
Eb(3,2,2) 2406
Eb(3,2,3) 2407
Eb(3,2,4) 2408
Eb(3,2,5) 2409
Eb(3,2,6) 2410
Eb(3,2,7) 2411
Eb(3,2,8) 2412
Eb(3,2,9) 2413
Eb(3,2,10) 2414
Eb(3,2,11) 2415
Eb(3,2,12) 2416
Eb(3,2,13) 2417
Eb(3,2,14) 2418
Eb(3,2,15) 2419
Eb(3,2,16) 2420
Eb(3,2,17) 2421
Eb(3,2,18) 2422
Eb(3,2,20) 2423
Eb(3,2,21) 2424
Eb(3,2,22) 2425
Eb(3,2,23) 2426
Eb(3,2,24) 2427
Eb(3,2,25) 2428
Eb(3,2,26) 2429
Eb(3,2,27) 2430
Eb(3,2,28) 2431
Eb(3,2,29) 2432
Eb(3,2,30) 2433
Eb(3,2,31) 2434
Eb(3,2,32) 2435
Eb(3,2,33) 2436
Eb(3,2,34) 2437
Eb(3,2,35) 2438
Eb(3,2,36) 2439
Eb(3,2,37) 2440
Eb(3,2,38) 2441
Eb(3,2,39) 2442
Eb(3,3,22) 2443
Sa(3,3,1) 2444
Sa(3,3,0) 2445
Sa(3,3,2) 2446
Sa(3,3,3) 2447
Eb(3,3,0) 2448
Eb(3,3,1) 2449
Eb(3,3,2) 2450
Eb(3,3,3) 2451
Eb(3,3,4) 2452
Eb(3,3,5) 2453
Eb(3,3,6) 2454
Eb(3,3,7) 2455
Eb(3,3,8) 2456
Eb(3,3,9) 2457
Eb(3,3,10) 2458
Eb(3,3,11) 2459
Eb(3,3,12) 2460
Eb(3,3,13) 2461
Eb(3,3,14) 2462
Eb(3,3,15) 2463
Eb(3,3,16) 2464
Eb(3,3,17) 2465
Eb(3,3,18) 2466
Eb(3,3,19) 2467
Eb(3,3,20) 2468
Eb(3,3,21) 2469
Eb(3,3,23) 2470
Eb(3,3,24) 2471
Eb(3,3,25) 2472
Eb(3,3,26) 2473
Eb(3,3,27) 2474
Eb(3,3,28) 2475
Eb(3,3,29) 2476
Eb(3,3,30) 2477
Eb(3,3,31) 2478
Eb(3,3,32) 2479
Eb(3,3,33) 2480
Eb(3,3,34) 2481
Eb(3,3,35) 2482
Eb(3,3,36) 2483
Eb(3,3,37) 2484
Eb(3,3,38) 2485
Eb(3,3,39) 2486
Sa(3,4,3) 2487
Sa(4,5,3) 2488
Sa(5,1,3) 2489
Sa(3,4,4) 2490
Sa(3,4,5) 2491
Eb(3,4,30) 2492
Sa(3,4,1) 2493
Sa(3,4,0) 2494
Sa(3,4,2) 2495
Eb(3,4,0) 2496
Eb(3,4,1) 2497
Eb(3,4,2) 2498
Eb(3,4,3) 2499
Eb(3,4,4) 2500
Eb(3,4,5) 2501
Eb(3,4,6) 2502
Eb(3,4,7) 2503
Eb(3,4,8) 2504
Eb(3,4,9) 2505
Eb(3,4,10) 2506
Eb(3,4,11) 2507
Eb(3,4,12) 2508
Eb(3,4,13) 2509
Eb(3,4,14) 2510
Eb(3,4,15) 2511
Eb(3,4,16) 2512
Eb(3,4,17) 2513
Eb(3,4,18) 2514
Eb(3,4,19) 2515
Eb(3,4,20) 2516
Eb(3,4,21) 2517
Eb(3,4,22) 2518
Eb(3,4,23) 2519
Eb(3,4,24) 2520
Eb(3,4,25) 2521
Eb(3,4,26) 2522
Eb(3,4,27) 2523
Eb(3,4,28) 2524
Eb(3,4,29) 2525
Eb(3,4,31) 2526
Eb(3,4,32) 2527
Eb(3,4,33) 2528
Eb(3,4,34) 2529
Eb(3,4,35) 2530
Eb(3,4,36) 2531
Eb(3,4,37) 2532
Eb(3,4,38) 2533
Eb(3,4,39) 2534
Eb(3,5,39) 2535
Sa(3,5,1) 2536
Sa(3,5,0) 2537
Sa(3,5,2) 2538
Eb(3,5,0) 2539
Eb(3,5,1) 2540
Eb(3,5,2) 2541
Eb(3,5,3) 2542
Eb(3,5,4) 2543
Eb(3,5,5) 2544
Eb(3,5,6) 2545
Eb(3,5,7) 2546
Eb(3,5,8) 2547
Eb(3,5,9) 2548
Eb(3,5,10) 2549
Eb(3,5,11) 2550
Eb(3,5,12) 2551
Eb(3,5,13) 2552
Eb(3,5,14) 2553
Eb(3,5,15) 2554
Eb(3,5,16) 2555
Eb(3,5,17) 2556
Eb(3,5,18) 2557
Eb(3,5,19) 2558
Eb(3,5,20) 2559
Eb(3,5,21) 2560
Eb(3,5,22) 2561
Eb(3,5,23) 2562
Eb(3,5,24) 2563
Eb(3,5,25) 2564
Eb(3,5,26) 2565
Eb(3,5,27) 2566
Eb(3,5,28) 2567
Eb(3,5,29) 2568
Eb(3,5,30) 2569
Eb(3,5,31) 2570
Eb(3,5,32) 2571
Eb(3,5,33) 2572
Eb(3,5,34) 2573
Eb(3,5,35) 2574
Eb(3,5,36) 2575
Eb(3,5,37) 2576
Eb(3,5,38) 2577
Sa(4,0,0) 2578
Eb(4,0,23) 2579
Eb(4,0,0) 2580
Eb(4,0,1) 2581
Eb(4,0,2) 2582
Eb(4,0,3) 2583
Eb(4,0,4) 2584
Eb(4,0,5) 2585
Eb(4,0,6) 2586
Eb(4,0,7) 2587
Eb(4,0,8) 2588
Eb(4,0,9) 2589
Eb(4,0,10) 2590
Eb(4,0,11) 2591
Eb(4,0,12) 2592
Eb(4,0,13) 2593
Eb(4,0,14) 2594
Eb(4,0,15) 2595
Eb(4,0,16) 2596
Eb(4,0,17) 2597
Eb(4,0,18) 2598
Eb(4,0,19) 2599
Eb(4,0,20) 2600
Eb(4,0,21) 2601
Eb(4,0,22) 2602
Eb(4,0,24) 2603
Eb(4,0,25) 2604
Eb(4,0,26) 2605
Eb(4,0,27) 2606
Eb(4,0,28) 2607
Eb(4,0,29) 2608
Eb(4,0,30) 2609
Eb(4,0,31) 2610
Eb(4,0,32) 2611
Eb(4,0,33) 2612
Eb(4,0,34) 2613
Eb(4,0,35) 2614
Eb(4,0,36) 2615
Eb(4,0,37) 2616
Eb(4,0,38) 2617
Eb(4,0,39) 2618
Eb(4,1,26) 2619
Sa(4,1,0) 2620
Eb(4,1,0) 2621
Eb(4,1,1) 2622
Eb(4,1,2) 2623
Eb(4,1,3) 2624
Eb(4,1,4) 2625
Eb(4,1,5) 2626
Eb(4,1,6) 2627
Eb(4,1,7) 2628
Eb(4,1,8) 2629
Eb(4,1,9) 2630
Eb(4,1,10) 2631
Eb(4,1,11) 2632
Eb(4,1,12) 2633
Eb(4,1,13) 2634
Eb(4,1,14) 2635
Eb(4,1,15) 2636
Eb(4,1,16) 2637
Eb(4,1,17) 2638
Eb(4,1,18) 2639
Eb(4,1,19) 2640
Eb(4,1,20) 2641
Eb(4,1,21) 2642
Eb(4,1,22) 2643
Eb(4,1,23) 2644
Eb(4,1,24) 2645
Eb(4,1,25) 2646
Eb(4,1,27) 2647
Eb(4,1,28) 2648
Eb(4,1,29) 2649
Eb(4,1,30) 2650
Eb(4,1,31) 2651
Eb(4,1,32) 2652
Eb(4,1,33) 2653
Eb(4,1,34) 2654
Eb(4,1,35) 2655
Eb(4,1,36) 2656
Eb(4,1,37) 2657
Eb(4,1,38) 2658
Eb(4,1,39) 2659
Sa(4,2,3) 2660
Sa(4,2,4) 2661
Sa(4,2,5) 2662
Eb(4,2,31) 2663
Sa(4,2,1) 2664
Sa(4,2,0) 2665
Sa(4,2,2) 2666
Eb(4,2,0) 2667
Eb(4,2,1) 2668
Eb(4,2,2) 2669
Eb(4,2,3) 2670
Eb(4,2,4) 2671
Eb(4,2,5) 2672
Eb(4,2,6) 2673
Eb(4,2,7) 2674
Eb(4,2,8) 2675
Eb(4,2,9) 2676
Eb(4,2,10) 2677
Eb(4,2,11) 2678
Eb(4,2,12) 2679
Eb(4,2,13) 2680
Eb(4,2,14) 2681
Eb(4,2,15) 2682
Eb(4,2,16) 2683
Eb(4,2,17) 2684
Eb(4,2,18) 2685
Eb(4,2,19) 2686
Eb(4,2,20) 2687
Eb(4,2,21) 2688
Eb(4,2,22) 2689
Eb(4,2,23) 2690
Eb(4,2,24) 2691
Eb(4,2,25) 2692
Eb(4,2,26) 2693
Eb(4,2,27) 2694
Eb(4,2,28) 2695
Eb(4,2,29) 2696
Eb(4,2,30) 2697
Eb(4,2,32) 2698
Eb(4,2,33) 2699
Eb(4,2,34) 2700
Eb(4,2,35) 2701
Eb(4,2,36) 2702
Eb(4,2,37) 2703
Eb(4,2,38) 2704
Eb(4,2,39) 2705
Sa(5,4,5) 2706
Eb(4,3,35) 2707
Sa(4,3,1) 2708
Sa(4,3,0) 2709
Sa(4,3,2) 2710
Eb(4,3,0) 2711
Eb(4,3,1) 2712
Eb(4,3,2) 2713
Eb(4,3,3) 2714
Eb(4,3,4) 2715
Eb(4,3,5) 2716
Eb(4,3,6) 2717
Eb(4,3,7) 2718
Eb(4,3,8) 2719
Eb(4,3,9) 2720
Eb(4,3,10) 2721
Eb(4,3,11) 2722
Eb(4,3,12) 2723
Eb(4,3,13) 2724
Eb(4,3,14) 2725
Eb(4,3,15) 2726
Eb(4,3,16) 2727
Eb(4,3,17) 2728
Eb(4,3,18) 2729
Eb(4,3,19) 2730
Eb(4,3,20) 2731
Eb(4,3,21) 2732
Eb(4,3,22) 2733
Eb(4,3,23) 2734
Eb(4,3,24) 2735
Eb(4,3,25) 2736
Eb(4,3,26) 2737
Eb(4,3,27) 2738
Eb(4,3,28) 2739
Eb(4,3,29) 2740
Eb(4,3,30) 2741
Eb(4,3,31) 2742
Eb(4,3,32) 2743
Eb(4,3,33) 2744
Eb(4,3,34) 2745
Eb(4,3,36) 2746
Eb(4,3,37) 2747
Eb(4,3,38) 2748
Eb(4,3,39) 2749
Eb(4,4,38) 2750
Sa(4,4,1) 2751
Sa(4,4,0) 2752
Sa(4,4,2) 2753
Eb(4,4,0) 2754
Eb(4,4,1) 2755
Eb(4,4,2) 2756
Eb(4,4,3) 2757
Eb(4,4,4) 2758
Eb(4,4,5) 2759
Eb(4,4,6) 2760
Eb(4,4,7) 2761
Eb(4,4,8) 2762
Eb(4,4,9) 2763
Eb(4,4,10) 2764
Eb(4,4,11) 2765
Eb(4,4,12) 2766
Eb(4,4,13) 2767
Eb(4,4,14) 2768
Eb(4,4,15) 2769
Eb(4,4,16) 2770
Eb(4,4,17) 2771
Eb(4,4,18) 2772
Eb(4,4,19) 2773
Eb(4,4,20) 2774
Eb(4,4,21) 2775
Eb(4,4,22) 2776
Eb(4,4,23) 2777
Eb(4,4,24) 2778
Eb(4,4,25) 2779
Eb(4,4,26) 2780
Eb(4,4,27) 2781
Eb(4,4,28) 2782
Eb(4,4,29) 2783
Eb(4,4,30) 2784
Eb(4,4,31) 2785
Eb(4,4,32) 2786
Eb(4,4,33) 2787
Eb(4,4,34) 2788
Eb(4,4,35) 2789
Eb(4,4,36) 2790
Eb(4,4,37) 2791
Eb(4,4,39) 2792
Eb(4,5,39) 2793
Sa(4,5,1) 2794
Sa(4,5,0) 2795
Sa(4,5,2) 2796
Eb(4,5,0) 2797
Eb(4,5,1) 2798
Eb(4,5,2) 2799
Eb(4,5,3) 2800
Eb(4,5,4) 2801
Eb(4,5,5) 2802
Eb(4,5,6) 2803
Eb(4,5,7) 2804
Eb(4,5,8) 2805
Eb(4,5,9) 2806
Eb(4,5,10) 2807
Eb(4,5,11) 2808
Eb(4,5,12) 2809
Eb(4,5,13) 2810
Eb(4,5,14) 2811
Eb(4,5,15) 2812
Eb(4,5,16) 2813
Eb(4,5,17) 2814
Eb(4,5,18) 2815
Eb(4,5,19) 2816
Eb(4,5,20) 2817
Eb(4,5,21) 2818
Eb(4,5,22) 2819
Eb(4,5,23) 2820
Eb(4,5,24) 2821
Eb(4,5,25) 2822
Eb(4,5,26) 2823
Eb(4,5,27) 2824
Eb(4,5,28) 2825
Eb(4,5,29) 2826
Eb(4,5,30) 2827
Eb(4,5,31) 2828
Eb(4,5,32) 2829
Eb(4,5,33) 2830
Eb(4,5,34) 2831
Eb(4,5,35) 2832
Eb(4,5,36) 2833
Eb(4,5,37) 2834
Eb(4,5,38) 2835
Sa(5,1,1) 2836
Sa(5,1,2) 2837
Sa(5,0,0) 2838
Eb(5,0,12) 2839
Eb(5,0,0) 2840
Eb(5,0,1) 2841
Eb(5,0,2) 2842
Eb(5,0,3) 2843
Eb(5,0,4) 2844
Eb(5,0,5) 2845
Eb(5,0,6) 2846
Eb(5,0,7) 2847
Eb(5,0,8) 2848
Eb(5,0,9) 2849
Eb(5,0,10) 2850
Eb(5,0,11) 2851
Eb(5,0,13) 2852
Eb(5,0,14) 2853
Eb(5,0,15) 2854
Eb(5,0,16) 2855
Eb(5,0,17) 2856
Eb(5,0,18) 2857
Eb(5,0,19) 2858
Eb(5,0,20) 2859
Eb(5,0,21) 2860
Eb(5,0,22) 2861
Eb(5,0,23) 2862
Eb(5,0,24) 2863
Eb(5,0,25) 2864
Eb(5,0,26) 2865
Eb(5,0,27) 2866
Eb(5,0,28) 2867
Eb(5,0,29) 2868
Eb(5,0,30) 2869
Eb(5,0,31) 2870
Eb(5,0,32) 2871
Eb(5,0,33) 2872
Eb(5,0,34) 2873
Eb(5,0,35) 2874
Eb(5,0,36) 2875
Eb(5,0,37) 2876
Eb(5,0,38) 2877
Eb(5,0,39) 2878
Eb(5,1,15) 2879
Sa(5,1,0) 2880
Eb(5,1,0) 2881
Eb(5,1,1) 2882
Eb(5,1,2) 2883
Eb(5,1,3) 2884
Eb(5,1,4) 2885
Eb(5,1,5) 2886
Eb(5,1,6) 2887
Eb(5,1,7) 2888
Eb(5,1,8) 2889
Eb(5,1,9) 2890
Eb(5,1,10) 2891
Eb(5,1,11) 2892
Eb(5,1,12) 2893
Eb(5,1,13) 2894
Eb(5,1,14) 2895
Eb(5,1,16) 2896
Eb(5,1,17) 2897
Eb(5,1,18) 2898
Eb(5,1,19) 2899
Eb(5,1,20) 2900
Eb(5,1,21) 2901
Eb(5,1,22) 2902
Eb(5,1,23) 2903
Eb(5,1,24) 2904
Eb(5,1,25) 2905
Eb(5,1,26) 2906
Eb(5,1,27) 2907
Eb(5,1,28) 2908
Eb(5,1,29) 2909
Eb(5,1,30) 2910
Eb(5,1,31) 2911
Eb(5,1,32) 2912
Eb(5,1,33) 2913
Eb(5,1,34) 2914
Eb(5,1,35) 2915
Eb(5,1,36) 2916
Eb(5,1,37) 2917
Eb(5,1,38) 2918
Eb(5,1,39) 2919
Eb(5,2,24) 2920
Sa(5,2,1) 2921
Sa(5,2,0) 2922
Sa(5,2,2) 2923
Eb(5,2,0) 2924
Eb(5,2,1) 2925
Eb(5,2,2) 2926
Eb(5,2,3) 2927
Eb(5,2,4) 2928
Eb(5,2,5) 2929
Eb(5,2,6) 2930
Eb(5,2,7) 2931
Eb(5,2,8) 2932
Eb(5,2,9) 2933
Eb(5,2,10) 2934
Eb(5,2,11) 2935
Eb(5,2,12) 2936
Eb(5,2,13) 2937
Eb(5,2,14) 2938
Eb(5,2,15) 2939
Eb(5,2,16) 2940
Eb(5,2,17) 2941
Eb(5,2,18) 2942
Eb(5,2,19) 2943
Eb(5,2,20) 2944
Eb(5,2,21) 2945
Eb(5,2,22) 2946
Eb(5,2,23) 2947
Eb(5,2,25) 2948
Eb(5,2,26) 2949
Eb(5,2,27) 2950
Eb(5,2,28) 2951
Eb(5,2,29) 2952
Eb(5,2,30) 2953
Eb(5,2,31) 2954
Eb(5,2,32) 2955
Eb(5,2,33) 2956
Eb(5,2,34) 2957
Eb(5,2,35) 2958
Eb(5,2,36) 2959
Eb(5,2,37) 2960
Eb(5,2,38) 2961
Eb(5,2,39) 2962
Eb(5,3,34) 2963
Sa(5,3,1) 2964
Sa(5,3,0) 2965
Sa(5,3,2) 2966
Eb(5,3,0) 2967
Eb(5,3,1) 2968
Eb(5,3,2) 2969
Eb(5,3,3) 2970
Eb(5,3,4) 2971
Eb(5,3,5) 2972
Eb(5,3,6) 2973
Eb(5,3,7) 2974
Eb(5,3,8) 2975
Eb(5,3,9) 2976
Eb(5,3,10) 2977
Eb(5,3,11) 2978
Eb(5,3,12) 2979
Eb(5,3,13) 2980
Eb(5,3,14) 2981
Eb(5,3,15) 2982
Eb(5,3,16) 2983
Eb(5,3,17) 2984
Eb(5,3,18) 2985
Eb(5,3,19) 2986
Eb(5,3,20) 2987
Eb(5,3,21) 2988
Eb(5,3,22) 2989
Eb(5,3,23) 2990
Eb(5,3,24) 2991
Eb(5,3,25) 2992
Eb(5,3,26) 2993
Eb(5,3,27) 2994
Eb(5,3,28) 2995
Eb(5,3,29) 2996
Eb(5,3,30) 2997
Eb(5,3,31) 2998
Eb(5,3,32) 2999
Eb(5,3,33) 3000
Eb(5,3,35) 3001
Eb(5,3,36) 3002
Eb(5,3,37) 3003
Eb(5,3,38) 3004
Eb(5,3,39) 3005
Eb(5,4,38) 3006
Sa(5,4,1) 3007
Sa(5,4,0) 3008
Sa(5,4,2) 3009
Sa(5,4,3) 3010
Sa(5,4,4) 3011
Eb(5,4,0) 3012
Eb(5,4,1) 3013
Eb(5,4,2) 3014
Eb(5,4,3) 3015
Eb(5,4,4) 3016
Eb(5,4,5) 3017
Eb(5,4,6) 3018
Eb(5,4,7) 3019
Eb(5,4,8) 3020
Eb(5,4,9) 3021
Eb(5,4,10) 3022
Eb(5,4,11) 3023
Eb(5,4,12) 3024
Eb(5,4,13) 3025
Eb(5,4,14) 3026
Eb(5,4,15) 3027
Eb(5,4,16) 3028
Eb(5,4,17) 3029
Eb(5,4,18) 3030
Eb(5,4,19) 3031
Eb(5,4,20) 3032
Eb(5,4,21) 3033
Eb(5,4,22) 3034
Eb(5,4,23) 3035
Eb(5,4,24) 3036
Eb(5,4,25) 3037
Eb(5,4,26) 3038
Eb(5,4,27) 3039
Eb(5,4,28) 3040
Eb(5,4,29) 3041
Eb(5,4,30) 3042
Eb(5,4,31) 3043
Eb(5,4,32) 3044
Eb(5,4,33) 3045
Eb(5,4,34) 3046
Eb(5,4,35) 3047
Eb(5,4,36) 3048
Eb(5,4,37) 3049
Eb(5,4,39) 3050
Eb(5,5,39) 3051
Sa(5,5,0) 3052
Eb(5,5,0) 3053
Eb(5,5,1) 3054
Eb(5,5,2) 3055
Eb(5,5,3) 3056
Eb(5,5,4) 3057
Eb(5,5,5) 3058
Eb(5,5,6) 3059
Eb(5,5,7) 3060
Eb(5,5,8) 3061
Eb(5,5,9) 3062
Eb(5,5,10) 3063
Eb(5,5,11) 3064
Eb(5,5,12) 3065
Eb(5,5,13) 3066
Eb(5,5,14) 3067
Eb(5,5,15) 3068
Eb(5,5,16) 3069
Eb(5,5,17) 3070
Eb(5,5,18) 3071
Eb(5,5,19) 3072
Eb(5,5,20) 3073
Eb(5,5,21) 3074
Eb(5,5,22) 3075
Eb(5,5,23) 3076
Eb(5,5,24) 3077
Eb(5,5,25) 3078
Eb(5,5,26) 3079
Eb(5,5,27) 3080
Eb(5,5,28) 3081
Eb(5,5,29) 3082
Eb(5,5,30) 3083
Eb(5,5,31) 3084
Eb(5,5,32) 3085
Eb(5,5,33) 3086
Eb(5,5,34) 3087
Eb(5,5,35) 3088
Eb(5,5,36) 3089
Eb(5,5,37) 3090
Eb(5,5,38) 3091
