(0,0): 2 1 22 23
(0,1): 0 3 27 30
(0,2): 1 6 30 36
(0,3): 3 7 36 43
(0,4): 5 3 43 46
(0,5): 4 6 49 55
(1,0): 1 8 0 8
(1,1): 2 5 8 13
(1,2): 4 10 15 25
(1,3): 5 10 29 39
(1,4): 0 10 40 50
(1,5): 3 4 50 54
(2,0): 2 5 1 6
(2,1): 3 4 6 10
(2,2): 5 8 10 18
(2,3): 0 9 18 27
(2,4): 1 1 29 30
(2,5): 4 7 30 37
(3,0): 1 5 8 13
(3,1): 0 5 13 18
(3,2): 2 5 23 28
(3,3): 3 3 28 31
(3,4): 4 8 37 45
(3,5): 5 9 46 55
(4,0): 2 9 13 22
(4,1): 1 3 22 25
(4,2): 4 5 25 30
(4,3): 5 4 39 43
(4,4): 0 3 50 53
(4,5): 3 1 54 55
(5,0): 1 3 13 16
(5,1): 3 3 16 19
(5,2): 5 9 19 28
(5,3): 0 10 30 40
(5,4): 4 4 45 49
(5,5): 2 1 51 52



(3,1): 0 5 13 18
(2,3): 0 9 18 27
(0,1): 0 3 27 30
(5,3): 0 10 30 40
(1,4): 0 10 40 50
(4,4): 0 3 50 53
(1,0): 1 8 0 8
(3,0): 1 5 8 13
(5,0): 1 3 13 16
(4,1): 1 3 22 25
(2,4): 1 1 29 30
(0,2): 1 6 30 36
(2,0): 2 5 1 6
(1,1): 2 5 8 13
(4,0): 2 9 13 22
(0,0): 2 1 22 23
(3,2): 2 5 23 28
(5,5): 2 1 51 52
(2,1): 3 4 6 10
(5,1): 3 3 16 19
(3,3): 3 3 28 31
(0,3): 3 7 36 43
(1,5): 3 4 50 54
(4,5): 3 1 54 55
(1,2): 4 10 15 25
(4,2): 4 5 25 30
(2,5): 4 7 30 37
(3,4): 4 8 37 45
(5,4): 4 4 45 49
(0,5): 4 6 49 55
(2,2): 5 8 10 18
(5,2): 5 9 19 28
(1,3): 5 10 29 39
(4,3): 5 4 39 43
(0,4): 5 3 43 46
(3,5): 5 9 46 55

Time taken: 14.371878623962402 seconds
