(0,0): 1 23 260 283
(0,1): 2 45 497 542
(0,2): 0 82 542 624
(0,3): 4 84 624 708
(0,4): 3 38 708 746
(1,0): 2 21 58 79
(1,1): 1 29 148 177
(1,2): 0 18 334 352
(1,3): 4 41 352 393
(1,4): 3 50 393 443
(2,0): 2 38 0 38
(2,1): 3 54 38 92
(2,2): 4 16 201 217
(2,3): 0 52 352 404
(2,4): 1 52 570 622
(3,0): 4 37 237 274
(3,1): 0 54 280 334
(3,2): 2 74 334 408
(3,3): 1 62 408 470
(3,4): 3 57 508 565
(4,0): 4 57 274 331
(4,1): 0 81 423 504
(4,2): 1 61 509 570
(4,3): 3 68 572 640
(4,4): 2 30 640 670
(5,0): 4 81 120 201
(5,1): 0 79 201 280
(5,2): 1 89 283 372
(5,3): 2 89 408 497
(5,4): 3 11 497 508
(6,0): 3 33 0 33
(6,1): 2 20 38 58
(6,2): 0 91 58 149
(6,3): 4 20 217 237
(6,4): 1 66 622 688
(7,0): 4 24 40 64
(7,1): 1 84 64 148
(7,2): 0 32 156 188
(7,3): 2 55 188 243
(7,4): 3 8 243 251
(8,0): 4 56 64 120
(8,1): 0 7 149 156
(8,2): 3 54 156 210
(8,3): 2 64 243 307
(8,4): 1 39 470 509
(9,0): 4 40 0 40
(9,1): 1 83 177 260
(9,2): 0 19 404 423
(9,3): 2 8 542 550
(9,4): 3 7 565 572



(6,2): 0 91 58 149
(8,1): 0 7 149 156
(7,2): 0 32 156 188
(5,1): 0 79 201 280
(3,1): 0 54 280 334
(1,2): 0 18 334 352
(2,3): 0 52 352 404
(9,2): 0 19 404 423
(4,1): 0 81 423 504
(0,2): 0 82 542 624
(7,1): 1 84 64 148
(1,1): 1 29 148 177
(9,1): 1 83 177 260
(0,0): 1 23 260 283
(5,2): 1 89 283 372
(3,3): 1 62 408 470
(8,4): 1 39 470 509
(4,2): 1 61 509 570
(2,4): 1 52 570 622
(6,4): 1 66 622 688
(2,0): 2 38 0 38
(6,1): 2 20 38 58
(1,0): 2 21 58 79
(7,3): 2 55 188 243
(8,3): 2 64 243 307
(3,2): 2 74 334 408
(5,3): 2 89 408 497
(0,1): 2 45 497 542
(9,3): 2 8 542 550
(4,4): 2 30 640 670
(6,0): 3 33 0 33
(2,1): 3 54 38 92
(8,2): 3 54 156 210
(7,4): 3 8 243 251
(1,4): 3 50 393 443
(5,4): 3 11 497 508
(3,4): 3 57 508 565
(9,4): 3 7 565 572
(4,3): 3 68 572 640
(0,4): 3 38 708 746
(9,0): 4 40 0 40
(7,0): 4 24 40 64
(8,0): 4 56 64 120
(5,0): 4 81 120 201
(2,2): 4 16 201 217
(6,3): 4 20 217 237
(3,0): 4 37 237 274
(4,0): 4 57 274 331
(1,3): 4 41 352 393
(0,3): 4 84 624 708

Time taken: 136.80870413780212 seconds
