(0,0): 1 23 177 200
(0,1): 2 45 236 281
(0,2): 0 82 453 535
(0,3): 4 84 535 619
(0,4): 3 38 621 659
(1,0): 2 21 58 79
(1,1): 1 29 148 177
(1,2): 0 18 334 352
(1,3): 4 41 352 393
(1,4): 3 50 393 443
(2,0): 2 38 0 38
(2,1): 3 54 38 92
(2,2): 4 16 201 217
(2,3): 0 52 535 587
(2,4): 1 52 610 662
(3,0): 4 37 237 274
(3,1): 0 54 280 334
(3,2): 2 74 347 421
(3,3): 1 62 421 483
(3,4): 3 57 484 541
(4,0): 4 57 274 331
(4,1): 0 81 371 452
(4,2): 1 61 483 544
(4,3): 3 68 553 621
(4,4): 2 30 631 661
(5,0): 4 81 120 201
(5,1): 0 79 201 280
(5,2): 1 89 293 382
(5,3): 2 89 453 542
(5,4): 3 11 542 553
(6,0): 3 33 0 33
(6,1): 2 20 38 58
(6,2): 0 91 58 149
(6,3): 4 20 217 237
(6,4): 1 66 544 610
(7,0): 4 24 40 64
(7,1): 1 84 64 148
(7,2): 0 32 149 181
(7,3): 2 55 181 236
(7,4): 3 8 329 337
(8,0): 4 56 64 120
(8,1): 0 7 181 188
(8,2): 3 54 188 242
(8,3): 2 64 281 345
(8,4): 1 39 382 421
(9,0): 4 40 0 40
(9,1): 1 83 200 283
(9,2): 0 19 352 371
(9,3): 2 8 445 453
(9,4): 3 7 461 468



(6,2): 0 91 58 149
(7,2): 0 32 149 181
(8,1): 0 7 181 188
(5,1): 0 79 201 280
(3,1): 0 54 280 334
(1,2): 0 18 334 352
(9,2): 0 19 352 371
(4,1): 0 81 371 452
(0,2): 0 82 453 535
(2,3): 0 52 535 587
(7,1): 1 84 64 148
(1,1): 1 29 148 177
(0,0): 1 23 177 200
(9,1): 1 83 200 283
(5,2): 1 89 293 382
(8,4): 1 39 382 421
(3,3): 1 62 421 483
(4,2): 1 61 483 544
(6,4): 1 66 544 610
(2,4): 1 52 610 662
(2,0): 2 38 0 38
(6,1): 2 20 38 58
(1,0): 2 21 58 79
(7,3): 2 55 181 236
(0,1): 2 45 236 281
(8,3): 2 64 281 345
(3,2): 2 74 347 421
(9,3): 2 8 445 453
(5,3): 2 89 453 542
(4,4): 2 30 631 661
(6,0): 3 33 0 33
(2,1): 3 54 38 92
(8,2): 3 54 188 242
(7,4): 3 8 329 337
(1,4): 3 50 393 443
(9,4): 3 7 461 468
(3,4): 3 57 484 541
(5,4): 3 11 542 553
(4,3): 3 68 553 621
(0,4): 3 38 621 659
(9,0): 4 40 0 40
(7,0): 4 24 40 64
(8,0): 4 56 64 120
(5,0): 4 81 120 201
(2,2): 4 16 201 217
(6,3): 4 20 217 237
(3,0): 4 37 237 274
(4,0): 4 57 274 331
(1,3): 4 41 352 393
(0,3): 4 84 535 619

Time taken: 57.506476402282715 seconds
