Pr(0,0,0,1) 1
Pr(0,1,0,2) 2
Pr(0,2,0,3) 3
Pr(0,3,0,4) 4
Pr(0,4,0,5) 5
Pr(1,0,1,1) 6
Pr(1,1,1,2) 7
Pr(1,2,1,3) 8
Pr(1,3,1,4) 9
Pr(1,4,1,5) 10
Pr(2,0,2,1) 11
Pr(2,1,2,2) 12
Pr(2,2,2,3) 13
Pr(2,3,2,4) 14
Pr(2,4,2,5) 15
Pr(3,0,3,1) 16
Pr(3,1,3,2) 17
Pr(3,2,3,3) 18
Pr(3,3,3,4) 19
Pr(3,4,3,5) 20
Pr(4,0,4,1) 21
Pr(4,1,4,2) 22
Pr(4,2,4,3) 23
Pr(4,3,4,4) 24
Pr(4,4,4,5) 25
Pr(5,0,5,1) 26
Pr(5,1,5,2) 27
Pr(5,2,5,3) 28
Pr(5,3,5,4) 29
Pr(5,4,5,5) 30
Pr(0,0,1,1) 31
Pr(1,1,0,0) 32
Pr(0,0,2,0) 33
Pr(2,0,0,0) 34
Pr(0,0,3,2) 35
Pr(3,2,0,0) 36
Pr(0,0,4,0) 37
Pr(4,0,0,0) 38
Pr(0,0,5,5) 39
Pr(5,5,0,0) 40
Pr(1,1,2,0) 41
Pr(2,0,1,1) 42
Pr(1,1,3,2) 43
Pr(3,2,1,1) 44
Pr(1,1,4,0) 45
Pr(4,0,1,1) 46
Pr(1,1,5,5) 47
Pr(5,5,1,1) 48
Pr(2,0,3,2) 49
Pr(3,2,2,0) 50
Pr(2,0,4,0) 51
Pr(4,0,2,0) 52
Pr(2,0,5,5) 53
Pr(5,5,2,0) 54
Pr(3,2,4,0) 55
Pr(4,0,3,2) 56
Pr(3,2,5,5) 57
Pr(5,5,3,2) 58
Pr(4,0,5,5) 59
Pr(5,5,4,0) 60
Pr(0,1,1,4) 61
Pr(1,4,0,1) 62
Pr(0,1,2,3) 63
Pr(2,3,0,1) 64
Pr(0,1,3,1) 65
Pr(3,1,0,1) 66
Pr(0,1,4,4) 67
Pr(4,4,0,1) 68
Pr(0,1,5,3) 69
Pr(5,3,0,1) 70
Pr(1,4,2,3) 71
Pr(2,3,1,4) 72
Pr(1,4,3,1) 73
Pr(3,1,1,4) 74
Pr(1,4,4,4) 75
Pr(4,4,1,4) 76
Pr(1,4,5,3) 77
Pr(5,3,1,4) 78
Pr(2,3,3,1) 79
Pr(3,1,2,3) 80
Pr(2,3,4,4) 81
Pr(4,4,2,3) 82
Pr(2,3,5,3) 83
Pr(5,3,2,3) 84
Pr(3,1,4,4) 85
Pr(4,4,3,1) 86
Pr(3,1,5,3) 87
Pr(5,3,3,1) 88
Pr(4,4,5,3) 89
Pr(5,3,4,4) 90
Pr(0,2,1,0) 91
Pr(1,0,0,2) 92
Pr(0,2,2,4) 93
Pr(2,4,0,2) 94
Pr(0,2,3,0) 95
Pr(3,0,0,2) 96
Pr(0,2,4,1) 97
Pr(4,1,0,2) 98
Pr(0,2,5,0) 99
Pr(5,0,0,2) 100
Pr(1,0,2,4) 101
Pr(2,4,1,0) 102
Pr(1,0,3,0) 103
Pr(3,0,1,0) 104
Pr(1,0,4,1) 105
Pr(4,1,1,0) 106
Pr(1,0,5,0) 107
Pr(5,0,1,0) 108
Pr(2,4,3,0) 109
Pr(3,0,2,4) 110
Pr(2,4,4,1) 111
Pr(4,1,2,4) 112
Pr(2,4,5,0) 113
Pr(5,0,2,4) 114
Pr(3,0,4,1) 115
Pr(4,1,3,0) 116
Pr(3,0,5,0) 117
Pr(5,0,3,0) 118
Pr(4,1,5,0) 119
Pr(5,0,4,1) 120
Pr(0,3,1,5) 121
Pr(1,5,0,3) 122
Pr(0,3,2,1) 123
Pr(2,1,0,3) 124
Pr(0,3,3,3) 125
Pr(3,3,0,3) 126
Pr(0,3,4,5) 127
Pr(4,5,0,3) 128
Pr(0,3,5,1) 129
Pr(5,1,0,3) 130
Pr(1,5,2,1) 131
Pr(2,1,1,5) 132
Pr(1,5,3,3) 133
Pr(3,3,1,5) 134
Pr(1,5,4,5) 135
Pr(4,5,1,5) 136
Pr(1,5,5,1) 137
Pr(5,1,1,5) 138
Pr(2,1,3,3) 139
Pr(3,3,2,1) 140
Pr(2,1,4,5) 141
Pr(4,5,2,1) 142
Pr(2,1,5,1) 143
Pr(5,1,2,1) 144
Pr(3,3,4,5) 145
Pr(4,5,3,3) 146
Pr(3,3,5,1) 147
Pr(5,1,3,3) 148
Pr(4,5,5,1) 149
Pr(5,1,4,5) 150
Pr(0,4,1,3) 151
Pr(1,3,0,4) 152
Pr(0,4,2,2) 153
Pr(2,2,0,4) 154
Pr(0,4,3,5) 155
Pr(3,5,0,4) 156
Pr(0,4,4,3) 157
Pr(4,3,0,4) 158
Pr(0,4,5,2) 159
Pr(5,2,0,4) 160
Pr(1,3,2,2) 161
Pr(2,2,1,3) 162
Pr(1,3,3,5) 163
Pr(3,5,1,3) 164
Pr(1,3,4,3) 165
Pr(4,3,1,3) 166
Pr(1,3,5,2) 167
Pr(5,2,1,3) 168
Pr(2,2,3,5) 169
Pr(3,5,2,2) 170
Pr(2,2,4,3) 171
Pr(4,3,2,2) 172
Pr(2,2,5,2) 173
Pr(5,2,2,2) 174
Pr(3,5,4,3) 175
Pr(4,3,3,5) 176
Pr(3,5,5,2) 177
Pr(5,2,3,5) 178
Pr(4,3,5,2) 179
Pr(5,2,4,3) 180
Pr(0,5,1,2) 181
Pr(1,2,0,5) 182
Pr(0,5,2,5) 183
Pr(2,5,0,5) 184
Pr(0,5,3,4) 185
Pr(3,4,0,5) 186
Pr(0,5,4,2) 187
Pr(4,2,0,5) 188
Pr(0,5,5,4) 189
Pr(5,4,0,5) 190
Pr(1,2,2,5) 191
Pr(2,5,1,2) 192
Pr(1,2,3,4) 193
Pr(3,4,1,2) 194
Pr(1,2,4,2) 195
Pr(4,2,1,2) 196
Pr(1,2,5,4) 197
Pr(5,4,1,2) 198
Pr(2,5,3,4) 199
Pr(3,4,2,5) 200
Pr(2,5,4,2) 201
Pr(4,2,2,5) 202
Pr(2,5,5,4) 203
Pr(5,4,2,5) 204
Pr(3,4,4,2) 205
Pr(4,2,3,4) 206
Pr(3,4,5,4) 207
Pr(5,4,3,4) 208
Pr(4,2,5,4) 209
Pr(5,4,4,2) 210
Sa(0,0,0) 211
Eb(0,0,37) 212
Sa(0,0,1) 213
Sa(0,0,2) 214
Sa(0,0,3) 215
Sa(0,0,4) 216
Sa(0,0,5) 217
Sa(0,0,6) 218
Sa(0,0,7) 219
Sa(0,0,8) 220
Sa(0,0,9) 221
Sa(0,0,10) 222
Sa(0,0,11) 223
Sa(0,0,12) 224
Sa(0,0,13) 225
Sa(0,0,14) 226
Sa(0,0,15) 227
Sa(0,0,16) 228
Sa(0,0,17) 229
Sa(0,0,18) 230
Sa(0,0,19) 231
Sa(0,0,20) 232
Sa(0,0,21) 233
Sa(0,0,22) 234
Sa(0,0,23) 235
Sa(0,0,24) 236
Sa(0,0,25) 237
Sa(0,0,26) 238
Sa(0,0,27) 239
Sa(0,0,28) 240
Sa(0,0,29) 241
Sa(0,0,30) 242
Sa(0,0,31) 243
Sa(0,0,32) 244
Sa(0,0,33) 245
Sa(0,0,34) 246
Sa(0,0,35) 247
Sa(0,0,36) 248
Sa(0,0,37) 249
Sa(0,0,38) 250
Sa(0,0,39) 251
Sa(0,0,40) 252
Sa(0,0,41) 253
Sa(0,0,42) 254
Sa(0,0,43) 255
Sa(0,0,44) 256
Sa(0,0,45) 257
Sa(0,0,46) 258
Sa(0,0,47) 259
Sa(0,0,48) 260
Sa(0,0,49) 261
Sa(0,0,50) 262
Sa(0,0,51) 263
Sa(0,0,52) 264
Sa(0,0,53) 265
Sa(0,0,54) 266
Sa(0,0,55) 267
Sa(0,0,56) 268
Sa(0,0,57) 269
Sa(0,0,58) 270
Sa(0,0,59) 271
Sa(0,0,60) 272
Sa(0,0,61) 273
Sa(0,0,62) 274
Eb(0,0,0) 275
Eb(0,0,1) 276
Eb(0,0,2) 277
Eb(0,0,3) 278
Eb(0,0,4) 279
Eb(0,0,5) 280
Eb(0,0,6) 281
Eb(0,0,7) 282
Eb(0,0,8) 283
Eb(0,0,9) 284
Eb(0,0,10) 285
Eb(0,0,11) 286
Eb(0,0,12) 287
Eb(0,0,13) 288
Eb(0,0,14) 289
Eb(0,0,15) 290
Eb(0,0,16) 291
Eb(0,0,17) 292
Eb(0,0,18) 293
Eb(0,0,19) 294
Eb(0,0,20) 295
Eb(0,0,21) 296
Eb(0,0,22) 297
Eb(0,0,23) 298
Eb(0,0,24) 299
Eb(0,0,25) 300
Eb(0,0,26) 301
Eb(0,0,27) 302
Eb(0,0,28) 303
Eb(0,0,29) 304
Eb(0,0,30) 305
Eb(0,0,31) 306
Eb(0,0,32) 307
Eb(0,0,33) 308
Eb(0,0,34) 309
Eb(0,0,35) 310
Eb(0,0,36) 311
Eb(0,0,38) 312
Eb(0,0,39) 313
Eb(0,0,40) 314
Eb(0,0,41) 315
Eb(0,0,42) 316
Eb(0,0,43) 317
Eb(0,0,44) 318
Eb(0,0,45) 319
Eb(0,0,46) 320
Eb(0,0,47) 321
Eb(0,0,48) 322
Eb(0,0,49) 323
Eb(0,0,50) 324
Eb(0,0,51) 325
Eb(0,0,52) 326
Eb(0,0,53) 327
Eb(0,0,54) 328
Eb(0,0,55) 329
Eb(0,0,56) 330
Eb(0,0,57) 331
Eb(0,0,58) 332
Eb(0,0,59) 333
Eb(0,0,60) 334
Eb(0,0,61) 335
Eb(0,0,62) 336
Sa(0,1,1) 337
Sa(1,1,1) 338
Sa(2,0,1) 339
Sa(3,2,1) 340
Sa(4,0,1) 341
Sa(5,5,1) 342
Sa(0,1,2) 343
Sa(1,1,2) 344
Sa(2,0,2) 345
Sa(3,2,2) 346
Sa(4,0,2) 347
Sa(5,5,2) 348
Sa(0,1,3) 349
Sa(1,1,3) 350
Sa(2,0,3) 351
Sa(3,2,3) 352
Sa(4,0,3) 353
Sa(5,5,3) 354
Sa(0,1,4) 355
Sa(1,1,4) 356
Sa(2,0,4) 357
Sa(3,2,4) 358
Sa(4,0,4) 359
Sa(5,5,4) 360
Sa(0,1,5) 361
Sa(1,1,5) 362
Sa(2,0,5) 363
Sa(3,2,5) 364
Sa(4,0,5) 365
Sa(5,5,5) 366
Sa(0,1,6) 367
Sa(1,1,6) 368
Sa(2,0,6) 369
Sa(3,2,6) 370
Sa(4,0,6) 371
Sa(5,5,6) 372
Sa(0,1,7) 373
Sa(1,1,7) 374
Sa(2,0,7) 375
Sa(3,2,7) 376
Sa(4,0,7) 377
Sa(5,5,7) 378
Sa(0,1,8) 379
Sa(1,1,8) 380
Sa(2,0,8) 381
Sa(3,2,8) 382
Sa(4,0,8) 383
Sa(5,5,8) 384
Sa(0,1,9) 385
Sa(1,1,9) 386
Sa(2,0,9) 387
Sa(3,2,9) 388
Sa(4,0,9) 389
Sa(5,5,9) 390
Sa(0,1,10) 391
Sa(1,1,10) 392
Sa(2,0,10) 393
Sa(3,2,10) 394
Sa(4,0,10) 395
Sa(5,5,10) 396
Sa(0,1,11) 397
Sa(1,1,11) 398
Sa(2,0,11) 399
Sa(3,2,11) 400
Sa(4,0,11) 401
Sa(5,5,11) 402
Sa(0,1,12) 403
Sa(1,1,12) 404
Sa(2,0,12) 405
Sa(3,2,12) 406
Sa(4,0,12) 407
Sa(5,5,12) 408
Sa(0,1,13) 409
Sa(1,1,13) 410
Sa(2,0,13) 411
Sa(3,2,13) 412
Sa(4,0,13) 413
Sa(5,5,13) 414
Sa(0,1,14) 415
Sa(1,1,14) 416
Sa(2,0,14) 417
Sa(3,2,14) 418
Sa(4,0,14) 419
Sa(5,5,14) 420
Sa(0,1,15) 421
Sa(1,1,15) 422
Sa(2,0,15) 423
Sa(3,2,15) 424
Sa(4,0,15) 425
Sa(5,5,15) 426
Sa(0,1,16) 427
Sa(1,1,16) 428
Sa(2,0,16) 429
Sa(3,2,16) 430
Sa(4,0,16) 431
Sa(5,5,16) 432
Sa(0,1,17) 433
Sa(1,1,17) 434
Sa(2,0,17) 435
Sa(3,2,17) 436
Sa(4,0,17) 437
Sa(5,5,17) 438
Sa(0,1,18) 439
Sa(1,1,18) 440
Sa(2,0,18) 441
Sa(3,2,18) 442
Sa(4,0,18) 443
Sa(5,5,18) 444
Sa(0,1,19) 445
Sa(1,1,19) 446
Sa(2,0,19) 447
Sa(3,2,19) 448
Sa(4,0,19) 449
Sa(5,5,19) 450
Sa(0,1,20) 451
Sa(1,1,20) 452
Sa(2,0,20) 453
Sa(3,2,20) 454
Sa(4,0,20) 455
Sa(5,5,20) 456
Sa(0,1,21) 457
Sa(1,1,21) 458
Sa(2,0,21) 459
Sa(3,2,21) 460
Sa(4,0,21) 461
Sa(5,5,21) 462
Sa(0,1,22) 463
Sa(1,1,22) 464
Sa(2,0,22) 465
Sa(3,2,22) 466
Sa(4,0,22) 467
Sa(5,5,22) 468
Sa(0,1,23) 469
Sa(1,1,23) 470
Sa(2,0,23) 471
Sa(3,2,23) 472
Sa(4,0,23) 473
Sa(5,5,23) 474
Sa(0,1,24) 475
Sa(1,1,24) 476
Sa(2,0,24) 477
Sa(3,2,24) 478
Sa(4,0,24) 479
Sa(5,5,24) 480
Sa(0,1,25) 481
Sa(1,1,25) 482
Sa(2,0,25) 483
Sa(3,2,25) 484
Sa(4,0,25) 485
Sa(5,5,25) 486
Sa(0,1,26) 487
Sa(1,1,26) 488
Sa(2,0,26) 489
Sa(3,2,26) 490
Sa(4,0,26) 491
Sa(5,5,26) 492
Sa(0,1,27) 493
Sa(1,1,27) 494
Sa(2,0,27) 495
Sa(3,2,27) 496
Sa(4,0,27) 497
Sa(5,5,27) 498
Sa(0,1,28) 499
Sa(1,1,28) 500
Sa(2,0,28) 501
Sa(3,2,28) 502
Sa(4,0,28) 503
Sa(5,5,28) 504
Sa(0,1,29) 505
Sa(1,1,29) 506
Sa(2,0,29) 507
Sa(3,2,29) 508
Sa(4,0,29) 509
Sa(5,5,29) 510
Sa(0,1,30) 511
Sa(1,1,30) 512
Sa(2,0,30) 513
Sa(3,2,30) 514
Sa(4,0,30) 515
Sa(5,5,30) 516
Sa(0,1,31) 517
Sa(1,1,31) 518
Sa(2,0,31) 519
Sa(3,2,31) 520
Sa(4,0,31) 521
Sa(5,5,31) 522
Sa(0,1,32) 523
Sa(1,1,32) 524
Sa(2,0,32) 525
Sa(3,2,32) 526
Sa(4,0,32) 527
Sa(5,5,32) 528
Sa(0,1,33) 529
Sa(1,1,33) 530
Sa(2,0,33) 531
Sa(3,2,33) 532
Sa(4,0,33) 533
Sa(5,5,33) 534
Sa(0,1,34) 535
Sa(1,1,34) 536
Sa(2,0,34) 537
Sa(3,2,34) 538
Sa(4,0,34) 539
Sa(5,5,34) 540
Sa(0,1,35) 541
Sa(1,1,35) 542
Sa(2,0,35) 543
Sa(3,2,35) 544
Sa(4,0,35) 545
Sa(5,5,35) 546
Sa(0,1,36) 547
Sa(1,1,36) 548
Sa(2,0,36) 549
Sa(3,2,36) 550
Sa(4,0,36) 551
Sa(5,5,36) 552
Sa(0,1,37) 553
Sa(1,1,37) 554
Sa(2,0,37) 555
Sa(3,2,37) 556
Sa(4,0,37) 557
Sa(5,5,37) 558
Sa(0,1,38) 559
Sa(1,1,38) 560
Sa(2,0,38) 561
Sa(3,2,38) 562
Sa(4,0,38) 563
Sa(5,5,38) 564
Sa(0,1,39) 565
Sa(1,1,39) 566
Sa(2,0,39) 567
Sa(3,2,39) 568
Sa(4,0,39) 569
Sa(5,5,39) 570
Sa(0,1,40) 571
Sa(1,1,40) 572
Sa(2,0,40) 573
Sa(3,2,40) 574
Sa(4,0,40) 575
Sa(5,5,40) 576
Sa(0,1,41) 577
Sa(1,1,41) 578
Sa(2,0,41) 579
Sa(3,2,41) 580
Sa(4,0,41) 581
Sa(5,5,41) 582
Sa(0,1,42) 583
Sa(1,1,42) 584
Sa(2,0,42) 585
Sa(3,2,42) 586
Sa(4,0,42) 587
Sa(5,5,42) 588
Sa(0,1,43) 589
Sa(1,1,43) 590
Sa(2,0,43) 591
Sa(3,2,43) 592
Sa(4,0,43) 593
Sa(5,5,43) 594
Sa(0,1,44) 595
Sa(1,1,44) 596
Sa(2,0,44) 597
Sa(3,2,44) 598
Sa(4,0,44) 599
Sa(5,5,44) 600
Sa(0,1,45) 601
Sa(1,1,45) 602
Sa(2,0,45) 603
Sa(3,2,45) 604
Sa(4,0,45) 605
Sa(5,5,45) 606
Sa(0,1,46) 607
Sa(1,1,46) 608
Sa(2,0,46) 609
Sa(3,2,46) 610
Sa(4,0,46) 611
Sa(5,5,46) 612
Sa(0,1,47) 613
Sa(1,1,47) 614
Sa(2,0,47) 615
Sa(3,2,47) 616
Sa(4,0,47) 617
Sa(5,5,47) 618
Sa(0,1,48) 619
Sa(1,1,48) 620
Sa(2,0,48) 621
Sa(3,2,48) 622
Sa(4,0,48) 623
Sa(5,5,48) 624
Sa(0,1,49) 625
Sa(1,1,49) 626
Sa(2,0,49) 627
Sa(3,2,49) 628
Sa(4,0,49) 629
Sa(5,5,49) 630
Sa(0,1,50) 631
Sa(1,1,50) 632
Sa(2,0,50) 633
Sa(3,2,50) 634
Sa(4,0,50) 635
Sa(5,5,50) 636
Sa(0,1,51) 637
Sa(1,1,51) 638
Sa(2,0,51) 639
Sa(3,2,51) 640
Sa(4,0,51) 641
Sa(5,5,51) 642
Sa(0,1,52) 643
Sa(1,1,52) 644
Sa(2,0,52) 645
Sa(3,2,52) 646
Sa(4,0,52) 647
Sa(5,5,52) 648
Sa(0,1,53) 649
Sa(1,1,53) 650
Sa(2,0,53) 651
Sa(3,2,53) 652
Sa(4,0,53) 653
Sa(5,5,53) 654
Sa(0,1,54) 655
Sa(1,1,54) 656
Sa(2,0,54) 657
Sa(3,2,54) 658
Sa(4,0,54) 659
Sa(5,5,54) 660
Sa(0,1,55) 661
Sa(1,1,55) 662
Sa(2,0,55) 663
Sa(3,2,55) 664
Sa(4,0,55) 665
Sa(5,5,55) 666
Sa(0,1,56) 667
Sa(1,1,56) 668
Sa(2,0,56) 669
Sa(3,2,56) 670
Sa(4,0,56) 671
Sa(5,5,56) 672
Sa(0,1,57) 673
Sa(1,1,57) 674
Sa(2,0,57) 675
Sa(3,2,57) 676
Sa(4,0,57) 677
Sa(5,5,57) 678
Sa(0,1,58) 679
Sa(1,1,58) 680
Sa(2,0,58) 681
Sa(3,2,58) 682
Sa(4,0,58) 683
Sa(5,5,58) 684
Sa(0,1,59) 685
Sa(1,1,59) 686
Sa(2,0,59) 687
Sa(3,2,59) 688
Sa(4,0,59) 689
Sa(5,5,59) 690
Sa(0,1,60) 691
Sa(1,1,60) 692
Sa(2,0,60) 693
Sa(3,2,60) 694
Sa(4,0,60) 695
Sa(5,5,60) 696
Sa(0,1,61) 697
Sa(1,1,61) 698
Sa(2,0,61) 699
Sa(3,2,61) 700
Sa(4,0,61) 701
Sa(5,5,61) 702
Sa(0,1,62) 703
Sa(1,1,62) 704
Sa(2,0,62) 705
Sa(3,2,62) 706
Sa(4,0,62) 707
Sa(5,5,62) 708
Eb(0,1,40) 709
Sa(0,1,0) 710
Eb(0,1,0) 711
Eb(0,1,1) 712
Eb(0,1,2) 713
Eb(0,1,3) 714
Eb(0,1,4) 715
Eb(0,1,5) 716
Eb(0,1,6) 717
Eb(0,1,7) 718
Eb(0,1,8) 719
Eb(0,1,9) 720
Eb(0,1,10) 721
Eb(0,1,11) 722
Eb(0,1,12) 723
Eb(0,1,13) 724
Eb(0,1,14) 725
Eb(0,1,15) 726
Eb(0,1,16) 727
Eb(0,1,17) 728
Eb(0,1,18) 729
Eb(0,1,19) 730
Eb(0,1,20) 731
Eb(0,1,21) 732
Eb(0,1,22) 733
Eb(0,1,23) 734
Eb(0,1,24) 735
Eb(0,1,25) 736
Eb(0,1,26) 737
Eb(0,1,27) 738
Eb(0,1,28) 739
Eb(0,1,29) 740
Eb(0,1,30) 741
Eb(0,1,31) 742
Eb(0,1,32) 743
Eb(0,1,33) 744
Eb(0,1,34) 745
Eb(0,1,35) 746
Eb(0,1,36) 747
Eb(0,1,37) 748
Eb(0,1,38) 749
Eb(0,1,39) 750
Eb(0,1,41) 751
Eb(0,1,42) 752
Eb(0,1,43) 753
Eb(0,1,44) 754
Eb(0,1,45) 755
Eb(0,1,46) 756
Eb(0,1,47) 757
Eb(0,1,48) 758
Eb(0,1,49) 759
Eb(0,1,50) 760
Eb(0,1,51) 761
Eb(0,1,52) 762
Eb(0,1,53) 763
Eb(0,1,54) 764
Eb(0,1,55) 765
Eb(0,1,56) 766
Eb(0,1,57) 767
Eb(0,1,58) 768
Eb(0,1,59) 769
Eb(0,1,60) 770
Eb(0,1,61) 771
Eb(0,1,62) 772
Sa(0,2,3) 773
Sa(1,4,3) 774
Sa(2,3,3) 775
Sa(3,1,3) 776
Sa(4,4,3) 777
Sa(5,3,3) 778
Sa(0,2,4) 779
Sa(1,4,4) 780
Sa(2,3,4) 781
Sa(3,1,4) 782
Sa(4,4,4) 783
Sa(5,3,4) 784
Sa(0,2,5) 785
Sa(1,4,5) 786
Sa(2,3,5) 787
Sa(3,1,5) 788
Sa(4,4,5) 789
Sa(5,3,5) 790
Sa(0,2,6) 791
Sa(1,4,6) 792
Sa(2,3,6) 793
Sa(3,1,6) 794
Sa(4,4,6) 795
Sa(5,3,6) 796
Sa(0,2,7) 797
Sa(1,4,7) 798
Sa(2,3,7) 799
Sa(3,1,7) 800
Sa(4,4,7) 801
Sa(5,3,7) 802
Sa(0,2,8) 803
Sa(1,4,8) 804
Sa(2,3,8) 805
Sa(3,1,8) 806
Sa(4,4,8) 807
Sa(5,3,8) 808
Sa(0,2,9) 809
Sa(1,4,9) 810
Sa(2,3,9) 811
Sa(3,1,9) 812
Sa(4,4,9) 813
Sa(5,3,9) 814
Sa(0,2,10) 815
Sa(1,4,10) 816
Sa(2,3,10) 817
Sa(3,1,10) 818
Sa(4,4,10) 819
Sa(5,3,10) 820
Sa(0,2,11) 821
Sa(1,4,11) 822
Sa(2,3,11) 823
Sa(3,1,11) 824
Sa(4,4,11) 825
Sa(5,3,11) 826
Sa(0,2,12) 827
Sa(1,4,12) 828
Sa(2,3,12) 829
Sa(3,1,12) 830
Sa(4,4,12) 831
Sa(5,3,12) 832
Sa(0,2,13) 833
Sa(1,4,13) 834
Sa(2,3,13) 835
Sa(3,1,13) 836
Sa(4,4,13) 837
Sa(5,3,13) 838
Sa(0,2,14) 839
Sa(1,4,14) 840
Sa(2,3,14) 841
Sa(3,1,14) 842
Sa(4,4,14) 843
Sa(5,3,14) 844
Sa(0,2,15) 845
Sa(1,4,15) 846
Sa(2,3,15) 847
Sa(3,1,15) 848
Sa(4,4,15) 849
Sa(5,3,15) 850
Sa(0,2,16) 851
Sa(1,4,16) 852
Sa(2,3,16) 853
Sa(3,1,16) 854
Sa(4,4,16) 855
Sa(5,3,16) 856
Sa(0,2,17) 857
Sa(1,4,17) 858
Sa(2,3,17) 859
Sa(3,1,17) 860
Sa(4,4,17) 861
Sa(5,3,17) 862
Sa(0,2,18) 863
Sa(1,4,18) 864
Sa(2,3,18) 865
Sa(3,1,18) 866
Sa(4,4,18) 867
Sa(5,3,18) 868
Sa(0,2,19) 869
Sa(1,4,19) 870
Sa(2,3,19) 871
Sa(3,1,19) 872
Sa(4,4,19) 873
Sa(5,3,19) 874
Sa(0,2,20) 875
Sa(1,4,20) 876
Sa(2,3,20) 877
Sa(3,1,20) 878
Sa(4,4,20) 879
Sa(5,3,20) 880
Sa(0,2,21) 881
Sa(1,4,21) 882
Sa(2,3,21) 883
Sa(3,1,21) 884
Sa(4,4,21) 885
Sa(5,3,21) 886
Sa(0,2,22) 887
Sa(1,4,22) 888
Sa(2,3,22) 889
Sa(3,1,22) 890
Sa(4,4,22) 891
Sa(5,3,22) 892
Sa(0,2,23) 893
Sa(1,4,23) 894
Sa(2,3,23) 895
Sa(3,1,23) 896
Sa(4,4,23) 897
Sa(5,3,23) 898
Sa(0,2,24) 899
Sa(1,4,24) 900
Sa(2,3,24) 901
Sa(3,1,24) 902
Sa(4,4,24) 903
Sa(5,3,24) 904
Sa(0,2,25) 905
Sa(1,4,25) 906
Sa(2,3,25) 907
Sa(3,1,25) 908
Sa(4,4,25) 909
Sa(5,3,25) 910
Sa(0,2,26) 911
Sa(1,4,26) 912
Sa(2,3,26) 913
Sa(3,1,26) 914
Sa(4,4,26) 915
Sa(5,3,26) 916
Sa(0,2,27) 917
Sa(1,4,27) 918
Sa(2,3,27) 919
Sa(3,1,27) 920
Sa(4,4,27) 921
Sa(5,3,27) 922
Sa(0,2,28) 923
Sa(1,4,28) 924
Sa(2,3,28) 925
Sa(3,1,28) 926
Sa(4,4,28) 927
Sa(5,3,28) 928
Sa(0,2,29) 929
Sa(1,4,29) 930
Sa(2,3,29) 931
Sa(3,1,29) 932
Sa(4,4,29) 933
Sa(5,3,29) 934
Sa(0,2,30) 935
Sa(1,4,30) 936
Sa(2,3,30) 937
Sa(3,1,30) 938
Sa(4,4,30) 939
Sa(5,3,30) 940
Sa(0,2,31) 941
Sa(1,4,31) 942
Sa(2,3,31) 943
Sa(3,1,31) 944
Sa(4,4,31) 945
Sa(5,3,31) 946
Sa(0,2,32) 947
Sa(1,4,32) 948
Sa(2,3,32) 949
Sa(3,1,32) 950
Sa(4,4,32) 951
Sa(5,3,32) 952
Sa(0,2,33) 953
Sa(1,4,33) 954
Sa(2,3,33) 955
Sa(3,1,33) 956
Sa(4,4,33) 957
Sa(5,3,33) 958
Sa(0,2,34) 959
Sa(1,4,34) 960
Sa(2,3,34) 961
Sa(3,1,34) 962
Sa(4,4,34) 963
Sa(5,3,34) 964
Sa(0,2,35) 965
Sa(1,4,35) 966
Sa(2,3,35) 967
Sa(3,1,35) 968
Sa(4,4,35) 969
Sa(5,3,35) 970
Sa(0,2,36) 971
Sa(1,4,36) 972
Sa(2,3,36) 973
Sa(3,1,36) 974
Sa(4,4,36) 975
Sa(5,3,36) 976
Sa(0,2,37) 977
Sa(1,4,37) 978
Sa(2,3,37) 979
Sa(3,1,37) 980
Sa(4,4,37) 981
Sa(5,3,37) 982
Sa(0,2,38) 983
Sa(1,4,38) 984
Sa(2,3,38) 985
Sa(3,1,38) 986
Sa(4,4,38) 987
Sa(5,3,38) 988
Sa(0,2,39) 989
Sa(1,4,39) 990
Sa(2,3,39) 991
Sa(3,1,39) 992
Sa(4,4,39) 993
Sa(5,3,39) 994
Sa(0,2,40) 995
Sa(1,4,40) 996
Sa(2,3,40) 997
Sa(3,1,40) 998
Sa(4,4,40) 999
Sa(5,3,40) 1000
Sa(0,2,41) 1001
Sa(1,4,41) 1002
Sa(2,3,41) 1003
Sa(3,1,41) 1004
Sa(4,4,41) 1005
Sa(5,3,41) 1006
Sa(0,2,42) 1007
Sa(1,4,42) 1008
Sa(2,3,42) 1009
Sa(3,1,42) 1010
Sa(4,4,42) 1011
Sa(5,3,42) 1012
Sa(0,2,43) 1013
Sa(1,4,43) 1014
Sa(2,3,43) 1015
Sa(3,1,43) 1016
Sa(4,4,43) 1017
Sa(5,3,43) 1018
Sa(0,2,44) 1019
Sa(1,4,44) 1020
Sa(2,3,44) 1021
Sa(3,1,44) 1022
Sa(4,4,44) 1023
Sa(5,3,44) 1024
Sa(0,2,45) 1025
Sa(1,4,45) 1026
Sa(2,3,45) 1027
Sa(3,1,45) 1028
Sa(4,4,45) 1029
Sa(5,3,45) 1030
Sa(0,2,46) 1031
Sa(1,4,46) 1032
Sa(2,3,46) 1033
Sa(3,1,46) 1034
Sa(4,4,46) 1035
Sa(5,3,46) 1036
Sa(0,2,47) 1037
Sa(1,4,47) 1038
Sa(2,3,47) 1039
Sa(3,1,47) 1040
Sa(4,4,47) 1041
Sa(5,3,47) 1042
Sa(0,2,48) 1043
Sa(1,4,48) 1044
Sa(2,3,48) 1045
Sa(3,1,48) 1046
Sa(4,4,48) 1047
Sa(5,3,48) 1048
Sa(0,2,49) 1049
Sa(1,4,49) 1050
Sa(2,3,49) 1051
Sa(3,1,49) 1052
Sa(4,4,49) 1053
Sa(5,3,49) 1054
Sa(0,2,50) 1055
Sa(1,4,50) 1056
Sa(2,3,50) 1057
Sa(3,1,50) 1058
Sa(4,4,50) 1059
Sa(5,3,50) 1060
Sa(0,2,51) 1061
Sa(1,4,51) 1062
Sa(2,3,51) 1063
Sa(3,1,51) 1064
Sa(4,4,51) 1065
Sa(5,3,51) 1066
Sa(0,2,52) 1067
Sa(1,4,52) 1068
Sa(2,3,52) 1069
Sa(3,1,52) 1070
Sa(4,4,52) 1071
Sa(5,3,52) 1072
Sa(0,2,53) 1073
Sa(1,4,53) 1074
Sa(2,3,53) 1075
Sa(3,1,53) 1076
Sa(4,4,53) 1077
Sa(5,3,53) 1078
Sa(0,2,54) 1079
Sa(1,4,54) 1080
Sa(2,3,54) 1081
Sa(3,1,54) 1082
Sa(4,4,54) 1083
Sa(5,3,54) 1084
Sa(0,2,55) 1085
Sa(1,4,55) 1086
Sa(2,3,55) 1087
Sa(3,1,55) 1088
Sa(4,4,55) 1089
Sa(5,3,55) 1090
Sa(0,2,56) 1091
Sa(1,4,56) 1092
Sa(2,3,56) 1093
Sa(3,1,56) 1094
Sa(4,4,56) 1095
Sa(5,3,56) 1096
Sa(0,2,57) 1097
Sa(1,4,57) 1098
Sa(2,3,57) 1099
Sa(3,1,57) 1100
Sa(4,4,57) 1101
Sa(5,3,57) 1102
Sa(0,2,58) 1103
Sa(1,4,58) 1104
Sa(2,3,58) 1105
Sa(3,1,58) 1106
Sa(4,4,58) 1107
Sa(5,3,58) 1108
Sa(0,2,59) 1109
Sa(1,4,59) 1110
Sa(2,3,59) 1111
Sa(3,1,59) 1112
Sa(4,4,59) 1113
Sa(5,3,59) 1114
Sa(0,2,60) 1115
Sa(1,4,60) 1116
Sa(2,3,60) 1117
Sa(3,1,60) 1118
Sa(4,4,60) 1119
Sa(5,3,60) 1120
Sa(0,2,61) 1121
Sa(1,4,61) 1122
Sa(2,3,61) 1123
Sa(3,1,61) 1124
Sa(4,4,61) 1125
Sa(5,3,61) 1126
Sa(0,2,62) 1127
Sa(1,4,62) 1128
Sa(2,3,62) 1129
Sa(3,1,62) 1130
Sa(4,4,62) 1131
Sa(5,3,62) 1132
Eb(0,2,46) 1133
Sa(0,2,1) 1134
Sa(0,2,0) 1135
Sa(0,2,2) 1136
Eb(0,2,0) 1137
Eb(0,2,1) 1138
Eb(0,2,2) 1139
Eb(0,2,3) 1140
Eb(0,2,4) 1141
Eb(0,2,5) 1142
Eb(0,2,6) 1143
Eb(0,2,7) 1144
Eb(0,2,8) 1145
Eb(0,2,9) 1146
Eb(0,2,10) 1147
Eb(0,2,11) 1148
Eb(0,2,12) 1149
Eb(0,2,13) 1150
Eb(0,2,14) 1151
Eb(0,2,15) 1152
Eb(0,2,16) 1153
Eb(0,2,17) 1154
Eb(0,2,18) 1155
Eb(0,2,19) 1156
Eb(0,2,20) 1157
Eb(0,2,21) 1158
Eb(0,2,22) 1159
Eb(0,2,23) 1160
Eb(0,2,24) 1161
Eb(0,2,25) 1162
Eb(0,2,26) 1163
Eb(0,2,27) 1164
Eb(0,2,28) 1165
Eb(0,2,29) 1166
Eb(0,2,30) 1167
Eb(0,2,31) 1168
Eb(0,2,32) 1169
Eb(0,2,33) 1170
Eb(0,2,34) 1171
Eb(0,2,35) 1172
Eb(0,2,36) 1173
Eb(0,2,37) 1174
Eb(0,2,38) 1175
Eb(0,2,39) 1176
Eb(0,2,40) 1177
Eb(0,2,41) 1178
Eb(0,2,42) 1179
Eb(0,2,43) 1180
Eb(0,2,44) 1181
Eb(0,2,45) 1182
Eb(0,2,47) 1183
Eb(0,2,48) 1184
Eb(0,2,49) 1185
Eb(0,2,50) 1186
Eb(0,2,51) 1187
Eb(0,2,52) 1188
Eb(0,2,53) 1189
Eb(0,2,54) 1190
Eb(0,2,55) 1191
Eb(0,2,56) 1192
Eb(0,2,57) 1193
Eb(0,2,58) 1194
Eb(0,2,59) 1195
Eb(0,2,60) 1196
Eb(0,2,61) 1197
Eb(0,2,62) 1198
Sa(0,3,6) 1199
Sa(1,0,6) 1200
Sa(2,4,6) 1201
Sa(3,0,6) 1202
Sa(4,1,6) 1203
Sa(5,0,6) 1204
Sa(0,3,7) 1205
Sa(1,0,7) 1206
Sa(2,4,7) 1207
Sa(3,0,7) 1208
Sa(4,1,7) 1209
Sa(5,0,7) 1210
Sa(0,3,8) 1211
Sa(1,0,8) 1212
Sa(2,4,8) 1213
Sa(3,0,8) 1214
Sa(4,1,8) 1215
Sa(5,0,8) 1216
Sa(0,3,9) 1217
Sa(1,0,9) 1218
Sa(2,4,9) 1219
Sa(3,0,9) 1220
Sa(4,1,9) 1221
Sa(5,0,9) 1222
Sa(0,3,10) 1223
Sa(1,0,10) 1224
Sa(2,4,10) 1225
Sa(3,0,10) 1226
Sa(4,1,10) 1227
Sa(5,0,10) 1228
Sa(0,3,11) 1229
Sa(1,0,11) 1230
Sa(2,4,11) 1231
Sa(3,0,11) 1232
Sa(4,1,11) 1233
Sa(5,0,11) 1234
Sa(0,3,12) 1235
Sa(1,0,12) 1236
Sa(2,4,12) 1237
Sa(3,0,12) 1238
Sa(4,1,12) 1239
Sa(5,0,12) 1240
Sa(0,3,13) 1241
Sa(1,0,13) 1242
Sa(2,4,13) 1243
Sa(3,0,13) 1244
Sa(4,1,13) 1245
Sa(5,0,13) 1246
Sa(0,3,14) 1247
Sa(1,0,14) 1248
Sa(2,4,14) 1249
Sa(3,0,14) 1250
Sa(4,1,14) 1251
Sa(5,0,14) 1252
Sa(0,3,15) 1253
Sa(1,0,15) 1254
Sa(2,4,15) 1255
Sa(3,0,15) 1256
Sa(4,1,15) 1257
Sa(5,0,15) 1258
Sa(0,3,16) 1259
Sa(1,0,16) 1260
Sa(2,4,16) 1261
Sa(3,0,16) 1262
Sa(4,1,16) 1263
Sa(5,0,16) 1264
Sa(0,3,17) 1265
Sa(1,0,17) 1266
Sa(2,4,17) 1267
Sa(3,0,17) 1268
Sa(4,1,17) 1269
Sa(5,0,17) 1270
Sa(0,3,18) 1271
Sa(1,0,18) 1272
Sa(2,4,18) 1273
Sa(3,0,18) 1274
Sa(4,1,18) 1275
Sa(5,0,18) 1276
Sa(0,3,19) 1277
Sa(1,0,19) 1278
Sa(2,4,19) 1279
Sa(3,0,19) 1280
Sa(4,1,19) 1281
Sa(5,0,19) 1282
Sa(0,3,20) 1283
Sa(1,0,20) 1284
Sa(2,4,20) 1285
Sa(3,0,20) 1286
Sa(4,1,20) 1287
Sa(5,0,20) 1288
Sa(0,3,21) 1289
Sa(1,0,21) 1290
Sa(2,4,21) 1291
Sa(3,0,21) 1292
Sa(4,1,21) 1293
Sa(5,0,21) 1294
Sa(0,3,22) 1295
Sa(1,0,22) 1296
Sa(2,4,22) 1297
Sa(3,0,22) 1298
Sa(4,1,22) 1299
Sa(5,0,22) 1300
Sa(0,3,23) 1301
Sa(1,0,23) 1302
Sa(2,4,23) 1303
Sa(3,0,23) 1304
Sa(4,1,23) 1305
Sa(5,0,23) 1306
Sa(0,3,24) 1307
Sa(1,0,24) 1308
Sa(2,4,24) 1309
Sa(3,0,24) 1310
Sa(4,1,24) 1311
Sa(5,0,24) 1312
Sa(0,3,25) 1313
Sa(1,0,25) 1314
Sa(2,4,25) 1315
Sa(3,0,25) 1316
Sa(4,1,25) 1317
Sa(5,0,25) 1318
Sa(0,3,26) 1319
Sa(1,0,26) 1320
Sa(2,4,26) 1321
Sa(3,0,26) 1322
Sa(4,1,26) 1323
Sa(5,0,26) 1324
Sa(0,3,27) 1325
Sa(1,0,27) 1326
Sa(2,4,27) 1327
Sa(3,0,27) 1328
Sa(4,1,27) 1329
Sa(5,0,27) 1330
Sa(0,3,28) 1331
Sa(1,0,28) 1332
Sa(2,4,28) 1333
Sa(3,0,28) 1334
Sa(4,1,28) 1335
Sa(5,0,28) 1336
Sa(0,3,29) 1337
Sa(1,0,29) 1338
Sa(2,4,29) 1339
Sa(3,0,29) 1340
Sa(4,1,29) 1341
Sa(5,0,29) 1342
Sa(0,3,30) 1343
Sa(1,0,30) 1344
Sa(2,4,30) 1345
Sa(3,0,30) 1346
Sa(4,1,30) 1347
Sa(5,0,30) 1348
Sa(0,3,31) 1349
Sa(1,0,31) 1350
Sa(2,4,31) 1351
Sa(3,0,31) 1352
Sa(4,1,31) 1353
Sa(5,0,31) 1354
Sa(0,3,32) 1355
Sa(1,0,32) 1356
Sa(2,4,32) 1357
Sa(3,0,32) 1358
Sa(4,1,32) 1359
Sa(5,0,32) 1360
Sa(0,3,33) 1361
Sa(1,0,33) 1362
Sa(2,4,33) 1363
Sa(3,0,33) 1364
Sa(4,1,33) 1365
Sa(5,0,33) 1366
Sa(0,3,34) 1367
Sa(1,0,34) 1368
Sa(2,4,34) 1369
Sa(3,0,34) 1370
Sa(4,1,34) 1371
Sa(5,0,34) 1372
Sa(0,3,35) 1373
Sa(1,0,35) 1374
Sa(2,4,35) 1375
Sa(3,0,35) 1376
Sa(4,1,35) 1377
Sa(5,0,35) 1378
Sa(0,3,36) 1379
Sa(1,0,36) 1380
Sa(2,4,36) 1381
Sa(3,0,36) 1382
Sa(4,1,36) 1383
Sa(5,0,36) 1384
Sa(0,3,37) 1385
Sa(1,0,37) 1386
Sa(2,4,37) 1387
Sa(3,0,37) 1388
Sa(4,1,37) 1389
Sa(5,0,37) 1390
Sa(0,3,38) 1391
Sa(1,0,38) 1392
Sa(2,4,38) 1393
Sa(3,0,38) 1394
Sa(4,1,38) 1395
Sa(5,0,38) 1396
Sa(0,3,39) 1397
Sa(1,0,39) 1398
Sa(2,4,39) 1399
Sa(3,0,39) 1400
Sa(4,1,39) 1401
Sa(5,0,39) 1402
Sa(0,3,40) 1403
Sa(1,0,40) 1404
Sa(2,4,40) 1405
Sa(3,0,40) 1406
Sa(4,1,40) 1407
Sa(5,0,40) 1408
Sa(0,3,41) 1409
Sa(1,0,41) 1410
Sa(2,4,41) 1411
Sa(3,0,41) 1412
Sa(4,1,41) 1413
Sa(5,0,41) 1414
Sa(0,3,42) 1415
Sa(1,0,42) 1416
Sa(2,4,42) 1417
Sa(3,0,42) 1418
Sa(4,1,42) 1419
Sa(5,0,42) 1420
Sa(0,3,43) 1421
Sa(1,0,43) 1422
Sa(2,4,43) 1423
Sa(3,0,43) 1424
Sa(4,1,43) 1425
Sa(5,0,43) 1426
Sa(0,3,44) 1427
Sa(1,0,44) 1428
Sa(2,4,44) 1429
Sa(3,0,44) 1430
Sa(4,1,44) 1431
Sa(5,0,44) 1432
Sa(0,3,45) 1433
Sa(1,0,45) 1434
Sa(2,4,45) 1435
Sa(3,0,45) 1436
Sa(4,1,45) 1437
Sa(5,0,45) 1438
Sa(0,3,46) 1439
Sa(1,0,46) 1440
Sa(2,4,46) 1441
Sa(3,0,46) 1442
Sa(4,1,46) 1443
Sa(5,0,46) 1444
Sa(0,3,47) 1445
Sa(1,0,47) 1446
Sa(2,4,47) 1447
Sa(3,0,47) 1448
Sa(4,1,47) 1449
Sa(5,0,47) 1450
Sa(0,3,48) 1451
Sa(1,0,48) 1452
Sa(2,4,48) 1453
Sa(3,0,48) 1454
Sa(4,1,48) 1455
Sa(5,0,48) 1456
Sa(0,3,49) 1457
Sa(1,0,49) 1458
Sa(2,4,49) 1459
Sa(3,0,49) 1460
Sa(4,1,49) 1461
Sa(5,0,49) 1462
Sa(0,3,50) 1463
Sa(1,0,50) 1464
Sa(2,4,50) 1465
Sa(3,0,50) 1466
Sa(4,1,50) 1467
Sa(5,0,50) 1468
Sa(0,3,51) 1469
Sa(1,0,51) 1470
Sa(2,4,51) 1471
Sa(3,0,51) 1472
Sa(4,1,51) 1473
Sa(5,0,51) 1474
Sa(0,3,52) 1475
Sa(1,0,52) 1476
Sa(2,4,52) 1477
Sa(3,0,52) 1478
Sa(4,1,52) 1479
Sa(5,0,52) 1480
Sa(0,3,53) 1481
Sa(1,0,53) 1482
Sa(2,4,53) 1483
Sa(3,0,53) 1484
Sa(4,1,53) 1485
Sa(5,0,53) 1486
Sa(0,3,54) 1487
Sa(1,0,54) 1488
Sa(2,4,54) 1489
Sa(3,0,54) 1490
Sa(4,1,54) 1491
Sa(5,0,54) 1492
Sa(0,3,55) 1493
Sa(1,0,55) 1494
Sa(2,4,55) 1495
Sa(3,0,55) 1496
Sa(4,1,55) 1497
Sa(5,0,55) 1498
Sa(0,3,56) 1499
Sa(1,0,56) 1500
Sa(2,4,56) 1501
Sa(3,0,56) 1502
Sa(4,1,56) 1503
Sa(5,0,56) 1504
Sa(0,3,57) 1505
Sa(1,0,57) 1506
Sa(2,4,57) 1507
Sa(3,0,57) 1508
Sa(4,1,57) 1509
Sa(5,0,57) 1510
Sa(0,3,58) 1511
Sa(1,0,58) 1512
Sa(2,4,58) 1513
Sa(3,0,58) 1514
Sa(4,1,58) 1515
Sa(5,0,58) 1516
Sa(0,3,59) 1517
Sa(1,0,59) 1518
Sa(2,4,59) 1519
Sa(3,0,59) 1520
Sa(4,1,59) 1521
Sa(5,0,59) 1522
Sa(0,3,60) 1523
Sa(1,0,60) 1524
Sa(2,4,60) 1525
Sa(3,0,60) 1526
Sa(4,1,60) 1527
Sa(5,0,60) 1528
Sa(0,3,61) 1529
Sa(1,0,61) 1530
Sa(2,4,61) 1531
Sa(3,0,61) 1532
Sa(4,1,61) 1533
Sa(5,0,61) 1534
Sa(0,3,62) 1535
Sa(1,0,62) 1536
Sa(2,4,62) 1537
Sa(3,0,62) 1538
Sa(4,1,62) 1539
Sa(5,0,62) 1540
Eb(0,3,53) 1541
Sa(0,3,1) 1542
Sa(0,3,0) 1543
Sa(0,3,2) 1544
Sa(0,3,3) 1545
Sa(0,3,4) 1546
Sa(0,3,5) 1547
Eb(0,3,0) 1548
Eb(0,3,1) 1549
Eb(0,3,2) 1550
Eb(0,3,3) 1551
Eb(0,3,4) 1552
Eb(0,3,5) 1553
Eb(0,3,6) 1554
Eb(0,3,7) 1555
Eb(0,3,8) 1556
Eb(0,3,9) 1557
Eb(0,3,10) 1558
Eb(0,3,11) 1559
Eb(0,3,12) 1560
Eb(0,3,13) 1561
Eb(0,3,14) 1562
Eb(0,3,15) 1563
Eb(0,3,16) 1564
Eb(0,3,17) 1565
Eb(0,3,18) 1566
Eb(0,3,19) 1567
Eb(0,3,20) 1568
Eb(0,3,21) 1569
Eb(0,3,22) 1570
Eb(0,3,23) 1571
Eb(0,3,24) 1572
Eb(0,3,25) 1573
Eb(0,3,26) 1574
Eb(0,3,27) 1575
Eb(0,3,28) 1576
Eb(0,3,29) 1577
Eb(0,3,30) 1578
Eb(0,3,31) 1579
Eb(0,3,32) 1580
Eb(0,3,33) 1581
Eb(0,3,34) 1582
Eb(0,3,35) 1583
Eb(0,3,36) 1584
Eb(0,3,37) 1585
Eb(0,3,38) 1586
Eb(0,3,39) 1587
Eb(0,3,40) 1588
Eb(0,3,41) 1589
Eb(0,3,42) 1590
Eb(0,3,43) 1591
Eb(0,3,44) 1592
Eb(0,3,45) 1593
Eb(0,3,46) 1594
Eb(0,3,47) 1595
Eb(0,3,48) 1596
Eb(0,3,49) 1597
Eb(0,3,50) 1598
Eb(0,3,51) 1599
Eb(0,3,52) 1600
Eb(0,3,54) 1601
Eb(0,3,55) 1602
Eb(0,3,56) 1603
Eb(0,3,57) 1604
Eb(0,3,58) 1605
Eb(0,3,59) 1606
Eb(0,3,60) 1607
Eb(0,3,61) 1608
Eb(0,3,62) 1609
Sa(0,4,7) 1610
Sa(1,5,7) 1611
Sa(2,1,7) 1612
Sa(3,3,7) 1613
Sa(4,5,7) 1614
Sa(5,1,7) 1615
Sa(0,4,8) 1616
Sa(1,5,8) 1617
Sa(2,1,8) 1618
Sa(3,3,8) 1619
Sa(4,5,8) 1620
Sa(5,1,8) 1621
Sa(0,4,9) 1622
Sa(1,5,9) 1623
Sa(2,1,9) 1624
Sa(3,3,9) 1625
Sa(4,5,9) 1626
Sa(5,1,9) 1627
Sa(0,4,10) 1628
Sa(1,5,10) 1629
Sa(2,1,10) 1630
Sa(3,3,10) 1631
Sa(4,5,10) 1632
Sa(5,1,10) 1633
Sa(0,4,11) 1634
Sa(1,5,11) 1635
Sa(2,1,11) 1636
Sa(3,3,11) 1637
Sa(4,5,11) 1638
Sa(5,1,11) 1639
Sa(0,4,12) 1640
Sa(1,5,12) 1641
Sa(2,1,12) 1642
Sa(3,3,12) 1643
Sa(4,5,12) 1644
Sa(5,1,12) 1645
Sa(0,4,13) 1646
Sa(1,5,13) 1647
Sa(2,1,13) 1648
Sa(3,3,13) 1649
Sa(4,5,13) 1650
Sa(5,1,13) 1651
Sa(0,4,14) 1652
Sa(1,5,14) 1653
Sa(2,1,14) 1654
Sa(3,3,14) 1655
Sa(4,5,14) 1656
Sa(5,1,14) 1657
Sa(0,4,15) 1658
Sa(1,5,15) 1659
Sa(2,1,15) 1660
Sa(3,3,15) 1661
Sa(4,5,15) 1662
Sa(5,1,15) 1663
Sa(0,4,16) 1664
Sa(1,5,16) 1665
Sa(2,1,16) 1666
Sa(3,3,16) 1667
Sa(4,5,16) 1668
Sa(5,1,16) 1669
Sa(0,4,17) 1670
Sa(1,5,17) 1671
Sa(2,1,17) 1672
Sa(3,3,17) 1673
Sa(4,5,17) 1674
Sa(5,1,17) 1675
Sa(0,4,18) 1676
Sa(1,5,18) 1677
Sa(2,1,18) 1678
Sa(3,3,18) 1679
Sa(4,5,18) 1680
Sa(5,1,18) 1681
Sa(0,4,19) 1682
Sa(1,5,19) 1683
Sa(2,1,19) 1684
Sa(3,3,19) 1685
Sa(4,5,19) 1686
Sa(5,1,19) 1687
Sa(0,4,20) 1688
Sa(1,5,20) 1689
Sa(2,1,20) 1690
Sa(3,3,20) 1691
Sa(4,5,20) 1692
Sa(5,1,20) 1693
Sa(0,4,21) 1694
Sa(1,5,21) 1695
Sa(2,1,21) 1696
Sa(3,3,21) 1697
Sa(4,5,21) 1698
Sa(5,1,21) 1699
Sa(0,4,22) 1700
Sa(1,5,22) 1701
Sa(2,1,22) 1702
Sa(3,3,22) 1703
Sa(4,5,22) 1704
Sa(5,1,22) 1705
Sa(0,4,23) 1706
Sa(1,5,23) 1707
Sa(2,1,23) 1708
Sa(3,3,23) 1709
Sa(4,5,23) 1710
Sa(5,1,23) 1711
Sa(0,4,24) 1712
Sa(1,5,24) 1713
Sa(2,1,24) 1714
Sa(3,3,24) 1715
Sa(4,5,24) 1716
Sa(5,1,24) 1717
Sa(0,4,25) 1718
Sa(1,5,25) 1719
Sa(2,1,25) 1720
Sa(3,3,25) 1721
Sa(4,5,25) 1722
Sa(5,1,25) 1723
Sa(0,4,26) 1724
Sa(1,5,26) 1725
Sa(2,1,26) 1726
Sa(3,3,26) 1727
Sa(4,5,26) 1728
Sa(5,1,26) 1729
Sa(0,4,27) 1730
Sa(1,5,27) 1731
Sa(2,1,27) 1732
Sa(3,3,27) 1733
Sa(4,5,27) 1734
Sa(5,1,27) 1735
Sa(0,4,28) 1736
Sa(1,5,28) 1737
Sa(2,1,28) 1738
Sa(3,3,28) 1739
Sa(4,5,28) 1740
Sa(5,1,28) 1741
Sa(0,4,29) 1742
Sa(1,5,29) 1743
Sa(2,1,29) 1744
Sa(3,3,29) 1745
Sa(4,5,29) 1746
Sa(5,1,29) 1747
Sa(0,4,30) 1748
Sa(1,5,30) 1749
Sa(2,1,30) 1750
Sa(3,3,30) 1751
Sa(4,5,30) 1752
Sa(5,1,30) 1753
Sa(0,4,31) 1754
Sa(1,5,31) 1755
Sa(2,1,31) 1756
Sa(3,3,31) 1757
Sa(4,5,31) 1758
Sa(5,1,31) 1759
Sa(0,4,32) 1760
Sa(1,5,32) 1761
Sa(2,1,32) 1762
Sa(3,3,32) 1763
Sa(4,5,32) 1764
Sa(5,1,32) 1765
Sa(0,4,33) 1766
Sa(1,5,33) 1767
Sa(2,1,33) 1768
Sa(3,3,33) 1769
Sa(4,5,33) 1770
Sa(5,1,33) 1771
Sa(0,4,34) 1772
Sa(1,5,34) 1773
Sa(2,1,34) 1774
Sa(3,3,34) 1775
Sa(4,5,34) 1776
Sa(5,1,34) 1777
Sa(0,4,35) 1778
Sa(1,5,35) 1779
Sa(2,1,35) 1780
Sa(3,3,35) 1781
Sa(4,5,35) 1782
Sa(5,1,35) 1783
Sa(0,4,36) 1784
Sa(1,5,36) 1785
Sa(2,1,36) 1786
Sa(3,3,36) 1787
Sa(4,5,36) 1788
Sa(5,1,36) 1789
Sa(0,4,37) 1790
Sa(1,5,37) 1791
Sa(2,1,37) 1792
Sa(3,3,37) 1793
Sa(4,5,37) 1794
Sa(5,1,37) 1795
Sa(0,4,38) 1796
Sa(1,5,38) 1797
Sa(2,1,38) 1798
Sa(3,3,38) 1799
Sa(4,5,38) 1800
Sa(5,1,38) 1801
Sa(0,4,39) 1802
Sa(1,5,39) 1803
Sa(2,1,39) 1804
Sa(3,3,39) 1805
Sa(4,5,39) 1806
Sa(5,1,39) 1807
Sa(0,4,40) 1808
Sa(1,5,40) 1809
Sa(2,1,40) 1810
Sa(3,3,40) 1811
Sa(4,5,40) 1812
Sa(5,1,40) 1813
Sa(0,4,41) 1814
Sa(1,5,41) 1815
Sa(2,1,41) 1816
Sa(3,3,41) 1817
Sa(4,5,41) 1818
Sa(5,1,41) 1819
Sa(0,4,42) 1820
Sa(1,5,42) 1821
Sa(2,1,42) 1822
Sa(3,3,42) 1823
Sa(4,5,42) 1824
Sa(5,1,42) 1825
Sa(0,4,43) 1826
Sa(1,5,43) 1827
Sa(2,1,43) 1828
Sa(3,3,43) 1829
Sa(4,5,43) 1830
Sa(5,1,43) 1831
Sa(0,4,44) 1832
Sa(1,5,44) 1833
Sa(2,1,44) 1834
Sa(3,3,44) 1835
Sa(4,5,44) 1836
Sa(5,1,44) 1837
Sa(0,4,45) 1838
Sa(1,5,45) 1839
Sa(2,1,45) 1840
Sa(3,3,45) 1841
Sa(4,5,45) 1842
Sa(5,1,45) 1843
Sa(0,4,46) 1844
Sa(1,5,46) 1845
Sa(2,1,46) 1846
Sa(3,3,46) 1847
Sa(4,5,46) 1848
Sa(5,1,46) 1849
Sa(0,4,47) 1850
Sa(1,5,47) 1851
Sa(2,1,47) 1852
Sa(3,3,47) 1853
Sa(4,5,47) 1854
Sa(5,1,47) 1855
Sa(0,4,48) 1856
Sa(1,5,48) 1857
Sa(2,1,48) 1858
Sa(3,3,48) 1859
Sa(4,5,48) 1860
Sa(5,1,48) 1861
Sa(0,4,49) 1862
Sa(1,5,49) 1863
Sa(2,1,49) 1864
Sa(3,3,49) 1865
Sa(4,5,49) 1866
Sa(5,1,49) 1867
Sa(0,4,50) 1868
Sa(1,5,50) 1869
Sa(2,1,50) 1870
Sa(3,3,50) 1871
Sa(4,5,50) 1872
Sa(5,1,50) 1873
Sa(0,4,51) 1874
Sa(1,5,51) 1875
Sa(2,1,51) 1876
Sa(3,3,51) 1877
Sa(4,5,51) 1878
Sa(5,1,51) 1879
Sa(0,4,52) 1880
Sa(1,5,52) 1881
Sa(2,1,52) 1882
Sa(3,3,52) 1883
Sa(4,5,52) 1884
Sa(5,1,52) 1885
Sa(0,4,53) 1886
Sa(1,5,53) 1887
Sa(2,1,53) 1888
Sa(3,3,53) 1889
Sa(4,5,53) 1890
Sa(5,1,53) 1891
Sa(0,4,54) 1892
Sa(1,5,54) 1893
Sa(2,1,54) 1894
Sa(3,3,54) 1895
Sa(4,5,54) 1896
Sa(5,1,54) 1897
Sa(0,4,55) 1898
Sa(1,5,55) 1899
Sa(2,1,55) 1900
Sa(3,3,55) 1901
Sa(4,5,55) 1902
Sa(5,1,55) 1903
Sa(0,4,56) 1904
Sa(1,5,56) 1905
Sa(2,1,56) 1906
Sa(3,3,56) 1907
Sa(4,5,56) 1908
Sa(5,1,56) 1909
Sa(0,4,57) 1910
Sa(1,5,57) 1911
Sa(2,1,57) 1912
Sa(3,3,57) 1913
Sa(4,5,57) 1914
Sa(5,1,57) 1915
Sa(0,4,58) 1916
Sa(1,5,58) 1917
Sa(2,1,58) 1918
Sa(3,3,58) 1919
Sa(4,5,58) 1920
Sa(5,1,58) 1921
Sa(0,4,59) 1922
Sa(1,5,59) 1923
Sa(2,1,59) 1924
Sa(3,3,59) 1925
Sa(4,5,59) 1926
Sa(5,1,59) 1927
Sa(0,4,60) 1928
Sa(1,5,60) 1929
Sa(2,1,60) 1930
Sa(3,3,60) 1931
Sa(4,5,60) 1932
Sa(5,1,60) 1933
Sa(0,4,61) 1934
Sa(1,5,61) 1935
Sa(2,1,61) 1936
Sa(3,3,61) 1937
Sa(4,5,61) 1938
Sa(5,1,61) 1939
Sa(0,4,62) 1940
Sa(1,5,62) 1941
Sa(2,1,62) 1942
Sa(3,3,62) 1943
Sa(4,5,62) 1944
Sa(5,1,62) 1945
Eb(0,4,56) 1946
Sa(0,4,1) 1947
Sa(0,4,0) 1948
Sa(0,4,2) 1949
Sa(0,4,3) 1950
Sa(0,4,4) 1951
Sa(0,4,5) 1952
Sa(0,4,6) 1953
Eb(0,4,0) 1954
Eb(0,4,1) 1955
Eb(0,4,2) 1956
Eb(0,4,3) 1957
Eb(0,4,4) 1958
Eb(0,4,5) 1959
Eb(0,4,6) 1960
Eb(0,4,7) 1961
Eb(0,4,8) 1962
Eb(0,4,9) 1963
Eb(0,4,10) 1964
Eb(0,4,11) 1965
Eb(0,4,12) 1966
Eb(0,4,13) 1967
Eb(0,4,14) 1968
Eb(0,4,15) 1969
Eb(0,4,16) 1970
Eb(0,4,17) 1971
Eb(0,4,18) 1972
Eb(0,4,19) 1973
Eb(0,4,20) 1974
Eb(0,4,21) 1975
Eb(0,4,22) 1976
Eb(0,4,23) 1977
Eb(0,4,24) 1978
Eb(0,4,25) 1979
Eb(0,4,26) 1980
Eb(0,4,27) 1981
Eb(0,4,28) 1982
Eb(0,4,29) 1983
Eb(0,4,30) 1984
Eb(0,4,31) 1985
Eb(0,4,32) 1986
Eb(0,4,33) 1987
Eb(0,4,34) 1988
Eb(0,4,35) 1989
Eb(0,4,36) 1990
Eb(0,4,37) 1991
Eb(0,4,38) 1992
Eb(0,4,39) 1993
Eb(0,4,40) 1994
Eb(0,4,41) 1995
Eb(0,4,42) 1996
Eb(0,4,43) 1997
Eb(0,4,44) 1998
Eb(0,4,45) 1999
Eb(0,4,46) 2000
Eb(0,4,47) 2001
Eb(0,4,48) 2002
Eb(0,4,49) 2003
Eb(0,4,50) 2004
Eb(0,4,51) 2005
Eb(0,4,52) 2006
Eb(0,4,53) 2007
Eb(0,4,54) 2008
Eb(0,4,55) 2009
Eb(0,4,57) 2010
Eb(0,4,58) 2011
Eb(0,4,59) 2012
Eb(0,4,60) 2013
Eb(0,4,61) 2014
Eb(0,4,62) 2015
Sa(0,5,3) 2016
Sa(1,3,3) 2017
Sa(2,2,3) 2018
Sa(3,5,3) 2019
Sa(4,3,3) 2020
Sa(5,2,3) 2021
Sa(0,5,4) 2022
Sa(1,3,4) 2023
Sa(2,2,4) 2024
Sa(3,5,4) 2025
Sa(4,3,4) 2026
Sa(5,2,4) 2027
Sa(0,5,5) 2028
Sa(1,3,5) 2029
Sa(2,2,5) 2030
Sa(3,5,5) 2031
Sa(4,3,5) 2032
Sa(5,2,5) 2033
Sa(0,5,6) 2034
Sa(1,3,6) 2035
Sa(2,2,6) 2036
Sa(3,5,6) 2037
Sa(4,3,6) 2038
Sa(5,2,6) 2039
Sa(0,5,7) 2040
Sa(1,3,7) 2041
Sa(2,2,7) 2042
Sa(3,5,7) 2043
Sa(4,3,7) 2044
Sa(5,2,7) 2045
Sa(0,5,8) 2046
Sa(1,3,8) 2047
Sa(2,2,8) 2048
Sa(3,5,8) 2049
Sa(4,3,8) 2050
Sa(5,2,8) 2051
Sa(0,5,9) 2052
Sa(1,3,9) 2053
Sa(2,2,9) 2054
Sa(3,5,9) 2055
Sa(4,3,9) 2056
Sa(5,2,9) 2057
Sa(0,5,10) 2058
Sa(1,3,10) 2059
Sa(2,2,10) 2060
Sa(3,5,10) 2061
Sa(4,3,10) 2062
Sa(5,2,10) 2063
Sa(0,5,11) 2064
Sa(1,3,11) 2065
Sa(2,2,11) 2066
Sa(3,5,11) 2067
Sa(4,3,11) 2068
Sa(5,2,11) 2069
Sa(0,5,12) 2070
Sa(1,3,12) 2071
Sa(2,2,12) 2072
Sa(3,5,12) 2073
Sa(4,3,12) 2074
Sa(5,2,12) 2075
Sa(0,5,13) 2076
Sa(1,3,13) 2077
Sa(2,2,13) 2078
Sa(3,5,13) 2079
Sa(4,3,13) 2080
Sa(5,2,13) 2081
Sa(0,5,14) 2082
Sa(1,3,14) 2083
Sa(2,2,14) 2084
Sa(3,5,14) 2085
Sa(4,3,14) 2086
Sa(5,2,14) 2087
Sa(0,5,15) 2088
Sa(1,3,15) 2089
Sa(2,2,15) 2090
Sa(3,5,15) 2091
Sa(4,3,15) 2092
Sa(5,2,15) 2093
Sa(0,5,16) 2094
Sa(1,3,16) 2095
Sa(2,2,16) 2096
Sa(3,5,16) 2097
Sa(4,3,16) 2098
Sa(5,2,16) 2099
Sa(0,5,17) 2100
Sa(1,3,17) 2101
Sa(2,2,17) 2102
Sa(3,5,17) 2103
Sa(4,3,17) 2104
Sa(5,2,17) 2105
Sa(0,5,18) 2106
Sa(1,3,18) 2107
Sa(2,2,18) 2108
Sa(3,5,18) 2109
Sa(4,3,18) 2110
Sa(5,2,18) 2111
Sa(0,5,19) 2112
Sa(1,3,19) 2113
Sa(2,2,19) 2114
Sa(3,5,19) 2115
Sa(4,3,19) 2116
Sa(5,2,19) 2117
Sa(0,5,20) 2118
Sa(1,3,20) 2119
Sa(2,2,20) 2120
Sa(3,5,20) 2121
Sa(4,3,20) 2122
Sa(5,2,20) 2123
Sa(0,5,21) 2124
Sa(1,3,21) 2125
Sa(2,2,21) 2126
Sa(3,5,21) 2127
Sa(4,3,21) 2128
Sa(5,2,21) 2129
Sa(0,5,22) 2130
Sa(1,3,22) 2131
Sa(2,2,22) 2132
Sa(3,5,22) 2133
Sa(4,3,22) 2134
Sa(5,2,22) 2135
Sa(0,5,23) 2136
Sa(1,3,23) 2137
Sa(2,2,23) 2138
Sa(3,5,23) 2139
Sa(4,3,23) 2140
Sa(5,2,23) 2141
Sa(0,5,24) 2142
Sa(1,3,24) 2143
Sa(2,2,24) 2144
Sa(3,5,24) 2145
Sa(4,3,24) 2146
Sa(5,2,24) 2147
Sa(0,5,25) 2148
Sa(1,3,25) 2149
Sa(2,2,25) 2150
Sa(3,5,25) 2151
Sa(4,3,25) 2152
Sa(5,2,25) 2153
Sa(0,5,26) 2154
Sa(1,3,26) 2155
Sa(2,2,26) 2156
Sa(3,5,26) 2157
Sa(4,3,26) 2158
Sa(5,2,26) 2159
Sa(0,5,27) 2160
Sa(1,3,27) 2161
Sa(2,2,27) 2162
Sa(3,5,27) 2163
Sa(4,3,27) 2164
Sa(5,2,27) 2165
Sa(0,5,28) 2166
Sa(1,3,28) 2167
Sa(2,2,28) 2168
Sa(3,5,28) 2169
Sa(4,3,28) 2170
Sa(5,2,28) 2171
Sa(0,5,29) 2172
Sa(1,3,29) 2173
Sa(2,2,29) 2174
Sa(3,5,29) 2175
Sa(4,3,29) 2176
Sa(5,2,29) 2177
Sa(0,5,30) 2178
Sa(1,3,30) 2179
Sa(2,2,30) 2180
Sa(3,5,30) 2181
Sa(4,3,30) 2182
Sa(5,2,30) 2183
Sa(0,5,31) 2184
Sa(1,3,31) 2185
Sa(2,2,31) 2186
Sa(3,5,31) 2187
Sa(4,3,31) 2188
Sa(5,2,31) 2189
Sa(0,5,32) 2190
Sa(1,3,32) 2191
Sa(2,2,32) 2192
Sa(3,5,32) 2193
Sa(4,3,32) 2194
Sa(5,2,32) 2195
Sa(0,5,33) 2196
Sa(1,3,33) 2197
Sa(2,2,33) 2198
Sa(3,5,33) 2199
Sa(4,3,33) 2200
Sa(5,2,33) 2201
Sa(0,5,34) 2202
Sa(1,3,34) 2203
Sa(2,2,34) 2204
Sa(3,5,34) 2205
Sa(4,3,34) 2206
Sa(5,2,34) 2207
Sa(0,5,35) 2208
Sa(1,3,35) 2209
Sa(2,2,35) 2210
Sa(3,5,35) 2211
Sa(4,3,35) 2212
Sa(5,2,35) 2213
Sa(0,5,36) 2214
Sa(1,3,36) 2215
Sa(2,2,36) 2216
Sa(3,5,36) 2217
Sa(4,3,36) 2218
Sa(5,2,36) 2219
Sa(0,5,37) 2220
Sa(1,3,37) 2221
Sa(2,2,37) 2222
Sa(3,5,37) 2223
Sa(4,3,37) 2224
Sa(5,2,37) 2225
Sa(0,5,38) 2226
Sa(1,3,38) 2227
Sa(2,2,38) 2228
Sa(3,5,38) 2229
Sa(4,3,38) 2230
Sa(5,2,38) 2231
Sa(0,5,39) 2232
Sa(1,3,39) 2233
Sa(2,2,39) 2234
Sa(3,5,39) 2235
Sa(4,3,39) 2236
Sa(5,2,39) 2237
Sa(0,5,40) 2238
Sa(1,3,40) 2239
Sa(2,2,40) 2240
Sa(3,5,40) 2241
Sa(4,3,40) 2242
Sa(5,2,40) 2243
Sa(0,5,41) 2244
Sa(1,3,41) 2245
Sa(2,2,41) 2246
Sa(3,5,41) 2247
Sa(4,3,41) 2248
Sa(5,2,41) 2249
Sa(0,5,42) 2250
Sa(1,3,42) 2251
Sa(2,2,42) 2252
Sa(3,5,42) 2253
Sa(4,3,42) 2254
Sa(5,2,42) 2255
Sa(0,5,43) 2256
Sa(1,3,43) 2257
Sa(2,2,43) 2258
Sa(3,5,43) 2259
Sa(4,3,43) 2260
Sa(5,2,43) 2261
Sa(0,5,44) 2262
Sa(1,3,44) 2263
Sa(2,2,44) 2264
Sa(3,5,44) 2265
Sa(4,3,44) 2266
Sa(5,2,44) 2267
Sa(0,5,45) 2268
Sa(1,3,45) 2269
Sa(2,2,45) 2270
Sa(3,5,45) 2271
Sa(4,3,45) 2272
Sa(5,2,45) 2273
Sa(0,5,46) 2274
Sa(1,3,46) 2275
Sa(2,2,46) 2276
Sa(3,5,46) 2277
Sa(4,3,46) 2278
Sa(5,2,46) 2279
Sa(0,5,47) 2280
Sa(1,3,47) 2281
Sa(2,2,47) 2282
Sa(3,5,47) 2283
Sa(4,3,47) 2284
Sa(5,2,47) 2285
Sa(0,5,48) 2286
Sa(1,3,48) 2287
Sa(2,2,48) 2288
Sa(3,5,48) 2289
Sa(4,3,48) 2290
Sa(5,2,48) 2291
Sa(0,5,49) 2292
Sa(1,3,49) 2293
Sa(2,2,49) 2294
Sa(3,5,49) 2295
Sa(4,3,49) 2296
Sa(5,2,49) 2297
Sa(0,5,50) 2298
Sa(1,3,50) 2299
Sa(2,2,50) 2300
Sa(3,5,50) 2301
Sa(4,3,50) 2302
Sa(5,2,50) 2303
Sa(0,5,51) 2304
Sa(1,3,51) 2305
Sa(2,2,51) 2306
Sa(3,5,51) 2307
Sa(4,3,51) 2308
Sa(5,2,51) 2309
Sa(0,5,52) 2310
Sa(1,3,52) 2311
Sa(2,2,52) 2312
Sa(3,5,52) 2313
Sa(4,3,52) 2314
Sa(5,2,52) 2315
Sa(0,5,53) 2316
Sa(1,3,53) 2317
Sa(2,2,53) 2318
Sa(3,5,53) 2319
Sa(4,3,53) 2320
Sa(5,2,53) 2321
Sa(0,5,54) 2322
Sa(1,3,54) 2323
Sa(2,2,54) 2324
Sa(3,5,54) 2325
Sa(4,3,54) 2326
Sa(5,2,54) 2327
Sa(0,5,55) 2328
Sa(1,3,55) 2329
Sa(2,2,55) 2330
Sa(3,5,55) 2331
Sa(4,3,55) 2332
Sa(5,2,55) 2333
Sa(0,5,56) 2334
Sa(1,3,56) 2335
Sa(2,2,56) 2336
Sa(3,5,56) 2337
Sa(4,3,56) 2338
Sa(5,2,56) 2339
Sa(0,5,57) 2340
Sa(1,3,57) 2341
Sa(2,2,57) 2342
Sa(3,5,57) 2343
Sa(4,3,57) 2344
Sa(5,2,57) 2345
Sa(0,5,58) 2346
Sa(1,3,58) 2347
Sa(2,2,58) 2348
Sa(3,5,58) 2349
Sa(4,3,58) 2350
Sa(5,2,58) 2351
Sa(0,5,59) 2352
Sa(1,3,59) 2353
Sa(2,2,59) 2354
Sa(3,5,59) 2355
Sa(4,3,59) 2356
Sa(5,2,59) 2357
Sa(0,5,60) 2358
Sa(1,3,60) 2359
Sa(2,2,60) 2360
Sa(3,5,60) 2361
Sa(4,3,60) 2362
Sa(5,2,60) 2363
Sa(0,5,61) 2364
Sa(1,3,61) 2365
Sa(2,2,61) 2366
Sa(3,5,61) 2367
Sa(4,3,61) 2368
Sa(5,2,61) 2369
Sa(0,5,62) 2370
Sa(1,3,62) 2371
Sa(2,2,62) 2372
Sa(3,5,62) 2373
Sa(4,3,62) 2374
Sa(5,2,62) 2375
Eb(0,5,62) 2376
Sa(0,5,1) 2377
Sa(0,5,0) 2378
Sa(0,5,2) 2379
Eb(0,5,0) 2380
Eb(0,5,1) 2381
Eb(0,5,2) 2382
Eb(0,5,3) 2383
Eb(0,5,4) 2384
Eb(0,5,5) 2385
Eb(0,5,6) 2386
Eb(0,5,7) 2387
Eb(0,5,8) 2388
Eb(0,5,9) 2389
Eb(0,5,10) 2390
Eb(0,5,11) 2391
Eb(0,5,12) 2392
Eb(0,5,13) 2393
Eb(0,5,14) 2394
Eb(0,5,15) 2395
Eb(0,5,16) 2396
Eb(0,5,17) 2397
Eb(0,5,18) 2398
Eb(0,5,19) 2399
Eb(0,5,20) 2400
Eb(0,5,21) 2401
Eb(0,5,22) 2402
Eb(0,5,23) 2403
Eb(0,5,24) 2404
Eb(0,5,25) 2405
Eb(0,5,26) 2406
Eb(0,5,27) 2407
Eb(0,5,28) 2408
Eb(0,5,29) 2409
Eb(0,5,30) 2410
Eb(0,5,31) 2411
Eb(0,5,32) 2412
Eb(0,5,33) 2413
Eb(0,5,34) 2414
Eb(0,5,35) 2415
Eb(0,5,36) 2416
Eb(0,5,37) 2417
Eb(0,5,38) 2418
Eb(0,5,39) 2419
Eb(0,5,40) 2420
Eb(0,5,41) 2421
Eb(0,5,42) 2422
Eb(0,5,43) 2423
Eb(0,5,44) 2424
Eb(0,5,45) 2425
Eb(0,5,46) 2426
Eb(0,5,47) 2427
Eb(0,5,48) 2428
Eb(0,5,49) 2429
Eb(0,5,50) 2430
Eb(0,5,51) 2431
Eb(0,5,52) 2432
Eb(0,5,53) 2433
Eb(0,5,54) 2434
Eb(0,5,55) 2435
Eb(0,5,56) 2436
Eb(0,5,57) 2437
Eb(0,5,58) 2438
Eb(0,5,59) 2439
Eb(0,5,60) 2440
Eb(0,5,61) 2441
Sa(1,2,6) 2442
Sa(2,5,6) 2443
Sa(3,4,6) 2444
Sa(4,2,6) 2445
Sa(5,4,6) 2446
Sa(1,2,7) 2447
Sa(2,5,7) 2448
Sa(3,4,7) 2449
Sa(4,2,7) 2450
Sa(5,4,7) 2451
Sa(1,2,8) 2452
Sa(2,5,8) 2453
Sa(3,4,8) 2454
Sa(4,2,8) 2455
Sa(5,4,8) 2456
Sa(1,2,9) 2457
Sa(2,5,9) 2458
Sa(3,4,9) 2459
Sa(4,2,9) 2460
Sa(5,4,9) 2461
Sa(1,2,10) 2462
Sa(2,5,10) 2463
Sa(3,4,10) 2464
Sa(4,2,10) 2465
Sa(5,4,10) 2466
Sa(1,2,11) 2467
Sa(2,5,11) 2468
Sa(3,4,11) 2469
Sa(4,2,11) 2470
Sa(5,4,11) 2471
Sa(1,2,12) 2472
Sa(2,5,12) 2473
Sa(3,4,12) 2474
Sa(4,2,12) 2475
Sa(5,4,12) 2476
Sa(1,2,13) 2477
Sa(2,5,13) 2478
Sa(3,4,13) 2479
Sa(4,2,13) 2480
Sa(5,4,13) 2481
Sa(1,2,14) 2482
Sa(2,5,14) 2483
Sa(3,4,14) 2484
Sa(4,2,14) 2485
Sa(5,4,14) 2486
Sa(1,2,15) 2487
Sa(2,5,15) 2488
Sa(3,4,15) 2489
Sa(4,2,15) 2490
Sa(5,4,15) 2491
Sa(1,2,16) 2492
Sa(2,5,16) 2493
Sa(3,4,16) 2494
Sa(4,2,16) 2495
Sa(5,4,16) 2496
Sa(1,2,17) 2497
Sa(2,5,17) 2498
Sa(3,4,17) 2499
Sa(4,2,17) 2500
Sa(5,4,17) 2501
Sa(1,2,18) 2502
Sa(2,5,18) 2503
Sa(3,4,18) 2504
Sa(4,2,18) 2505
Sa(5,4,18) 2506
Sa(1,2,19) 2507
Sa(2,5,19) 2508
Sa(3,4,19) 2509
Sa(4,2,19) 2510
Sa(5,4,19) 2511
Sa(1,2,20) 2512
Sa(2,5,20) 2513
Sa(3,4,20) 2514
Sa(4,2,20) 2515
Sa(5,4,20) 2516
Sa(1,2,21) 2517
Sa(2,5,21) 2518
Sa(3,4,21) 2519
Sa(4,2,21) 2520
Sa(5,4,21) 2521
Sa(1,2,22) 2522
Sa(2,5,22) 2523
Sa(3,4,22) 2524
Sa(4,2,22) 2525
Sa(5,4,22) 2526
Sa(1,2,23) 2527
Sa(2,5,23) 2528
Sa(3,4,23) 2529
Sa(4,2,23) 2530
Sa(5,4,23) 2531
Sa(1,2,24) 2532
Sa(2,5,24) 2533
Sa(3,4,24) 2534
Sa(4,2,24) 2535
Sa(5,4,24) 2536
Sa(1,2,25) 2537
Sa(2,5,25) 2538
Sa(3,4,25) 2539
Sa(4,2,25) 2540
Sa(5,4,25) 2541
Sa(1,2,26) 2542
Sa(2,5,26) 2543
Sa(3,4,26) 2544
Sa(4,2,26) 2545
Sa(5,4,26) 2546
Sa(1,2,27) 2547
Sa(2,5,27) 2548
Sa(3,4,27) 2549
Sa(4,2,27) 2550
Sa(5,4,27) 2551
Sa(1,2,28) 2552
Sa(2,5,28) 2553
Sa(3,4,28) 2554
Sa(4,2,28) 2555
Sa(5,4,28) 2556
Sa(1,2,29) 2557
Sa(2,5,29) 2558
Sa(3,4,29) 2559
Sa(4,2,29) 2560
Sa(5,4,29) 2561
Sa(1,2,30) 2562
Sa(2,5,30) 2563
Sa(3,4,30) 2564
Sa(4,2,30) 2565
Sa(5,4,30) 2566
Sa(1,2,31) 2567
Sa(2,5,31) 2568
Sa(3,4,31) 2569
Sa(4,2,31) 2570
Sa(5,4,31) 2571
Sa(1,2,32) 2572
Sa(2,5,32) 2573
Sa(3,4,32) 2574
Sa(4,2,32) 2575
Sa(5,4,32) 2576
Sa(1,2,33) 2577
Sa(2,5,33) 2578
Sa(3,4,33) 2579
Sa(4,2,33) 2580
Sa(5,4,33) 2581
Sa(1,2,34) 2582
Sa(2,5,34) 2583
Sa(3,4,34) 2584
Sa(4,2,34) 2585
Sa(5,4,34) 2586
Sa(1,2,35) 2587
Sa(2,5,35) 2588
Sa(3,4,35) 2589
Sa(4,2,35) 2590
Sa(5,4,35) 2591
Sa(1,2,36) 2592
Sa(2,5,36) 2593
Sa(3,4,36) 2594
Sa(4,2,36) 2595
Sa(5,4,36) 2596
Sa(1,2,37) 2597
Sa(2,5,37) 2598
Sa(3,4,37) 2599
Sa(4,2,37) 2600
Sa(5,4,37) 2601
Sa(1,2,38) 2602
Sa(2,5,38) 2603
Sa(3,4,38) 2604
Sa(4,2,38) 2605
Sa(5,4,38) 2606
Sa(1,2,39) 2607
Sa(2,5,39) 2608
Sa(3,4,39) 2609
Sa(4,2,39) 2610
Sa(5,4,39) 2611
Sa(1,2,40) 2612
Sa(2,5,40) 2613
Sa(3,4,40) 2614
Sa(4,2,40) 2615
Sa(5,4,40) 2616
Sa(1,2,41) 2617
Sa(2,5,41) 2618
Sa(3,4,41) 2619
Sa(4,2,41) 2620
Sa(5,4,41) 2621
Sa(1,2,42) 2622
Sa(2,5,42) 2623
Sa(3,4,42) 2624
Sa(4,2,42) 2625
Sa(5,4,42) 2626
Sa(1,2,43) 2627
Sa(2,5,43) 2628
Sa(3,4,43) 2629
Sa(4,2,43) 2630
Sa(5,4,43) 2631
Sa(1,2,44) 2632
Sa(2,5,44) 2633
Sa(3,4,44) 2634
Sa(4,2,44) 2635
Sa(5,4,44) 2636
Sa(1,2,45) 2637
Sa(2,5,45) 2638
Sa(3,4,45) 2639
Sa(4,2,45) 2640
Sa(5,4,45) 2641
Sa(1,2,46) 2642
Sa(2,5,46) 2643
Sa(3,4,46) 2644
Sa(4,2,46) 2645
Sa(5,4,46) 2646
Sa(1,2,47) 2647
Sa(2,5,47) 2648
Sa(3,4,47) 2649
Sa(4,2,47) 2650
Sa(5,4,47) 2651
Sa(1,2,48) 2652
Sa(2,5,48) 2653
Sa(3,4,48) 2654
Sa(4,2,48) 2655
Sa(5,4,48) 2656
Sa(1,2,49) 2657
Sa(2,5,49) 2658
Sa(3,4,49) 2659
Sa(4,2,49) 2660
Sa(5,4,49) 2661
Sa(1,2,50) 2662
Sa(2,5,50) 2663
Sa(3,4,50) 2664
Sa(4,2,50) 2665
Sa(5,4,50) 2666
Sa(1,2,51) 2667
Sa(2,5,51) 2668
Sa(3,4,51) 2669
Sa(4,2,51) 2670
Sa(5,4,51) 2671
Sa(1,2,52) 2672
Sa(2,5,52) 2673
Sa(3,4,52) 2674
Sa(4,2,52) 2675
Sa(5,4,52) 2676
Sa(1,2,53) 2677
Sa(2,5,53) 2678
Sa(3,4,53) 2679
Sa(4,2,53) 2680
Sa(5,4,53) 2681
Sa(1,2,54) 2682
Sa(2,5,54) 2683
Sa(3,4,54) 2684
Sa(4,2,54) 2685
Sa(5,4,54) 2686
Sa(1,2,55) 2687
Sa(2,5,55) 2688
Sa(3,4,55) 2689
Sa(4,2,55) 2690
Sa(5,4,55) 2691
Sa(1,2,56) 2692
Sa(2,5,56) 2693
Sa(3,4,56) 2694
Sa(4,2,56) 2695
Sa(5,4,56) 2696
Sa(1,2,57) 2697
Sa(2,5,57) 2698
Sa(3,4,57) 2699
Sa(4,2,57) 2700
Sa(5,4,57) 2701
Sa(1,2,58) 2702
Sa(2,5,58) 2703
Sa(3,4,58) 2704
Sa(4,2,58) 2705
Sa(5,4,58) 2706
Sa(1,2,59) 2707
Sa(2,5,59) 2708
Sa(3,4,59) 2709
Sa(4,2,59) 2710
Sa(5,4,59) 2711
Sa(1,2,60) 2712
Sa(2,5,60) 2713
Sa(3,4,60) 2714
Sa(4,2,60) 2715
Sa(5,4,60) 2716
Sa(1,2,61) 2717
Sa(2,5,61) 2718
Sa(3,4,61) 2719
Sa(4,2,61) 2720
Sa(5,4,61) 2721
Sa(1,2,62) 2722
Sa(2,5,62) 2723
Sa(3,4,62) 2724
Sa(4,2,62) 2725
Sa(5,4,62) 2726
Sa(1,0,0) 2727
Eb(1,0,23) 2728
Sa(1,0,1) 2729
Sa(1,0,2) 2730
Sa(1,0,3) 2731
Sa(1,0,4) 2732
Sa(1,0,5) 2733
Eb(1,0,0) 2734
Eb(1,0,1) 2735
Eb(1,0,2) 2736
Eb(1,0,3) 2737
Eb(1,0,4) 2738
Eb(1,0,5) 2739
Eb(1,0,6) 2740
Eb(1,0,7) 2741
Eb(1,0,8) 2742
Eb(1,0,9) 2743
Eb(1,0,10) 2744
Eb(1,0,11) 2745
Eb(1,0,12) 2746
Eb(1,0,13) 2747
Eb(1,0,14) 2748
Eb(1,0,15) 2749
Eb(1,0,16) 2750
Eb(1,0,17) 2751
Eb(1,0,18) 2752
Eb(1,0,19) 2753
Eb(1,0,20) 2754
Eb(1,0,21) 2755
Eb(1,0,22) 2756
Eb(1,0,24) 2757
Eb(1,0,25) 2758
Eb(1,0,26) 2759
Eb(1,0,27) 2760
Eb(1,0,28) 2761
Eb(1,0,29) 2762
Eb(1,0,30) 2763
Eb(1,0,31) 2764
Eb(1,0,32) 2765
Eb(1,0,33) 2766
Eb(1,0,34) 2767
Eb(1,0,35) 2768
Eb(1,0,36) 2769
Eb(1,0,37) 2770
Eb(1,0,38) 2771
Eb(1,0,39) 2772
Eb(1,0,40) 2773
Eb(1,0,41) 2774
Eb(1,0,42) 2775
Eb(1,0,43) 2776
Eb(1,0,44) 2777
Eb(1,0,45) 2778
Eb(1,0,46) 2779
Eb(1,0,47) 2780
Eb(1,0,48) 2781
Eb(1,0,49) 2782
Eb(1,0,50) 2783
Eb(1,0,51) 2784
Eb(1,0,52) 2785
Eb(1,0,53) 2786
Eb(1,0,54) 2787
Eb(1,0,55) 2788
Eb(1,0,56) 2789
Eb(1,0,57) 2790
Eb(1,0,58) 2791
Eb(1,0,59) 2792
Eb(1,0,60) 2793
Eb(1,0,61) 2794
Eb(1,0,62) 2795
Eb(1,1,28) 2796
Sa(1,1,0) 2797
Eb(1,1,0) 2798
Eb(1,1,1) 2799
Eb(1,1,2) 2800
Eb(1,1,3) 2801
Eb(1,1,4) 2802
Eb(1,1,5) 2803
Eb(1,1,6) 2804
Eb(1,1,7) 2805
Eb(1,1,8) 2806
Eb(1,1,9) 2807
Eb(1,1,10) 2808
Eb(1,1,11) 2809
Eb(1,1,12) 2810
Eb(1,1,13) 2811
Eb(1,1,14) 2812
Eb(1,1,15) 2813
Eb(1,1,16) 2814
Eb(1,1,17) 2815
Eb(1,1,18) 2816
Eb(1,1,19) 2817
Eb(1,1,20) 2818
Eb(1,1,21) 2819
Eb(1,1,22) 2820
Eb(1,1,23) 2821
Eb(1,1,24) 2822
Eb(1,1,25) 2823
Eb(1,1,26) 2824
Eb(1,1,27) 2825
Eb(1,1,29) 2826
Eb(1,1,30) 2827
Eb(1,1,31) 2828
Eb(1,1,32) 2829
Eb(1,1,33) 2830
Eb(1,1,34) 2831
Eb(1,1,35) 2832
Eb(1,1,36) 2833
Eb(1,1,37) 2834
Eb(1,1,38) 2835
Eb(1,1,39) 2836
Eb(1,1,40) 2837
Eb(1,1,41) 2838
Eb(1,1,42) 2839
Eb(1,1,43) 2840
Eb(1,1,44) 2841
Eb(1,1,45) 2842
Eb(1,1,46) 2843
Eb(1,1,47) 2844
Eb(1,1,48) 2845
Eb(1,1,49) 2846
Eb(1,1,50) 2847
Eb(1,1,51) 2848
Eb(1,1,52) 2849
Eb(1,1,53) 2850
Eb(1,1,54) 2851
Eb(1,1,55) 2852
Eb(1,1,56) 2853
Eb(1,1,57) 2854
Eb(1,1,58) 2855
Eb(1,1,59) 2856
Eb(1,1,60) 2857
Eb(1,1,61) 2858
Eb(1,1,62) 2859
Sa(1,2,5) 2860
Eb(1,2,38) 2861
Sa(1,2,1) 2862
Sa(1,2,0) 2863
Sa(1,2,2) 2864
Sa(1,2,3) 2865
Sa(1,2,4) 2866
Eb(1,2,0) 2867
Eb(1,2,1) 2868
Eb(1,2,2) 2869
Eb(1,2,3) 2870
Eb(1,2,4) 2871
Eb(1,2,5) 2872
Eb(1,2,6) 2873
Eb(1,2,7) 2874
Eb(1,2,8) 2875
Eb(1,2,9) 2876
Eb(1,2,10) 2877
Eb(1,2,11) 2878
Eb(1,2,12) 2879
Eb(1,2,13) 2880
Eb(1,2,14) 2881
Eb(1,2,15) 2882
Eb(1,2,16) 2883
Eb(1,2,17) 2884
Eb(1,2,18) 2885
Eb(1,2,19) 2886
Eb(1,2,20) 2887
Eb(1,2,21) 2888
Eb(1,2,22) 2889
Eb(1,2,23) 2890
Eb(1,2,24) 2891
Eb(1,2,25) 2892
Eb(1,2,26) 2893
Eb(1,2,27) 2894
Eb(1,2,28) 2895
Eb(1,2,29) 2896
Eb(1,2,30) 2897
Eb(1,2,31) 2898
Eb(1,2,32) 2899
Eb(1,2,33) 2900
Eb(1,2,34) 2901
Eb(1,2,35) 2902
Eb(1,2,36) 2903
Eb(1,2,37) 2904
Eb(1,2,39) 2905
Eb(1,2,40) 2906
Eb(1,2,41) 2907
Eb(1,2,42) 2908
Eb(1,2,43) 2909
Eb(1,2,44) 2910
Eb(1,2,45) 2911
Eb(1,2,46) 2912
Eb(1,2,47) 2913
Eb(1,2,48) 2914
Eb(1,2,49) 2915
Eb(1,2,50) 2916
Eb(1,2,51) 2917
Eb(1,2,52) 2918
Eb(1,2,53) 2919
Eb(1,2,54) 2920
Eb(1,2,55) 2921
Eb(1,2,56) 2922
Eb(1,2,57) 2923
Eb(1,2,58) 2924
Eb(1,2,59) 2925
Eb(1,2,60) 2926
Eb(1,2,61) 2927
Eb(1,2,62) 2928
Eb(1,3,48) 2929
Sa(1,3,1) 2930
Sa(1,3,0) 2931
Sa(1,3,2) 2932
Eb(1,3,0) 2933
Eb(1,3,1) 2934
Eb(1,3,2) 2935
Eb(1,3,3) 2936
Eb(1,3,4) 2937
Eb(1,3,5) 2938
Eb(1,3,6) 2939
Eb(1,3,7) 2940
Eb(1,3,8) 2941
Eb(1,3,9) 2942
Eb(1,3,10) 2943
Eb(1,3,11) 2944
Eb(1,3,12) 2945
Eb(1,3,13) 2946
Eb(1,3,14) 2947
Eb(1,3,15) 2948
Eb(1,3,16) 2949
Eb(1,3,17) 2950
Eb(1,3,18) 2951
Eb(1,3,19) 2952
Eb(1,3,20) 2953
Eb(1,3,21) 2954
Eb(1,3,22) 2955
Eb(1,3,23) 2956
Eb(1,3,24) 2957
Eb(1,3,25) 2958
Eb(1,3,26) 2959
Eb(1,3,27) 2960
Eb(1,3,28) 2961
Eb(1,3,29) 2962
Eb(1,3,30) 2963
Eb(1,3,31) 2964
Eb(1,3,32) 2965
Eb(1,3,33) 2966
Eb(1,3,34) 2967
Eb(1,3,35) 2968
Eb(1,3,36) 2969
Eb(1,3,37) 2970
Eb(1,3,38) 2971
Eb(1,3,39) 2972
Eb(1,3,40) 2973
Eb(1,3,41) 2974
Eb(1,3,42) 2975
Eb(1,3,43) 2976
Eb(1,3,44) 2977
Eb(1,3,45) 2978
Eb(1,3,46) 2979
Eb(1,3,47) 2980
Eb(1,3,49) 2981
Eb(1,3,50) 2982
Eb(1,3,51) 2983
Eb(1,3,52) 2984
Eb(1,3,53) 2985
Eb(1,3,54) 2986
Eb(1,3,55) 2987
Eb(1,3,56) 2988
Eb(1,3,57) 2989
Eb(1,3,58) 2990
Eb(1,3,59) 2991
Eb(1,3,60) 2992
Eb(1,3,61) 2993
Eb(1,3,62) 2994
Eb(1,4,58) 2995
Sa(1,4,1) 2996
Sa(1,4,0) 2997
Sa(1,4,2) 2998
Eb(1,4,0) 2999
Eb(1,4,1) 3000
Eb(1,4,2) 3001
Eb(1,4,3) 3002
Eb(1,4,4) 3003
Eb(1,4,5) 3004
Eb(1,4,6) 3005
Eb(1,4,7) 3006
Eb(1,4,8) 3007
Eb(1,4,9) 3008
Eb(1,4,10) 3009
Eb(1,4,11) 3010
Eb(1,4,12) 3011
Eb(1,4,13) 3012
Eb(1,4,14) 3013
Eb(1,4,15) 3014
Eb(1,4,16) 3015
Eb(1,4,17) 3016
Eb(1,4,18) 3017
Eb(1,4,19) 3018
Eb(1,4,20) 3019
Eb(1,4,21) 3020
Eb(1,4,22) 3021
Eb(1,4,23) 3022
Eb(1,4,24) 3023
Eb(1,4,25) 3024
Eb(1,4,26) 3025
Eb(1,4,27) 3026
Eb(1,4,28) 3027
Eb(1,4,29) 3028
Eb(1,4,30) 3029
Eb(1,4,31) 3030
Eb(1,4,32) 3031
Eb(1,4,33) 3032
Eb(1,4,34) 3033
Eb(1,4,35) 3034
Eb(1,4,36) 3035
Eb(1,4,37) 3036
Eb(1,4,38) 3037
Eb(1,4,39) 3038
Eb(1,4,40) 3039
Eb(1,4,41) 3040
Eb(1,4,42) 3041
Eb(1,4,43) 3042
Eb(1,4,44) 3043
Eb(1,4,45) 3044
Eb(1,4,46) 3045
Eb(1,4,47) 3046
Eb(1,4,48) 3047
Eb(1,4,49) 3048
Eb(1,4,50) 3049
Eb(1,4,51) 3050
Eb(1,4,52) 3051
Eb(1,4,53) 3052
Eb(1,4,54) 3053
Eb(1,4,55) 3054
Eb(1,4,56) 3055
Eb(1,4,57) 3056
Eb(1,4,59) 3057
Eb(1,4,60) 3058
Eb(1,4,61) 3059
Eb(1,4,62) 3060
Eb(1,5,62) 3061
Sa(1,5,1) 3062
Sa(1,5,0) 3063
Sa(1,5,2) 3064
Sa(1,5,3) 3065
Sa(1,5,4) 3066
Sa(1,5,5) 3067
Sa(1,5,6) 3068
Eb(1,5,0) 3069
Eb(1,5,1) 3070
Eb(1,5,2) 3071
Eb(1,5,3) 3072
Eb(1,5,4) 3073
Eb(1,5,5) 3074
Eb(1,5,6) 3075
Eb(1,5,7) 3076
Eb(1,5,8) 3077
Eb(1,5,9) 3078
Eb(1,5,10) 3079
Eb(1,5,11) 3080
Eb(1,5,12) 3081
Eb(1,5,13) 3082
Eb(1,5,14) 3083
Eb(1,5,15) 3084
Eb(1,5,16) 3085
Eb(1,5,17) 3086
Eb(1,5,18) 3087
Eb(1,5,19) 3088
Eb(1,5,20) 3089
Eb(1,5,21) 3090
Eb(1,5,22) 3091
Eb(1,5,23) 3092
Eb(1,5,24) 3093
Eb(1,5,25) 3094
Eb(1,5,26) 3095
Eb(1,5,27) 3096
Eb(1,5,28) 3097
Eb(1,5,29) 3098
Eb(1,5,30) 3099
Eb(1,5,31) 3100
Eb(1,5,32) 3101
Eb(1,5,33) 3102
Eb(1,5,34) 3103
Eb(1,5,35) 3104
Eb(1,5,36) 3105
Eb(1,5,37) 3106
Eb(1,5,38) 3107
Eb(1,5,39) 3108
Eb(1,5,40) 3109
Eb(1,5,41) 3110
Eb(1,5,42) 3111
Eb(1,5,43) 3112
Eb(1,5,44) 3113
Eb(1,5,45) 3114
Eb(1,5,46) 3115
Eb(1,5,47) 3116
Eb(1,5,48) 3117
Eb(1,5,49) 3118
Eb(1,5,50) 3119
Eb(1,5,51) 3120
Eb(1,5,52) 3121
Eb(1,5,53) 3122
Eb(1,5,54) 3123
Eb(1,5,55) 3124
Eb(1,5,56) 3125
Eb(1,5,57) 3126
Eb(1,5,58) 3127
Eb(1,5,59) 3128
Eb(1,5,60) 3129
Eb(1,5,61) 3130
Sa(2,1,4) 3131
Sa(3,3,4) 3132
Sa(4,5,4) 3133
Sa(5,1,4) 3134
Sa(2,1,5) 3135
Sa(3,3,5) 3136
Sa(4,5,5) 3137
Sa(5,1,5) 3138
Sa(2,1,6) 3139
Sa(3,3,6) 3140
Sa(4,5,6) 3141
Sa(5,1,6) 3142
Sa(2,0,0) 3143
Eb(2,0,33) 3144
Eb(2,0,0) 3145
Eb(2,0,1) 3146
Eb(2,0,2) 3147
Eb(2,0,3) 3148
Eb(2,0,4) 3149
Eb(2,0,5) 3150
Eb(2,0,6) 3151
Eb(2,0,7) 3152
Eb(2,0,8) 3153
Eb(2,0,9) 3154
Eb(2,0,10) 3155
Eb(2,0,11) 3156
Eb(2,0,12) 3157
Eb(2,0,13) 3158
Eb(2,0,14) 3159
Eb(2,0,15) 3160
Eb(2,0,16) 3161
Eb(2,0,17) 3162
Eb(2,0,18) 3163
Eb(2,0,19) 3164
Eb(2,0,20) 3165
Eb(2,0,21) 3166
Eb(2,0,22) 3167
Eb(2,0,23) 3168
Eb(2,0,24) 3169
Eb(2,0,25) 3170
Eb(2,0,26) 3171
Eb(2,0,27) 3172
Eb(2,0,28) 3173
Eb(2,0,29) 3174
Eb(2,0,30) 3175
Eb(2,0,31) 3176
Eb(2,0,32) 3177
Eb(2,0,34) 3178
Eb(2,0,35) 3179
Eb(2,0,36) 3180
Eb(2,0,37) 3181
Eb(2,0,38) 3182
Eb(2,0,39) 3183
Eb(2,0,40) 3184
Eb(2,0,41) 3185
Eb(2,0,42) 3186
Eb(2,0,43) 3187
Eb(2,0,44) 3188
Eb(2,0,45) 3189
Eb(2,0,46) 3190
Eb(2,0,47) 3191
Eb(2,0,48) 3192
Eb(2,0,49) 3193
Eb(2,0,50) 3194
Eb(2,0,51) 3195
Eb(2,0,52) 3196
Eb(2,0,53) 3197
Eb(2,0,54) 3198
Eb(2,0,55) 3199
Eb(2,0,56) 3200
Eb(2,0,57) 3201
Eb(2,0,58) 3202
Eb(2,0,59) 3203
Eb(2,0,60) 3204
Eb(2,0,61) 3205
Eb(2,0,62) 3206
Eb(2,1,37) 3207
Sa(2,1,1) 3208
Sa(2,1,0) 3209
Sa(2,1,2) 3210
Sa(2,1,3) 3211
Eb(2,1,0) 3212
Eb(2,1,1) 3213
Eb(2,1,2) 3214
Eb(2,1,3) 3215
Eb(2,1,4) 3216
Eb(2,1,5) 3217
Eb(2,1,6) 3218
Eb(2,1,7) 3219
Eb(2,1,8) 3220
Eb(2,1,9) 3221
Eb(2,1,10) 3222
Eb(2,1,11) 3223
Eb(2,1,12) 3224
Eb(2,1,13) 3225
Eb(2,1,14) 3226
Eb(2,1,15) 3227
Eb(2,1,16) 3228
Eb(2,1,17) 3229
Eb(2,1,18) 3230
Eb(2,1,19) 3231
Eb(2,1,20) 3232
Eb(2,1,21) 3233
Eb(2,1,22) 3234
Eb(2,1,23) 3235
Eb(2,1,24) 3236
Eb(2,1,25) 3237
Eb(2,1,26) 3238
Eb(2,1,27) 3239
Eb(2,1,28) 3240
Eb(2,1,29) 3241
Eb(2,1,30) 3242
Eb(2,1,31) 3243
Eb(2,1,32) 3244
Eb(2,1,33) 3245
Eb(2,1,34) 3246
Eb(2,1,35) 3247
Eb(2,1,36) 3248
Eb(2,1,38) 3249
Eb(2,1,39) 3250
Eb(2,1,40) 3251
Eb(2,1,41) 3252
Eb(2,1,42) 3253
Eb(2,1,43) 3254
Eb(2,1,44) 3255
Eb(2,1,45) 3256
Eb(2,1,46) 3257
Eb(2,1,47) 3258
Eb(2,1,48) 3259
Eb(2,1,49) 3260
Eb(2,1,50) 3261
Eb(2,1,51) 3262
Eb(2,1,52) 3263
Eb(2,1,53) 3264
Eb(2,1,54) 3265
Eb(2,1,55) 3266
Eb(2,1,56) 3267
Eb(2,1,57) 3268
Eb(2,1,58) 3269
Eb(2,1,59) 3270
Eb(2,1,60) 3271
Eb(2,1,61) 3272
Eb(2,1,62) 3273
Eb(2,2,45) 3274
Sa(2,2,1) 3275
Sa(2,2,0) 3276
Sa(2,2,2) 3277
Eb(2,2,0) 3278
Eb(2,2,1) 3279
Eb(2,2,2) 3280
Eb(2,2,3) 3281
Eb(2,2,4) 3282
Eb(2,2,5) 3283
Eb(2,2,6) 3284
Eb(2,2,7) 3285
Eb(2,2,8) 3286
Eb(2,2,9) 3287
Eb(2,2,10) 3288
Eb(2,2,11) 3289
Eb(2,2,12) 3290
Eb(2,2,13) 3291
Eb(2,2,14) 3292
Eb(2,2,15) 3293
Eb(2,2,16) 3294
Eb(2,2,17) 3295
Eb(2,2,18) 3296
Eb(2,2,19) 3297
Eb(2,2,20) 3298
Eb(2,2,21) 3299
Eb(2,2,22) 3300
Eb(2,2,23) 3301
Eb(2,2,24) 3302
Eb(2,2,25) 3303
Eb(2,2,26) 3304
Eb(2,2,27) 3305
Eb(2,2,28) 3306
Eb(2,2,29) 3307
Eb(2,2,30) 3308
Eb(2,2,31) 3309
Eb(2,2,32) 3310
Eb(2,2,33) 3311
Eb(2,2,34) 3312
Eb(2,2,35) 3313
Eb(2,2,36) 3314
Eb(2,2,37) 3315
Eb(2,2,38) 3316
Eb(2,2,39) 3317
Eb(2,2,40) 3318
Eb(2,2,41) 3319
Eb(2,2,42) 3320
Eb(2,2,43) 3321
Eb(2,2,44) 3322
Eb(2,2,46) 3323
Eb(2,2,47) 3324
Eb(2,2,48) 3325
Eb(2,2,49) 3326
Eb(2,2,50) 3327
Eb(2,2,51) 3328
Eb(2,2,52) 3329
Eb(2,2,53) 3330
Eb(2,2,54) 3331
Eb(2,2,55) 3332
Eb(2,2,56) 3333
Eb(2,2,57) 3334
Eb(2,2,58) 3335
Eb(2,2,59) 3336
Eb(2,2,60) 3337
Eb(2,2,61) 3338
Eb(2,2,62) 3339
Eb(2,3,54) 3340
Sa(2,3,1) 3341
Sa(2,3,0) 3342
Sa(2,3,2) 3343
Eb(2,3,0) 3344
Eb(2,3,1) 3345
Eb(2,3,2) 3346
Eb(2,3,3) 3347
Eb(2,3,4) 3348
Eb(2,3,5) 3349
Eb(2,3,6) 3350
Eb(2,3,7) 3351
Eb(2,3,8) 3352
Eb(2,3,9) 3353
Eb(2,3,10) 3354
Eb(2,3,11) 3355
Eb(2,3,12) 3356
Eb(2,3,13) 3357
Eb(2,3,14) 3358
Eb(2,3,15) 3359
Eb(2,3,16) 3360
Eb(2,3,17) 3361
Eb(2,3,18) 3362
Eb(2,3,19) 3363
Eb(2,3,20) 3364
Eb(2,3,21) 3365
Eb(2,3,22) 3366
Eb(2,3,23) 3367
Eb(2,3,24) 3368
Eb(2,3,25) 3369
Eb(2,3,26) 3370
Eb(2,3,27) 3371
Eb(2,3,28) 3372
Eb(2,3,29) 3373
Eb(2,3,30) 3374
Eb(2,3,31) 3375
Eb(2,3,32) 3376
Eb(2,3,33) 3377
Eb(2,3,34) 3378
Eb(2,3,35) 3379
Eb(2,3,36) 3380
Eb(2,3,37) 3381
Eb(2,3,38) 3382
Eb(2,3,39) 3383
Eb(2,3,40) 3384
Eb(2,3,41) 3385
Eb(2,3,42) 3386
Eb(2,3,43) 3387
Eb(2,3,44) 3388
Eb(2,3,45) 3389
Eb(2,3,46) 3390
Eb(2,3,47) 3391
Eb(2,3,48) 3392
Eb(2,3,49) 3393
Eb(2,3,50) 3394
Eb(2,3,51) 3395
Eb(2,3,52) 3396
Eb(2,3,53) 3397
Eb(2,3,55) 3398
Eb(2,3,56) 3399
Eb(2,3,57) 3400
Eb(2,3,58) 3401
Eb(2,3,59) 3402
Eb(2,3,60) 3403
Eb(2,3,61) 3404
Eb(2,3,62) 3405
Eb(2,4,55) 3406
Sa(2,4,1) 3407
Sa(2,4,0) 3408
Sa(2,4,2) 3409
Sa(2,4,3) 3410
Sa(2,4,4) 3411
Sa(2,4,5) 3412
Eb(2,4,0) 3413
Eb(2,4,1) 3414
Eb(2,4,2) 3415
Eb(2,4,3) 3416
Eb(2,4,4) 3417
Eb(2,4,5) 3418
Eb(2,4,6) 3419
Eb(2,4,7) 3420
Eb(2,4,8) 3421
Eb(2,4,9) 3422
Eb(2,4,10) 3423
Eb(2,4,11) 3424
Eb(2,4,12) 3425
Eb(2,4,13) 3426
Eb(2,4,14) 3427
Eb(2,4,15) 3428
Eb(2,4,16) 3429
Eb(2,4,17) 3430
Eb(2,4,18) 3431
Eb(2,4,19) 3432
Eb(2,4,20) 3433
Eb(2,4,21) 3434
Eb(2,4,22) 3435
Eb(2,4,23) 3436
Eb(2,4,24) 3437
Eb(2,4,25) 3438
Eb(2,4,26) 3439
Eb(2,4,27) 3440
Eb(2,4,28) 3441
Eb(2,4,29) 3442
Eb(2,4,30) 3443
Eb(2,4,31) 3444
Eb(2,4,32) 3445
Eb(2,4,33) 3446
Eb(2,4,34) 3447
Eb(2,4,35) 3448
Eb(2,4,36) 3449
Eb(2,4,37) 3450
Eb(2,4,38) 3451
Eb(2,4,39) 3452
Eb(2,4,40) 3453
Eb(2,4,41) 3454
Eb(2,4,42) 3455
Eb(2,4,43) 3456
Eb(2,4,44) 3457
Eb(2,4,45) 3458
Eb(2,4,46) 3459
Eb(2,4,47) 3460
Eb(2,4,48) 3461
Eb(2,4,49) 3462
Eb(2,4,50) 3463
Eb(2,4,51) 3464
Eb(2,4,52) 3465
Eb(2,4,53) 3466
Eb(2,4,54) 3467
Eb(2,4,56) 3468
Eb(2,4,57) 3469
Eb(2,4,58) 3470
Eb(2,4,59) 3471
Eb(2,4,60) 3472
Eb(2,4,61) 3473
Eb(2,4,62) 3474
Sa(2,5,1) 3475
Sa(3,0,1) 3476
Sa(4,1,1) 3477
Sa(5,0,1) 3478
Sa(2,5,2) 3479
Sa(3,0,2) 3480
Sa(4,1,2) 3481
Sa(5,0,2) 3482
Sa(2,5,3) 3483
Sa(3,0,3) 3484
Sa(4,1,3) 3485
Sa(5,0,3) 3486
Sa(2,5,4) 3487
Sa(3,0,4) 3488
Sa(4,1,4) 3489
Sa(5,0,4) 3490
Sa(2,5,5) 3491
Sa(3,0,5) 3492
Sa(4,1,5) 3493
Sa(5,0,5) 3494
Eb(2,5,62) 3495
Sa(2,5,0) 3496
Eb(2,5,0) 3497
Eb(2,5,1) 3498
Eb(2,5,2) 3499
Eb(2,5,3) 3500
Eb(2,5,4) 3501
Eb(2,5,5) 3502
Eb(2,5,6) 3503
Eb(2,5,7) 3504
Eb(2,5,8) 3505
Eb(2,5,9) 3506
Eb(2,5,10) 3507
Eb(2,5,11) 3508
Eb(2,5,12) 3509
Eb(2,5,13) 3510
Eb(2,5,14) 3511
Eb(2,5,15) 3512
Eb(2,5,16) 3513
Eb(2,5,17) 3514
Eb(2,5,18) 3515
Eb(2,5,19) 3516
Eb(2,5,20) 3517
Eb(2,5,21) 3518
Eb(2,5,22) 3519
Eb(2,5,23) 3520
Eb(2,5,24) 3521
Eb(2,5,25) 3522
Eb(2,5,26) 3523
Eb(2,5,27) 3524
Eb(2,5,28) 3525
Eb(2,5,29) 3526
Eb(2,5,30) 3527
Eb(2,5,31) 3528
Eb(2,5,32) 3529
Eb(2,5,33) 3530
Eb(2,5,34) 3531
Eb(2,5,35) 3532
Eb(2,5,36) 3533
Eb(2,5,37) 3534
Eb(2,5,38) 3535
Eb(2,5,39) 3536
Eb(2,5,40) 3537
Eb(2,5,41) 3538
Eb(2,5,42) 3539
Eb(2,5,43) 3540
Eb(2,5,44) 3541
Eb(2,5,45) 3542
Eb(2,5,46) 3543
Eb(2,5,47) 3544
Eb(2,5,48) 3545
Eb(2,5,49) 3546
Eb(2,5,50) 3547
Eb(2,5,51) 3548
Eb(2,5,52) 3549
Eb(2,5,53) 3550
Eb(2,5,54) 3551
Eb(2,5,55) 3552
Eb(2,5,56) 3553
Eb(2,5,57) 3554
Eb(2,5,58) 3555
Eb(2,5,59) 3556
Eb(2,5,60) 3557
Eb(2,5,61) 3558
Sa(3,0,0) 3559
Eb(3,0,32) 3560
Eb(3,0,0) 3561
Eb(3,0,1) 3562
Eb(3,0,2) 3563
Eb(3,0,3) 3564
Eb(3,0,4) 3565
Eb(3,0,5) 3566
Eb(3,0,6) 3567
Eb(3,0,7) 3568
Eb(3,0,8) 3569
Eb(3,0,9) 3570
Eb(3,0,10) 3571
Eb(3,0,11) 3572
Eb(3,0,12) 3573
Eb(3,0,13) 3574
Eb(3,0,14) 3575
Eb(3,0,15) 3576
Eb(3,0,16) 3577
Eb(3,0,17) 3578
Eb(3,0,18) 3579
Eb(3,0,19) 3580
Eb(3,0,20) 3581
Eb(3,0,21) 3582
Eb(3,0,22) 3583
Eb(3,0,23) 3584
Eb(3,0,24) 3585
Eb(3,0,25) 3586
Eb(3,0,26) 3587
Eb(3,0,27) 3588
Eb(3,0,28) 3589
Eb(3,0,29) 3590
Eb(3,0,30) 3591
Eb(3,0,31) 3592
Eb(3,0,33) 3593
Eb(3,0,34) 3594
Eb(3,0,35) 3595
Eb(3,0,36) 3596
Eb(3,0,37) 3597
Eb(3,0,38) 3598
Eb(3,0,39) 3599
Eb(3,0,40) 3600
Eb(3,0,41) 3601
Eb(3,0,42) 3602
Eb(3,0,43) 3603
Eb(3,0,44) 3604
Eb(3,0,45) 3605
Eb(3,0,46) 3606
Eb(3,0,47) 3607
Eb(3,0,48) 3608
Eb(3,0,49) 3609
Eb(3,0,50) 3610
Eb(3,0,51) 3611
Eb(3,0,52) 3612
Eb(3,0,53) 3613
Eb(3,0,54) 3614
Eb(3,0,55) 3615
Eb(3,0,56) 3616
Eb(3,0,57) 3617
Eb(3,0,58) 3618
Eb(3,0,59) 3619
Eb(3,0,60) 3620
Eb(3,0,61) 3621
Eb(3,0,62) 3622
Eb(3,1,37) 3623
Sa(3,1,1) 3624
Sa(3,1,0) 3625
Sa(3,1,2) 3626
Eb(3,1,0) 3627
Eb(3,1,1) 3628
Eb(3,1,2) 3629
Eb(3,1,3) 3630
Eb(3,1,4) 3631
Eb(3,1,5) 3632
Eb(3,1,6) 3633
Eb(3,1,7) 3634
Eb(3,1,8) 3635
Eb(3,1,9) 3636
Eb(3,1,10) 3637
Eb(3,1,11) 3638
Eb(3,1,12) 3639
Eb(3,1,13) 3640
Eb(3,1,14) 3641
Eb(3,1,15) 3642
Eb(3,1,16) 3643
Eb(3,1,17) 3644
Eb(3,1,18) 3645
Eb(3,1,19) 3646
Eb(3,1,20) 3647
Eb(3,1,21) 3648
Eb(3,1,22) 3649
Eb(3,1,23) 3650
Eb(3,1,24) 3651
Eb(3,1,25) 3652
Eb(3,1,26) 3653
Eb(3,1,27) 3654
Eb(3,1,28) 3655
Eb(3,1,29) 3656
Eb(3,1,30) 3657
Eb(3,1,31) 3658
Eb(3,1,32) 3659
Eb(3,1,33) 3660
Eb(3,1,34) 3661
Eb(3,1,35) 3662
Eb(3,1,36) 3663
Eb(3,1,38) 3664
Eb(3,1,39) 3665
Eb(3,1,40) 3666
Eb(3,1,41) 3667
Eb(3,1,42) 3668
Eb(3,1,43) 3669
Eb(3,1,44) 3670
Eb(3,1,45) 3671
Eb(3,1,46) 3672
Eb(3,1,47) 3673
Eb(3,1,48) 3674
Eb(3,1,49) 3675
Eb(3,1,50) 3676
Eb(3,1,51) 3677
Eb(3,1,52) 3678
Eb(3,1,53) 3679
Eb(3,1,54) 3680
Eb(3,1,55) 3681
Eb(3,1,56) 3682
Eb(3,1,57) 3683
Eb(3,1,58) 3684
Eb(3,1,59) 3685
Eb(3,1,60) 3686
Eb(3,1,61) 3687
Eb(3,1,62) 3688
Eb(3,2,42) 3689
Sa(3,2,0) 3690
Eb(3,2,0) 3691
Eb(3,2,1) 3692
Eb(3,2,2) 3693
Eb(3,2,3) 3694
Eb(3,2,4) 3695
Eb(3,2,5) 3696
Eb(3,2,6) 3697
Eb(3,2,7) 3698
Eb(3,2,8) 3699
Eb(3,2,9) 3700
Eb(3,2,10) 3701
Eb(3,2,11) 3702
Eb(3,2,12) 3703
Eb(3,2,13) 3704
Eb(3,2,14) 3705
Eb(3,2,15) 3706
Eb(3,2,16) 3707
Eb(3,2,17) 3708
Eb(3,2,18) 3709
Eb(3,2,19) 3710
Eb(3,2,20) 3711
Eb(3,2,21) 3712
Eb(3,2,22) 3713
Eb(3,2,23) 3714
Eb(3,2,24) 3715
Eb(3,2,25) 3716
Eb(3,2,26) 3717
Eb(3,2,27) 3718
Eb(3,2,28) 3719
Eb(3,2,29) 3720
Eb(3,2,30) 3721
Eb(3,2,31) 3722
Eb(3,2,32) 3723
Eb(3,2,33) 3724
Eb(3,2,34) 3725
Eb(3,2,35) 3726
Eb(3,2,36) 3727
Eb(3,2,37) 3728
Eb(3,2,38) 3729
Eb(3,2,39) 3730
Eb(3,2,40) 3731
Eb(3,2,41) 3732
Eb(3,2,43) 3733
Eb(3,2,44) 3734
Eb(3,2,45) 3735
Eb(3,2,46) 3736
Eb(3,2,47) 3737
Eb(3,2,48) 3738
Eb(3,2,49) 3739
Eb(3,2,50) 3740
Eb(3,2,51) 3741
Eb(3,2,52) 3742
Eb(3,2,53) 3743
Eb(3,2,54) 3744
Eb(3,2,55) 3745
Eb(3,2,56) 3746
Eb(3,2,57) 3747
Eb(3,2,58) 3748
Eb(3,2,59) 3749
Eb(3,2,60) 3750
Eb(3,2,61) 3751
Eb(3,2,62) 3752
Eb(3,3,45) 3753
Sa(3,3,1) 3754
Sa(3,3,0) 3755
Sa(3,3,2) 3756
Sa(3,3,3) 3757
Eb(3,3,0) 3758
Eb(3,3,1) 3759
Eb(3,3,2) 3760
Eb(3,3,3) 3761
Eb(3,3,4) 3762
Eb(3,3,5) 3763
Eb(3,3,6) 3764
Eb(3,3,7) 3765
Eb(3,3,8) 3766
Eb(3,3,9) 3767
Eb(3,3,10) 3768
Eb(3,3,11) 3769
Eb(3,3,12) 3770
Eb(3,3,13) 3771
Eb(3,3,14) 3772
Eb(3,3,15) 3773
Eb(3,3,16) 3774
Eb(3,3,17) 3775
Eb(3,3,18) 3776
Eb(3,3,19) 3777
Eb(3,3,20) 3778
Eb(3,3,21) 3779
Eb(3,3,22) 3780
Eb(3,3,23) 3781
Eb(3,3,24) 3782
Eb(3,3,25) 3783
Eb(3,3,26) 3784
Eb(3,3,27) 3785
Eb(3,3,28) 3786
Eb(3,3,29) 3787
Eb(3,3,30) 3788
Eb(3,3,31) 3789
Eb(3,3,32) 3790
Eb(3,3,33) 3791
Eb(3,3,34) 3792
Eb(3,3,35) 3793
Eb(3,3,36) 3794
Eb(3,3,37) 3795
Eb(3,3,38) 3796
Eb(3,3,39) 3797
Eb(3,3,40) 3798
Eb(3,3,41) 3799
Eb(3,3,42) 3800
Eb(3,3,43) 3801
Eb(3,3,44) 3802
Eb(3,3,46) 3803
Eb(3,3,47) 3804
Eb(3,3,48) 3805
Eb(3,3,49) 3806
Eb(3,3,50) 3807
Eb(3,3,51) 3808
Eb(3,3,52) 3809
Eb(3,3,53) 3810
Eb(3,3,54) 3811
Eb(3,3,55) 3812
Eb(3,3,56) 3813
Eb(3,3,57) 3814
Eb(3,3,58) 3815
Eb(3,3,59) 3816
Eb(3,3,60) 3817
Eb(3,3,61) 3818
Eb(3,3,62) 3819
Sa(3,4,3) 3820
Sa(4,5,3) 3821
Sa(5,1,3) 3822
Sa(3,4,4) 3823
Sa(3,4,5) 3824
Eb(3,4,53) 3825
Sa(3,4,1) 3826
Sa(3,4,0) 3827
Sa(3,4,2) 3828
Eb(3,4,0) 3829
Eb(3,4,1) 3830
Eb(3,4,2) 3831
Eb(3,4,3) 3832
Eb(3,4,4) 3833
Eb(3,4,5) 3834
Eb(3,4,6) 3835
Eb(3,4,7) 3836
Eb(3,4,8) 3837
Eb(3,4,9) 3838
Eb(3,4,10) 3839
Eb(3,4,11) 3840
Eb(3,4,12) 3841
Eb(3,4,13) 3842
Eb(3,4,14) 3843
Eb(3,4,15) 3844
Eb(3,4,16) 3845
Eb(3,4,17) 3846
Eb(3,4,18) 3847
Eb(3,4,19) 3848
Eb(3,4,20) 3849
Eb(3,4,21) 3850
Eb(3,4,22) 3851
Eb(3,4,23) 3852
Eb(3,4,24) 3853
Eb(3,4,25) 3854
Eb(3,4,26) 3855
Eb(3,4,27) 3856
Eb(3,4,28) 3857
Eb(3,4,29) 3858
Eb(3,4,30) 3859
Eb(3,4,31) 3860
Eb(3,4,32) 3861
Eb(3,4,33) 3862
Eb(3,4,34) 3863
Eb(3,4,35) 3864
Eb(3,4,36) 3865
Eb(3,4,37) 3866
Eb(3,4,38) 3867
Eb(3,4,39) 3868
Eb(3,4,40) 3869
Eb(3,4,41) 3870
Eb(3,4,42) 3871
Eb(3,4,43) 3872
Eb(3,4,44) 3873
Eb(3,4,45) 3874
Eb(3,4,46) 3875
Eb(3,4,47) 3876
Eb(3,4,48) 3877
Eb(3,4,49) 3878
Eb(3,4,50) 3879
Eb(3,4,51) 3880
Eb(3,4,52) 3881
Eb(3,4,54) 3882
Eb(3,4,55) 3883
Eb(3,4,56) 3884
Eb(3,4,57) 3885
Eb(3,4,58) 3886
Eb(3,4,59) 3887
Eb(3,4,60) 3888
Eb(3,4,61) 3889
Eb(3,4,62) 3890
Eb(3,5,62) 3891
Sa(3,5,1) 3892
Sa(3,5,0) 3893
Sa(3,5,2) 3894
Eb(3,5,0) 3895
Eb(3,5,1) 3896
Eb(3,5,2) 3897
Eb(3,5,3) 3898
Eb(3,5,4) 3899
Eb(3,5,5) 3900
Eb(3,5,6) 3901
Eb(3,5,7) 3902
Eb(3,5,8) 3903
Eb(3,5,9) 3904
Eb(3,5,10) 3905
Eb(3,5,11) 3906
Eb(3,5,12) 3907
Eb(3,5,13) 3908
Eb(3,5,14) 3909
Eb(3,5,15) 3910
Eb(3,5,16) 3911
Eb(3,5,17) 3912
Eb(3,5,18) 3913
Eb(3,5,19) 3914
Eb(3,5,20) 3915
Eb(3,5,21) 3916
Eb(3,5,22) 3917
Eb(3,5,23) 3918
Eb(3,5,24) 3919
Eb(3,5,25) 3920
Eb(3,5,26) 3921
Eb(3,5,27) 3922
Eb(3,5,28) 3923
Eb(3,5,29) 3924
Eb(3,5,30) 3925
Eb(3,5,31) 3926
Eb(3,5,32) 3927
Eb(3,5,33) 3928
Eb(3,5,34) 3929
Eb(3,5,35) 3930
Eb(3,5,36) 3931
Eb(3,5,37) 3932
Eb(3,5,38) 3933
Eb(3,5,39) 3934
Eb(3,5,40) 3935
Eb(3,5,41) 3936
Eb(3,5,42) 3937
Eb(3,5,43) 3938
Eb(3,5,44) 3939
Eb(3,5,45) 3940
Eb(3,5,46) 3941
Eb(3,5,47) 3942
Eb(3,5,48) 3943
Eb(3,5,49) 3944
Eb(3,5,50) 3945
Eb(3,5,51) 3946
Eb(3,5,52) 3947
Eb(3,5,53) 3948
Eb(3,5,54) 3949
Eb(3,5,55) 3950
Eb(3,5,56) 3951
Eb(3,5,57) 3952
Eb(3,5,58) 3953
Eb(3,5,59) 3954
Eb(3,5,60) 3955
Eb(3,5,61) 3956
Sa(4,0,0) 3957
Eb(4,0,46) 3958
Eb(4,0,0) 3959
Eb(4,0,1) 3960
Eb(4,0,2) 3961
Eb(4,0,3) 3962
Eb(4,0,4) 3963
Eb(4,0,5) 3964
Eb(4,0,6) 3965
Eb(4,0,7) 3966
Eb(4,0,8) 3967
Eb(4,0,9) 3968
Eb(4,0,10) 3969
Eb(4,0,11) 3970
Eb(4,0,12) 3971
Eb(4,0,13) 3972
Eb(4,0,14) 3973
Eb(4,0,15) 3974
Eb(4,0,16) 3975
Eb(4,0,17) 3976
Eb(4,0,18) 3977
Eb(4,0,19) 3978
Eb(4,0,20) 3979
Eb(4,0,21) 3980
Eb(4,0,22) 3981
Eb(4,0,23) 3982
Eb(4,0,24) 3983
Eb(4,0,25) 3984
Eb(4,0,26) 3985
Eb(4,0,27) 3986
Eb(4,0,28) 3987
Eb(4,0,29) 3988
Eb(4,0,30) 3989
Eb(4,0,31) 3990
Eb(4,0,32) 3991
Eb(4,0,33) 3992
Eb(4,0,34) 3993
Eb(4,0,35) 3994
Eb(4,0,36) 3995
Eb(4,0,37) 3996
Eb(4,0,38) 3997
Eb(4,0,39) 3998
Eb(4,0,40) 3999
Eb(4,0,41) 4000
Eb(4,0,42) 4001
Eb(4,0,43) 4002
Eb(4,0,44) 4003
Eb(4,0,45) 4004
Eb(4,0,47) 4005
Eb(4,0,48) 4006
Eb(4,0,49) 4007
Eb(4,0,50) 4008
Eb(4,0,51) 4009
Eb(4,0,52) 4010
Eb(4,0,53) 4011
Eb(4,0,54) 4012
Eb(4,0,55) 4013
Eb(4,0,56) 4014
Eb(4,0,57) 4015
Eb(4,0,58) 4016
Eb(4,0,59) 4017
Eb(4,0,60) 4018
Eb(4,0,61) 4019
Eb(4,0,62) 4020
Eb(4,1,49) 4021
Sa(4,1,0) 4022
Eb(4,1,0) 4023
Eb(4,1,1) 4024
Eb(4,1,2) 4025
Eb(4,1,3) 4026
Eb(4,1,4) 4027
Eb(4,1,5) 4028
Eb(4,1,6) 4029
Eb(4,1,7) 4030
Eb(4,1,8) 4031
Eb(4,1,9) 4032
Eb(4,1,10) 4033
Eb(4,1,11) 4034
Eb(4,1,12) 4035
Eb(4,1,13) 4036
Eb(4,1,14) 4037
Eb(4,1,15) 4038
Eb(4,1,16) 4039
Eb(4,1,17) 4040
Eb(4,1,18) 4041
Eb(4,1,19) 4042
Eb(4,1,20) 4043
Eb(4,1,21) 4044
Eb(4,1,22) 4045
Eb(4,1,23) 4046
Eb(4,1,24) 4047
Eb(4,1,25) 4048
Eb(4,1,26) 4049
Eb(4,1,27) 4050
Eb(4,1,28) 4051
Eb(4,1,29) 4052
Eb(4,1,30) 4053
Eb(4,1,31) 4054
Eb(4,1,32) 4055
Eb(4,1,33) 4056
Eb(4,1,34) 4057
Eb(4,1,35) 4058
Eb(4,1,36) 4059
Eb(4,1,37) 4060
Eb(4,1,38) 4061
Eb(4,1,39) 4062
Eb(4,1,40) 4063
Eb(4,1,41) 4064
Eb(4,1,42) 4065
Eb(4,1,43) 4066
Eb(4,1,44) 4067
Eb(4,1,45) 4068
Eb(4,1,46) 4069
Eb(4,1,47) 4070
Eb(4,1,48) 4071
Eb(4,1,50) 4072
Eb(4,1,51) 4073
Eb(4,1,52) 4074
Eb(4,1,53) 4075
Eb(4,1,54) 4076
Eb(4,1,55) 4077
Eb(4,1,56) 4078
Eb(4,1,57) 4079
Eb(4,1,58) 4080
Eb(4,1,59) 4081
Eb(4,1,60) 4082
Eb(4,1,61) 4083
Eb(4,1,62) 4084
Sa(4,2,3) 4085
Sa(4,2,4) 4086
Sa(4,2,5) 4087
Eb(4,2,54) 4088
Sa(4,2,1) 4089
Sa(4,2,0) 4090
Sa(4,2,2) 4091
Eb(4,2,0) 4092
Eb(4,2,1) 4093
Eb(4,2,2) 4094
Eb(4,2,3) 4095
Eb(4,2,4) 4096
Eb(4,2,5) 4097
Eb(4,2,6) 4098
Eb(4,2,7) 4099
Eb(4,2,8) 4100
Eb(4,2,9) 4101
Eb(4,2,10) 4102
Eb(4,2,11) 4103
Eb(4,2,12) 4104
Eb(4,2,13) 4105
Eb(4,2,14) 4106
Eb(4,2,15) 4107
Eb(4,2,16) 4108
Eb(4,2,17) 4109
Eb(4,2,18) 4110
Eb(4,2,19) 4111
Eb(4,2,20) 4112
Eb(4,2,21) 4113
Eb(4,2,22) 4114
Eb(4,2,23) 4115
Eb(4,2,24) 4116
Eb(4,2,25) 4117
Eb(4,2,26) 4118
Eb(4,2,27) 4119
Eb(4,2,28) 4120
Eb(4,2,29) 4121
Eb(4,2,30) 4122
Eb(4,2,31) 4123
Eb(4,2,32) 4124
Eb(4,2,33) 4125
Eb(4,2,34) 4126
Eb(4,2,35) 4127
Eb(4,2,36) 4128
Eb(4,2,37) 4129
Eb(4,2,38) 4130
Eb(4,2,39) 4131
Eb(4,2,40) 4132
Eb(4,2,41) 4133
Eb(4,2,42) 4134
Eb(4,2,43) 4135
Eb(4,2,44) 4136
Eb(4,2,45) 4137
Eb(4,2,46) 4138
Eb(4,2,47) 4139
Eb(4,2,48) 4140
Eb(4,2,49) 4141
Eb(4,2,50) 4142
Eb(4,2,51) 4143
Eb(4,2,52) 4144
Eb(4,2,53) 4145
Eb(4,2,55) 4146
Eb(4,2,56) 4147
Eb(4,2,57) 4148
Eb(4,2,58) 4149
Eb(4,2,59) 4150
Eb(4,2,60) 4151
Eb(4,2,61) 4152
Eb(4,2,62) 4153
Sa(5,4,5) 4154
Eb(4,3,58) 4155
Sa(4,3,1) 4156
Sa(4,3,0) 4157
Sa(4,3,2) 4158
Eb(4,3,0) 4159
Eb(4,3,1) 4160
Eb(4,3,2) 4161
Eb(4,3,3) 4162
Eb(4,3,4) 4163
Eb(4,3,5) 4164
Eb(4,3,6) 4165
Eb(4,3,7) 4166
Eb(4,3,8) 4167
Eb(4,3,9) 4168
Eb(4,3,10) 4169
Eb(4,3,11) 4170
Eb(4,3,12) 4171
Eb(4,3,13) 4172
Eb(4,3,14) 4173
Eb(4,3,15) 4174
Eb(4,3,16) 4175
Eb(4,3,17) 4176
Eb(4,3,18) 4177
Eb(4,3,19) 4178
Eb(4,3,20) 4179
Eb(4,3,21) 4180
Eb(4,3,22) 4181
Eb(4,3,23) 4182
Eb(4,3,24) 4183
Eb(4,3,25) 4184
Eb(4,3,26) 4185
Eb(4,3,27) 4186
Eb(4,3,28) 4187
Eb(4,3,29) 4188
Eb(4,3,30) 4189
Eb(4,3,31) 4190
Eb(4,3,32) 4191
Eb(4,3,33) 4192
Eb(4,3,34) 4193
Eb(4,3,35) 4194
Eb(4,3,36) 4195
Eb(4,3,37) 4196
Eb(4,3,38) 4197
Eb(4,3,39) 4198
Eb(4,3,40) 4199
Eb(4,3,41) 4200
Eb(4,3,42) 4201
Eb(4,3,43) 4202
Eb(4,3,44) 4203
Eb(4,3,45) 4204
Eb(4,3,46) 4205
Eb(4,3,47) 4206
Eb(4,3,48) 4207
Eb(4,3,49) 4208
Eb(4,3,50) 4209
Eb(4,3,51) 4210
Eb(4,3,52) 4211
Eb(4,3,53) 4212
Eb(4,3,54) 4213
Eb(4,3,55) 4214
Eb(4,3,56) 4215
Eb(4,3,57) 4216
Eb(4,3,59) 4217
Eb(4,3,60) 4218
Eb(4,3,61) 4219
Eb(4,3,62) 4220
Eb(4,4,61) 4221
Sa(4,4,1) 4222
Sa(4,4,0) 4223
Sa(4,4,2) 4224
Eb(4,4,0) 4225
Eb(4,4,1) 4226
Eb(4,4,2) 4227
Eb(4,4,3) 4228
Eb(4,4,4) 4229
Eb(4,4,5) 4230
Eb(4,4,6) 4231
Eb(4,4,7) 4232
Eb(4,4,8) 4233
Eb(4,4,9) 4234
Eb(4,4,10) 4235
Eb(4,4,11) 4236
Eb(4,4,12) 4237
Eb(4,4,13) 4238
Eb(4,4,14) 4239
Eb(4,4,15) 4240
Eb(4,4,16) 4241
Eb(4,4,17) 4242
Eb(4,4,18) 4243
Eb(4,4,19) 4244
Eb(4,4,20) 4245
Eb(4,4,21) 4246
Eb(4,4,22) 4247
Eb(4,4,23) 4248
Eb(4,4,24) 4249
Eb(4,4,25) 4250
Eb(4,4,26) 4251
Eb(4,4,27) 4252
Eb(4,4,28) 4253
Eb(4,4,29) 4254
Eb(4,4,30) 4255
Eb(4,4,31) 4256
Eb(4,4,32) 4257
Eb(4,4,33) 4258
Eb(4,4,34) 4259
Eb(4,4,35) 4260
Eb(4,4,36) 4261
Eb(4,4,37) 4262
Eb(4,4,38) 4263
Eb(4,4,39) 4264
Eb(4,4,40) 4265
Eb(4,4,41) 4266
Eb(4,4,42) 4267
Eb(4,4,43) 4268
Eb(4,4,44) 4269
Eb(4,4,45) 4270
Eb(4,4,46) 4271
Eb(4,4,47) 4272
Eb(4,4,48) 4273
Eb(4,4,49) 4274
Eb(4,4,50) 4275
Eb(4,4,51) 4276
Eb(4,4,52) 4277
Eb(4,4,53) 4278
Eb(4,4,54) 4279
Eb(4,4,55) 4280
Eb(4,4,56) 4281
Eb(4,4,57) 4282
Eb(4,4,58) 4283
Eb(4,4,59) 4284
Eb(4,4,60) 4285
Eb(4,4,62) 4286
Eb(4,5,62) 4287
Sa(4,5,1) 4288
Sa(4,5,0) 4289
Sa(4,5,2) 4290
Eb(4,5,0) 4291
Eb(4,5,1) 4292
Eb(4,5,2) 4293
Eb(4,5,3) 4294
Eb(4,5,4) 4295
Eb(4,5,5) 4296
Eb(4,5,6) 4297
Eb(4,5,7) 4298
Eb(4,5,8) 4299
Eb(4,5,9) 4300
Eb(4,5,10) 4301
Eb(4,5,11) 4302
Eb(4,5,12) 4303
Eb(4,5,13) 4304
Eb(4,5,14) 4305
Eb(4,5,15) 4306
Eb(4,5,16) 4307
Eb(4,5,17) 4308
Eb(4,5,18) 4309
Eb(4,5,19) 4310
Eb(4,5,20) 4311
Eb(4,5,21) 4312
Eb(4,5,22) 4313
Eb(4,5,23) 4314
Eb(4,5,24) 4315
Eb(4,5,25) 4316
Eb(4,5,26) 4317
Eb(4,5,27) 4318
Eb(4,5,28) 4319
Eb(4,5,29) 4320
Eb(4,5,30) 4321
Eb(4,5,31) 4322
Eb(4,5,32) 4323
Eb(4,5,33) 4324
Eb(4,5,34) 4325
Eb(4,5,35) 4326
Eb(4,5,36) 4327
Eb(4,5,37) 4328
Eb(4,5,38) 4329
Eb(4,5,39) 4330
Eb(4,5,40) 4331
Eb(4,5,41) 4332
Eb(4,5,42) 4333
Eb(4,5,43) 4334
Eb(4,5,44) 4335
Eb(4,5,45) 4336
Eb(4,5,46) 4337
Eb(4,5,47) 4338
Eb(4,5,48) 4339
Eb(4,5,49) 4340
Eb(4,5,50) 4341
Eb(4,5,51) 4342
Eb(4,5,52) 4343
Eb(4,5,53) 4344
Eb(4,5,54) 4345
Eb(4,5,55) 4346
Eb(4,5,56) 4347
Eb(4,5,57) 4348
Eb(4,5,58) 4349
Eb(4,5,59) 4350
Eb(4,5,60) 4351
Eb(4,5,61) 4352
Sa(5,1,1) 4353
Sa(5,1,2) 4354
Sa(5,0,0) 4355
Eb(5,0,35) 4356
Eb(5,0,0) 4357
Eb(5,0,1) 4358
Eb(5,0,2) 4359
Eb(5,0,3) 4360
Eb(5,0,4) 4361
Eb(5,0,5) 4362
Eb(5,0,6) 4363
Eb(5,0,7) 4364
Eb(5,0,8) 4365
Eb(5,0,9) 4366
Eb(5,0,10) 4367
Eb(5,0,11) 4368
Eb(5,0,12) 4369
Eb(5,0,13) 4370
Eb(5,0,14) 4371
Eb(5,0,15) 4372
Eb(5,0,16) 4373
Eb(5,0,17) 4374
Eb(5,0,18) 4375
Eb(5,0,19) 4376
Eb(5,0,20) 4377
Eb(5,0,21) 4378
Eb(5,0,22) 4379
Eb(5,0,23) 4380
Eb(5,0,24) 4381
Eb(5,0,25) 4382
Eb(5,0,26) 4383
Eb(5,0,27) 4384
Eb(5,0,28) 4385
Eb(5,0,29) 4386
Eb(5,0,30) 4387
Eb(5,0,31) 4388
Eb(5,0,32) 4389
Eb(5,0,33) 4390
Eb(5,0,34) 4391
Eb(5,0,36) 4392
Eb(5,0,37) 4393
Eb(5,0,38) 4394
Eb(5,0,39) 4395
Eb(5,0,40) 4396
Eb(5,0,41) 4397
Eb(5,0,42) 4398
Eb(5,0,43) 4399
Eb(5,0,44) 4400
Eb(5,0,45) 4401
Eb(5,0,46) 4402
Eb(5,0,47) 4403
Eb(5,0,48) 4404
Eb(5,0,49) 4405
Eb(5,0,50) 4406
Eb(5,0,51) 4407
Eb(5,0,52) 4408
Eb(5,0,53) 4409
Eb(5,0,54) 4410
Eb(5,0,55) 4411
Eb(5,0,56) 4412
Eb(5,0,57) 4413
Eb(5,0,58) 4414
Eb(5,0,59) 4415
Eb(5,0,60) 4416
Eb(5,0,61) 4417
Eb(5,0,62) 4418
Eb(5,1,38) 4419
Sa(5,1,0) 4420
Eb(5,1,0) 4421
Eb(5,1,1) 4422
Eb(5,1,2) 4423
Eb(5,1,3) 4424
Eb(5,1,4) 4425
Eb(5,1,5) 4426
Eb(5,1,6) 4427
Eb(5,1,7) 4428
Eb(5,1,8) 4429
Eb(5,1,9) 4430
Eb(5,1,10) 4431
Eb(5,1,11) 4432
Eb(5,1,12) 4433
Eb(5,1,13) 4434
Eb(5,1,14) 4435
Eb(5,1,15) 4436
Eb(5,1,16) 4437
Eb(5,1,17) 4438
Eb(5,1,18) 4439
Eb(5,1,19) 4440
Eb(5,1,20) 4441
Eb(5,1,21) 4442
Eb(5,1,22) 4443
Eb(5,1,23) 4444
Eb(5,1,24) 4445
Eb(5,1,25) 4446
Eb(5,1,26) 4447
Eb(5,1,27) 4448
Eb(5,1,28) 4449
Eb(5,1,29) 4450
Eb(5,1,30) 4451
Eb(5,1,31) 4452
Eb(5,1,32) 4453
Eb(5,1,33) 4454
Eb(5,1,34) 4455
Eb(5,1,35) 4456
Eb(5,1,36) 4457
Eb(5,1,37) 4458
Eb(5,1,39) 4459
Eb(5,1,40) 4460
Eb(5,1,41) 4461
Eb(5,1,42) 4462
Eb(5,1,43) 4463
Eb(5,1,44) 4464
Eb(5,1,45) 4465
Eb(5,1,46) 4466
Eb(5,1,47) 4467
Eb(5,1,48) 4468
Eb(5,1,49) 4469
Eb(5,1,50) 4470
Eb(5,1,51) 4471
Eb(5,1,52) 4472
Eb(5,1,53) 4473
Eb(5,1,54) 4474
Eb(5,1,55) 4475
Eb(5,1,56) 4476
Eb(5,1,57) 4477
Eb(5,1,58) 4478
Eb(5,1,59) 4479
Eb(5,1,60) 4480
Eb(5,1,61) 4481
Eb(5,1,62) 4482
Eb(5,2,47) 4483
Sa(5,2,1) 4484
Sa(5,2,0) 4485
Sa(5,2,2) 4486
Eb(5,2,0) 4487
Eb(5,2,1) 4488
Eb(5,2,2) 4489
Eb(5,2,3) 4490
Eb(5,2,4) 4491
Eb(5,2,5) 4492
Eb(5,2,6) 4493
Eb(5,2,7) 4494
Eb(5,2,8) 4495
Eb(5,2,9) 4496
Eb(5,2,10) 4497
Eb(5,2,11) 4498
Eb(5,2,12) 4499
Eb(5,2,13) 4500
Eb(5,2,14) 4501
Eb(5,2,15) 4502
Eb(5,2,16) 4503
Eb(5,2,17) 4504
Eb(5,2,18) 4505
Eb(5,2,19) 4506
Eb(5,2,20) 4507
Eb(5,2,21) 4508
Eb(5,2,22) 4509
Eb(5,2,23) 4510
Eb(5,2,24) 4511
Eb(5,2,25) 4512
Eb(5,2,26) 4513
Eb(5,2,27) 4514
Eb(5,2,28) 4515
Eb(5,2,29) 4516
Eb(5,2,30) 4517
Eb(5,2,31) 4518
Eb(5,2,32) 4519
Eb(5,2,33) 4520
Eb(5,2,34) 4521
Eb(5,2,35) 4522
Eb(5,2,36) 4523
Eb(5,2,37) 4524
Eb(5,2,38) 4525
Eb(5,2,39) 4526
Eb(5,2,40) 4527
Eb(5,2,41) 4528
Eb(5,2,42) 4529
Eb(5,2,43) 4530
Eb(5,2,44) 4531
Eb(5,2,45) 4532
Eb(5,2,46) 4533
Eb(5,2,48) 4534
Eb(5,2,49) 4535
Eb(5,2,50) 4536
Eb(5,2,51) 4537
Eb(5,2,52) 4538
Eb(5,2,53) 4539
Eb(5,2,54) 4540
Eb(5,2,55) 4541
Eb(5,2,56) 4542
Eb(5,2,57) 4543
Eb(5,2,58) 4544
Eb(5,2,59) 4545
Eb(5,2,60) 4546
Eb(5,2,61) 4547
Eb(5,2,62) 4548
Eb(5,3,57) 4549
Sa(5,3,1) 4550
Sa(5,3,0) 4551
Sa(5,3,2) 4552
Eb(5,3,0) 4553
Eb(5,3,1) 4554
Eb(5,3,2) 4555
Eb(5,3,3) 4556
Eb(5,3,4) 4557
Eb(5,3,5) 4558
Eb(5,3,6) 4559
Eb(5,3,7) 4560
Eb(5,3,8) 4561
Eb(5,3,9) 4562
Eb(5,3,10) 4563
Eb(5,3,11) 4564
Eb(5,3,12) 4565
Eb(5,3,13) 4566
Eb(5,3,14) 4567
Eb(5,3,15) 4568
Eb(5,3,16) 4569
Eb(5,3,17) 4570
Eb(5,3,18) 4571
Eb(5,3,19) 4572
Eb(5,3,20) 4573
Eb(5,3,21) 4574
Eb(5,3,22) 4575
Eb(5,3,23) 4576
Eb(5,3,24) 4577
Eb(5,3,25) 4578
Eb(5,3,26) 4579
Eb(5,3,27) 4580
Eb(5,3,28) 4581
Eb(5,3,29) 4582
Eb(5,3,30) 4583
Eb(5,3,31) 4584
Eb(5,3,32) 4585
Eb(5,3,33) 4586
Eb(5,3,34) 4587
Eb(5,3,35) 4588
Eb(5,3,36) 4589
Eb(5,3,37) 4590
Eb(5,3,38) 4591
Eb(5,3,39) 4592
Eb(5,3,40) 4593
Eb(5,3,41) 4594
Eb(5,3,42) 4595
Eb(5,3,43) 4596
Eb(5,3,44) 4597
Eb(5,3,45) 4598
Eb(5,3,46) 4599
Eb(5,3,47) 4600
Eb(5,3,48) 4601
Eb(5,3,49) 4602
Eb(5,3,50) 4603
Eb(5,3,51) 4604
Eb(5,3,52) 4605
Eb(5,3,53) 4606
Eb(5,3,54) 4607
Eb(5,3,55) 4608
Eb(5,3,56) 4609
Eb(5,3,58) 4610
Eb(5,3,59) 4611
Eb(5,3,60) 4612
Eb(5,3,61) 4613
Eb(5,3,62) 4614
Eb(5,4,61) 4615
Sa(5,4,1) 4616
Sa(5,4,0) 4617
Sa(5,4,2) 4618
Sa(5,4,3) 4619
Sa(5,4,4) 4620
Eb(5,4,0) 4621
Eb(5,4,1) 4622
Eb(5,4,2) 4623
Eb(5,4,3) 4624
Eb(5,4,4) 4625
Eb(5,4,5) 4626
Eb(5,4,6) 4627
Eb(5,4,7) 4628
Eb(5,4,8) 4629
Eb(5,4,9) 4630
Eb(5,4,10) 4631
Eb(5,4,11) 4632
Eb(5,4,12) 4633
Eb(5,4,13) 4634
Eb(5,4,14) 4635
Eb(5,4,15) 4636
Eb(5,4,16) 4637
Eb(5,4,17) 4638
Eb(5,4,18) 4639
Eb(5,4,19) 4640
Eb(5,4,20) 4641
Eb(5,4,21) 4642
Eb(5,4,22) 4643
Eb(5,4,23) 4644
Eb(5,4,24) 4645
Eb(5,4,25) 4646
Eb(5,4,26) 4647
Eb(5,4,27) 4648
Eb(5,4,28) 4649
Eb(5,4,29) 4650
Eb(5,4,30) 4651
Eb(5,4,31) 4652
Eb(5,4,32) 4653
Eb(5,4,33) 4654
Eb(5,4,34) 4655
Eb(5,4,35) 4656
Eb(5,4,36) 4657
Eb(5,4,37) 4658
Eb(5,4,38) 4659
Eb(5,4,39) 4660
Eb(5,4,40) 4661
Eb(5,4,41) 4662
Eb(5,4,42) 4663
Eb(5,4,43) 4664
Eb(5,4,44) 4665
Eb(5,4,45) 4666
Eb(5,4,46) 4667
Eb(5,4,47) 4668
Eb(5,4,48) 4669
Eb(5,4,49) 4670
Eb(5,4,50) 4671
Eb(5,4,51) 4672
Eb(5,4,52) 4673
Eb(5,4,53) 4674
Eb(5,4,54) 4675
Eb(5,4,55) 4676
Eb(5,4,56) 4677
Eb(5,4,57) 4678
Eb(5,4,58) 4679
Eb(5,4,59) 4680
Eb(5,4,60) 4681
Eb(5,4,62) 4682
Eb(5,5,62) 4683
Sa(5,5,0) 4684
Eb(5,5,0) 4685
Eb(5,5,1) 4686
Eb(5,5,2) 4687
Eb(5,5,3) 4688
Eb(5,5,4) 4689
Eb(5,5,5) 4690
Eb(5,5,6) 4691
Eb(5,5,7) 4692
Eb(5,5,8) 4693
Eb(5,5,9) 4694
Eb(5,5,10) 4695
Eb(5,5,11) 4696
Eb(5,5,12) 4697
Eb(5,5,13) 4698
Eb(5,5,14) 4699
Eb(5,5,15) 4700
Eb(5,5,16) 4701
Eb(5,5,17) 4702
Eb(5,5,18) 4703
Eb(5,5,19) 4704
Eb(5,5,20) 4705
Eb(5,5,21) 4706
Eb(5,5,22) 4707
Eb(5,5,23) 4708
Eb(5,5,24) 4709
Eb(5,5,25) 4710
Eb(5,5,26) 4711
Eb(5,5,27) 4712
Eb(5,5,28) 4713
Eb(5,5,29) 4714
Eb(5,5,30) 4715
Eb(5,5,31) 4716
Eb(5,5,32) 4717
Eb(5,5,33) 4718
Eb(5,5,34) 4719
Eb(5,5,35) 4720
Eb(5,5,36) 4721
Eb(5,5,37) 4722
Eb(5,5,38) 4723
Eb(5,5,39) 4724
Eb(5,5,40) 4725
Eb(5,5,41) 4726
Eb(5,5,42) 4727
Eb(5,5,43) 4728
Eb(5,5,44) 4729
Eb(5,5,45) 4730
Eb(5,5,46) 4731
Eb(5,5,47) 4732
Eb(5,5,48) 4733
Eb(5,5,49) 4734
Eb(5,5,50) 4735
Eb(5,5,51) 4736
Eb(5,5,52) 4737
Eb(5,5,53) 4738
Eb(5,5,54) 4739
Eb(5,5,55) 4740
Eb(5,5,56) 4741
Eb(5,5,57) 4742
Eb(5,5,58) 4743
Eb(5,5,59) 4744
Eb(5,5,60) 4745
Eb(5,5,61) 4746
