D:\EncodingJSSP\abz9\L663>D:\minisat.exe abz9_L663_encoded.cnf abz9_L663_result.txt
============================[ Problem Statistics ]=============================
|                                                                             |
|  Number of variables:        404380                                         |
|  Number of clauses:         2663848                                         |
|  Parse time:                   4.49 s                                       |
|                                                                             |
============================[ Search Statistics ]==============================
| Conflicts |          ORIGINAL         |          LEARNT          | Progress |
|           |    Vars  Clauses Literals |    Limit  Clauses Lit/Cl |          |
===============================================================================
|       100 |  179650  1971739  5056589 |   722970      100     23 | 55.574 % |
|       250 |  179650  1971739  5056589 |   795268      250     22 | 55.574 % |
|       475 |  179650  1971739  5056589 |   874794      475     24 | 55.574 % |
|       812 |  179650  1971739  5056589 |   962274      812     19 | 55.574 % |
|      1318 |  179650  1971739  5056589 |  1058501     1318     17 | 55.574 % |
|      2077 |  179650  1971739  5056589 |  1164351     2077     15 | 55.574 % |
|      3216 |  179650  1971739  5056589 |  1280787     3216     15 | 55.574 % |
|      4924 |  179650  1971739  5056589 |  1408865     4924     14 | 55.574 % |
|      7486 |  179650  1971739  5056589 |  1549752     7486     14 | 55.574 % |
|     11330 |  179650  1971739  5056589 |  1704727    11330     14 | 55.574 % |
|     17096 |  179650  1971739  5056589 |  1875200    17096     16 | 55.574 % |
|     25745 |  179650  1971739  5056589 |  2062720    25745     17 | 55.574 % |
|     38719 |  179650  1971739  5056589 |  2268992    38719     17 | 55.574 % |
|     58180 |  179650  1971739  5056589 |  2495891    58180     17 | 55.574 % |
|     87372 |  179650  1971739  5056589 |  2745481    87372     18 | 55.574 % |
|    131161 |  179650  1971739  5056589 |  3020029   131161     19 | 55.574 % |
|    196845 |  179650  1971739  5056589 |  3322032   196845     20 | 55.574 % |
|    295371 |  179650  1971739  5056589 |  3654235   295371     21 | 55.574 % |
|    443160 |  179650  1971739  5056589 |  4019658   443160     22 | 55.574 % |
|    664843 |  179534  1968089  5047237 |  4421624   604192     23 | 55.603 % |
|    997368 |  179534  1968089  5047237 |  4863787   936717     26 | 55.603 % |
===============================================================================
restarts              : 2522
conflicts             : 1301012        (112 /sec)
decisions             : 1765732        (0.00 % random) (152 /sec)
propagations          : 12437085094    (1069773 /sec)
conflict literals     : 36651889       (42.86 % deleted)
CPU time              : 11625.9 s

UNSATISFIABLE