(0,0): 0 32 11 43
(0,1): 1 14 48 62
(0,2): 2 15 62 77
(0,3): 3 37 77 114
(0,4): 4 18 115 133
(0,5): 5 43 133 176
(0,6): 6 19 184 203
(0,7): 7 27 203 230
(0,8): 8 28 248 276
(0,9): 9 31 323 354
(1,0): 0 8 3 11
(1,1): 3 12 19 31
(1,2): 4 49 66 115
(1,3): 8 24 115 139
(1,4): 9 52 139 191
(1,5): 6 19 224 243
(1,6): 7 23 285 308
(1,7): 5 19 308 327
(1,8): 2 17 327 344
(1,9): 1 32 349 381
(2,0): 0 25 70 95
(2,1): 7 19 95 114
(2,2): 3 27 114 141
(2,3): 2 45 145 190
(2,4): 6 21 203 224
(2,5): 4 15 224 239
(2,6): 1 13 270 283
(2,7): 5 16 283 299
(2,8): 8 43 299 342
(2,9): 9 19 377 396
(3,0): 0 24 115 139
(3,1): 1 18 141 159
(3,2): 3 41 164 205
(3,3): 8 29 219 248
(3,4): 5 14 249 263
(3,5): 2 17 265 282
(3,6): 4 23 282 305
(3,7): 7 15 308 323
(3,8): 6 18 325 343
(3,9): 9 23 354 377
(4,0): 0 27 43 70
(4,1): 6 29 71 100
(4,2): 1 39 100 139
(4,3): 3 21 141 162
(4,4): 5 15 176 191
(4,5): 2 15 191 206
(4,6): 9 25 206 231
(4,7): 7 26 259 285
(4,8): 8 44 342 386
(4,9): 4 20 386 406
(5,0): 4 17 23 40
(5,1): 0 15 100 115
(5,2): 6 51 133 184
(5,3): 8 17 184 201
(5,4): 2 46 219 265
(5,5): 3 16 270 286
(5,6): 9 33 290 323
(5,7): 7 25 323 348
(5,8): 5 30 351 381
(5,9): 1 25 382 407
(6,0): 4 15 8 23
(6,1): 3 31 31 62
(6,2): 0 25 139 164
(6,3): 9 12 191 203
(6,4): 2 13 206 219
(6,5): 1 51 219 270
(6,6): 8 19 276 295
(6,7): 7 21 348 369
(6,8): 6 12 369 381
(6,9): 5 26 381 407
(7,0): 4 8 0 8
(7,1): 6 29 8 37
(7,2): 9 25 37 62
(7,3): 3 15 62 77
(7,4): 8 17 94 111
(7,5): 2 22 111 133
(7,6): 7 32 139 171
(7,7): 5 20 263 283
(7,8): 0 11 286 297
(7,9): 1 28 297 325
(8,0): 2 41 20 61
(8,1): 6 10 61 71
(8,2): 8 32 139 171
(8,3): 7 5 171 176
(8,4): 4 21 176 197
(8,5): 9 59 231 290
(8,6): 3 26 290 316
(8,7): 1 10 325 335
(8,8): 5 16 335 351
(8,9): 0 29 351 380
(9,0): 2 20 0 20
(9,1): 9 7 20 27
(9,2): 5 44 27 71
(9,3): 8 22 72 94
(9,4): 6 33 100 133
(9,5): 3 25 205 230
(9,6): 7 29 230 259
(9,7): 4 12 305 317
(9,8): 1 14 335 349
(9,9): 0 0 349 349



(1,0): 0 8 3 11
(0,0): 0 32 11 43
(4,0): 0 27 43 70
(2,0): 0 25 70 95
(5,1): 0 15 100 115
(3,0): 0 24 115 139
(6,2): 0 25 139 164
(7,8): 0 11 286 297
(9,9): 0 0 349 349
(8,9): 0 29 351 380
(0,1): 1 14 48 62
(4,2): 1 39 100 139
(3,1): 1 18 141 159
(6,5): 1 51 219 270
(2,6): 1 13 270 283
(7,9): 1 28 297 325
(8,7): 1 10 325 335
(9,8): 1 14 335 349
(1,9): 1 32 349 381
(5,9): 1 25 382 407
(9,0): 2 20 0 20
(8,0): 2 41 20 61
(0,2): 2 15 62 77
(7,5): 2 22 111 133
(2,3): 2 45 145 190
(4,5): 2 15 191 206
(6,4): 2 13 206 219
(5,4): 2 46 219 265
(3,5): 2 17 265 282
(1,8): 2 17 327 344
(1,1): 3 12 19 31
(6,1): 3 31 31 62
(7,3): 3 15 62 77
(0,3): 3 37 77 114
(2,2): 3 27 114 141
(4,3): 3 21 141 162
(3,2): 3 41 164 205
(9,5): 3 25 205 230
(5,5): 3 16 270 286
(8,6): 3 26 290 316
(7,0): 4 8 0 8
(6,0): 4 15 8 23
(5,0): 4 17 23 40
(1,2): 4 49 66 115
(0,4): 4 18 115 133
(8,4): 4 21 176 197
(2,5): 4 15 224 239
(3,6): 4 23 282 305
(9,7): 4 12 305 317
(4,9): 4 20 386 406
(9,2): 5 44 27 71
(0,5): 5 43 133 176
(4,4): 5 15 176 191
(3,4): 5 14 249 263
(7,7): 5 20 263 283
(2,7): 5 16 283 299
(1,7): 5 19 308 327
(8,8): 5 16 335 351
(5,8): 5 30 351 381
(6,9): 5 26 381 407
(7,1): 6 29 8 37
(8,1): 6 10 61 71
(4,1): 6 29 71 100
(9,4): 6 33 100 133
(5,2): 6 51 133 184
(0,6): 6 19 184 203
(2,4): 6 21 203 224
(1,5): 6 19 224 243
(3,8): 6 18 325 343
(6,8): 6 12 369 381
(2,1): 7 19 95 114
(7,6): 7 32 139 171
(8,3): 7 5 171 176
(0,7): 7 27 203 230
(9,6): 7 29 230 259
(4,7): 7 26 259 285
(1,6): 7 23 285 308
(3,7): 7 15 308 323
(5,7): 7 25 323 348
(6,7): 7 21 348 369
(9,3): 8 22 72 94
(7,4): 8 17 94 111
(1,3): 8 24 115 139
(8,2): 8 32 139 171
(5,3): 8 17 184 201
(3,3): 8 29 219 248
(0,8): 8 28 248 276
(6,6): 8 19 276 295
(2,8): 8 43 299 342
(4,8): 8 44 342 386
(9,1): 9 7 20 27
(7,2): 9 25 37 62
(1,4): 9 52 139 191
(6,3): 9 12 191 203
(4,6): 9 25 206 231
(8,5): 9 59 231 290
(5,6): 9 33 290 323
(0,9): 9 31 323 354
(3,9): 9 23 354 377
(2,9): 9 19 377 396

Time taken: 75.7412531375885 seconds
