(0,0): 2 1 17 18
(0,1): 0 3 20 23
(0,2): 1 6 24 30
(0,3): 3 7 30 37
(0,4): 5 3 45 48
(0,5): 4 6 51 57
(1,0): 1 8 0 8
(1,1): 2 5 12 17
(1,2): 4 10 17 27
(1,3): 5 10 31 41
(1,4): 0 10 42 52
(1,5): 3 4 52 56
(2,0): 2 5 0 5
(2,1): 3 4 7 11
(2,2): 5 8 11 19
(2,3): 0 9 23 32
(2,4): 1 1 38 39
(2,5): 4 7 40 47
(3,0): 1 5 8 13
(3,1): 0 5 13 18
(3,2): 2 5 18 23
(3,3): 3 3 24 27
(3,4): 4 8 27 35
(3,5): 5 9 48 57
(4,0): 2 9 23 32
(4,1): 1 3 32 35
(4,2): 4 5 35 40
(4,3): 5 4 41 45
(4,4): 0 3 53 56
(4,5): 3 1 56 57
(5,0): 1 3 16 19
(5,1): 3 3 19 22
(5,2): 5 9 22 31
(5,3): 0 10 32 42
(5,4): 4 4 47 51
(5,5): 2 1 56 57



(3,1): 0 5 13 18
(0,1): 0 3 20 23
(2,3): 0 9 23 32
(5,3): 0 10 32 42
(1,4): 0 10 42 52
(4,4): 0 3 53 56
(1,0): 1 8 0 8
(3,0): 1 5 8 13
(5,0): 1 3 16 19
(0,2): 1 6 24 30
(4,1): 1 3 32 35
(2,4): 1 1 38 39
(2,0): 2 5 0 5
(1,1): 2 5 12 17
(0,0): 2 1 17 18
(3,2): 2 5 18 23
(4,0): 2 9 23 32
(5,5): 2 1 56 57
(2,1): 3 4 7 11
(5,1): 3 3 19 22
(3,3): 3 3 24 27
(0,3): 3 7 30 37
(1,5): 3 4 52 56
(4,5): 3 1 56 57
(1,2): 4 10 17 27
(3,4): 4 8 27 35
(4,2): 4 5 35 40
(2,5): 4 7 40 47
(5,4): 4 4 47 51
(0,5): 4 6 51 57
(2,2): 5 8 11 19
(5,2): 5 9 22 31
(1,3): 5 10 31 41
(4,3): 5 4 41 45
(0,4): 5 3 45 48
(3,5): 5 9 48 57
