(0,0): 0 32 8 40
(0,1): 1 14 43 57
(0,2): 2 15 61 76
(0,3): 3 37 77 114
(0,4): 4 18 114 132
(0,5): 5 43 132 175
(0,6): 6 19 185 204
(0,7): 7 27 204 231
(0,8): 8 28 232 260
(0,9): 9 31 326 357
(1,0): 0 8 0 8
(1,1): 3 12 19 31
(1,2): 4 49 43 92
(1,3): 8 24 110 134
(1,4): 9 52 134 186
(1,5): 6 19 204 223
(1,6): 7 23 231 254
(1,7): 5 19 304 323
(1,8): 2 17 323 340
(1,9): 1 32 341 373
(2,0): 0 25 69 94
(2,1): 7 19 95 114
(2,2): 3 27 114 141
(2,3): 2 45 145 190
(2,4): 6 21 223 244
(2,5): 4 15 244 259
(2,6): 1 13 259 272
(2,7): 5 16 272 288
(2,8): 8 43 291 334
(2,9): 9 19 357 376
(3,0): 0 24 134 158
(3,1): 1 18 197 215
(3,2): 3 41 215 256
(3,3): 8 29 260 289
(3,4): 5 14 289 303
(3,5): 2 17 303 320
(3,6): 4 23 320 343
(3,7): 7 15 343 358
(3,8): 6 18 358 376
(3,9): 9 23 376 399
(4,0): 0 27 40 67
(4,1): 6 29 71 100
(4,2): 1 39 107 146
(4,3): 3 21 167 188
(4,4): 5 15 188 203
(4,5): 2 15 205 220
(4,6): 9 25 251 276
(4,7): 7 26 292 318
(4,8): 8 44 334 378
(4,9): 4 20 378 398
(5,0): 4 17 26 43
(5,1): 0 15 119 134
(5,2): 6 51 134 185
(5,3): 8 17 189 206
(5,4): 2 46 220 266
(5,5): 3 16 266 282
(5,6): 9 33 282 315
(5,7): 7 25 318 343
(5,8): 5 30 343 373
(5,9): 1 25 373 398
(6,0): 4 15 11 26
(6,1): 3 31 31 62
(6,2): 0 25 94 119
(6,3): 9 12 120 132
(6,4): 2 13 132 145
(6,5): 1 51 146 197
(6,6): 8 19 213 232
(6,7): 7 21 271 292
(6,8): 6 12 346 358
(6,9): 5 26 373 399
(7,0): 4 8 0 8
(7,1): 6 29 8 37
(7,2): 9 25 37 62
(7,3): 3 15 62 77
(7,4): 8 17 93 110
(7,5): 2 22 110 132
(7,6): 7 32 134 166
(7,7): 5 20 252 272
(7,8): 0 11 275 286
(7,9): 1 28 286 314
(8,0): 2 41 20 61
(8,1): 6 10 61 71
(8,2): 8 32 134 166
(8,3): 7 5 166 171
(8,4): 4 21 171 192
(8,5): 9 59 192 251
(8,6): 3 26 282 308
(8,7): 1 10 314 324
(8,8): 5 16 324 340
(8,9): 0 29 369 398
(9,0): 2 20 0 20
(9,1): 9 7 20 27
(9,2): 5 44 27 71
(9,3): 8 22 71 93
(9,4): 6 33 101 134
(9,5): 3 25 142 167
(9,6): 7 29 175 204
(9,7): 4 12 308 320
(9,8): 1 14 327 341
(9,9): 0 0 399 399



(1,0): 0 8 0 8
(0,0): 0 32 8 40
(4,0): 0 27 40 67
(2,0): 0 25 69 94
(6,2): 0 25 94 119
(5,1): 0 15 119 134
(3,0): 0 24 134 158
(7,8): 0 11 275 286
(8,9): 0 29 369 398
(9,9): 0 0 399 399
(0,1): 1 14 43 57
(4,2): 1 39 107 146
(6,5): 1 51 146 197
(3,1): 1 18 197 215
(2,6): 1 13 259 272
(7,9): 1 28 286 314
(8,7): 1 10 314 324
(9,8): 1 14 327 341
(1,9): 1 32 341 373
(5,9): 1 25 373 398
(9,0): 2 20 0 20
(8,0): 2 41 20 61
(0,2): 2 15 61 76
(7,5): 2 22 110 132
(6,4): 2 13 132 145
(2,3): 2 45 145 190
(4,5): 2 15 205 220
(5,4): 2 46 220 266
(3,5): 2 17 303 320
(1,8): 2 17 323 340
(1,1): 3 12 19 31
(6,1): 3 31 31 62
(7,3): 3 15 62 77
(0,3): 3 37 77 114
(2,2): 3 27 114 141
(9,5): 3 25 142 167
(4,3): 3 21 167 188
(3,2): 3 41 215 256
(5,5): 3 16 266 282
(8,6): 3 26 282 308
(7,0): 4 8 0 8
(6,0): 4 15 11 26
(5,0): 4 17 26 43
(1,2): 4 49 43 92
(0,4): 4 18 114 132
(8,4): 4 21 171 192
(2,5): 4 15 244 259
(9,7): 4 12 308 320
(3,6): 4 23 320 343
(4,9): 4 20 378 398
(9,2): 5 44 27 71
(0,5): 5 43 132 175
(4,4): 5 15 188 203
(7,7): 5 20 252 272
(2,7): 5 16 272 288
(3,4): 5 14 289 303
(1,7): 5 19 304 323
(8,8): 5 16 324 340
(5,8): 5 30 343 373
(6,9): 5 26 373 399
(7,1): 6 29 8 37
(8,1): 6 10 61 71
(4,1): 6 29 71 100
(9,4): 6 33 101 134
(5,2): 6 51 134 185
(0,6): 6 19 185 204
(1,5): 6 19 204 223
(2,4): 6 21 223 244
(6,8): 6 12 346 358
(3,8): 6 18 358 376
(2,1): 7 19 95 114
(7,6): 7 32 134 166
(8,3): 7 5 166 171
(9,6): 7 29 175 204
(0,7): 7 27 204 231
(1,6): 7 23 231 254
(6,7): 7 21 271 292
(4,7): 7 26 292 318
(5,7): 7 25 318 343
(3,7): 7 15 343 358
(9,3): 8 22 71 93
(7,4): 8 17 93 110
(1,3): 8 24 110 134
(8,2): 8 32 134 166
(5,3): 8 17 189 206
(6,6): 8 19 213 232
(0,8): 8 28 232 260
(3,3): 8 29 260 289
(2,8): 8 43 291 334
(4,8): 8 44 334 378
(9,1): 9 7 20 27
(7,2): 9 25 37 62
(6,3): 9 12 120 132
(1,4): 9 52 134 186
(8,5): 9 59 192 251
(4,6): 9 25 251 276
(5,6): 9 33 282 315
(0,9): 9 31 326 357
(2,9): 9 19 357 376
(3,9): 9 23 376 399

Time taken: 84.60798764228821 seconds
