(0,0): 1 23 260 283
(0,1): 2 45 283 328
(0,2): 0 82 538 620
(0,3): 4 84 620 704
(0,4): 3 38 704 742
(1,0): 2 21 58 79
(1,1): 1 29 148 177
(1,2): 0 18 181 199
(1,3): 4 41 201 242
(1,4): 3 50 279 329
(2,0): 2 38 0 38
(2,1): 3 54 38 92
(2,2): 4 16 279 295
(2,3): 0 52 467 519
(2,4): 1 52 533 585
(3,0): 4 37 242 279
(3,1): 0 54 280 334
(3,2): 2 74 334 408
(3,3): 1 62 408 470
(3,4): 3 57 508 565
(4,0): 4 57 315 372
(4,1): 0 81 386 467
(4,2): 1 61 472 533
(4,3): 3 68 572 640
(4,4): 2 30 640 670
(5,0): 4 81 120 201
(5,1): 0 79 201 280
(5,2): 1 89 283 372
(5,3): 2 89 408 497
(5,4): 3 11 497 508
(6,0): 3 33 0 33
(6,1): 2 20 38 58
(6,2): 0 91 58 149
(6,3): 4 20 295 315
(6,4): 1 66 585 651
(7,0): 4 24 40 64
(7,1): 1 84 64 148
(7,2): 0 32 149 181
(7,3): 2 55 181 236
(7,4): 3 8 236 244
(8,0): 4 56 64 120
(8,1): 0 7 334 341
(8,2): 3 54 341 395
(8,3): 2 64 546 610
(8,4): 1 39 651 690
(9,0): 4 40 0 40
(9,1): 1 83 177 260
(9,2): 0 19 519 538
(9,3): 2 8 538 546
(9,4): 3 7 565 572



(6,2): 0 91 58 149
(7,2): 0 32 149 181
(1,2): 0 18 181 199
(5,1): 0 79 201 280
(3,1): 0 54 280 334
(8,1): 0 7 334 341
(4,1): 0 81 386 467
(2,3): 0 52 467 519
(9,2): 0 19 519 538
(0,2): 0 82 538 620
(7,1): 1 84 64 148
(1,1): 1 29 148 177
(9,1): 1 83 177 260
(0,0): 1 23 260 283
(5,2): 1 89 283 372
(3,3): 1 62 408 470
(4,2): 1 61 472 533
(2,4): 1 52 533 585
(6,4): 1 66 585 651
(8,4): 1 39 651 690
(2,0): 2 38 0 38
(6,1): 2 20 38 58
(1,0): 2 21 58 79
(7,3): 2 55 181 236
(0,1): 2 45 283 328
(3,2): 2 74 334 408
(5,3): 2 89 408 497
(9,3): 2 8 538 546
(8,3): 2 64 546 610
(4,4): 2 30 640 670
(6,0): 3 33 0 33
(2,1): 3 54 38 92
(7,4): 3 8 236 244
(1,4): 3 50 279 329
(8,2): 3 54 341 395
(5,4): 3 11 497 508
(3,4): 3 57 508 565
(9,4): 3 7 565 572
(4,3): 3 68 572 640
(0,4): 3 38 704 742
(9,0): 4 40 0 40
(7,0): 4 24 40 64
(8,0): 4 56 64 120
(5,0): 4 81 120 201
(1,3): 4 41 201 242
(3,0): 4 37 242 279
(2,2): 4 16 279 295
(6,3): 4 20 295 315
(4,0): 4 57 315 372
(0,3): 4 84 620 704

Time taken: 136.74062323570251 seconds
