(0,0): 0 32 124 156
(0,1): 1 14 156 170
(0,2): 2 15 190 205
(0,3): 3 37 209 246
(0,4): 4 18 246 264
(0,5): 5 43 264 307
(0,6): 6 19 307 326
(0,7): 7 27 326 353
(0,8): 8 28 364 392
(0,9): 9 31 392 423
(1,0): 0 8 51 59
(1,1): 3 12 59 71
(1,2): 4 49 71 120
(1,3): 8 24 138 162
(1,4): 9 52 200 252
(1,5): 6 19 284 303
(1,6): 7 23 303 326
(1,7): 5 19 382 401
(1,8): 2 17 430 447
(1,9): 1 32 456 488
(2,0): 0 25 59 84
(2,1): 7 19 84 103
(2,2): 3 27 112 139
(2,3): 2 45 139 184
(2,4): 6 21 184 205
(2,5): 4 15 205 220
(2,6): 1 13 220 233
(2,7): 5 16 233 249
(2,8): 8 43 249 292
(2,9): 9 19 301 320
(3,0): 0 24 27 51
(3,1): 1 18 51 69
(3,2): 3 41 71 112
(3,3): 8 29 162 191
(3,4): 5 14 191 205
(3,5): 2 17 205 222
(3,6): 4 23 222 245
(3,7): 7 15 245 260
(3,8): 6 18 260 278
(3,9): 9 23 278 301
(4,0): 0 27 0 27
(4,1): 6 29 71 100
(4,2): 1 39 100 139
(4,3): 3 21 163 184
(4,4): 5 15 206 221
(4,5): 2 15 222 237
(4,6): 9 25 252 277
(4,7): 7 26 277 303
(4,8): 8 44 320 364
(4,9): 4 20 412 432
(5,0): 4 17 23 40
(5,1): 0 15 84 99
(5,2): 6 51 100 151
(5,3): 8 17 191 208
(5,4): 2 46 250 296
(5,5): 3 16 296 312
(5,6): 9 33 320 353
(5,7): 7 25 374 399
(5,8): 5 30 401 431
(5,9): 1 25 431 456
(6,0): 4 15 8 23
(6,1): 3 31 23 54
(6,2): 0 25 99 124
(6,3): 9 12 124 136
(6,4): 2 13 237 250
(6,5): 1 51 250 301
(6,6): 8 19 301 320
(6,7): 7 21 353 374
(6,8): 6 12 420 432
(6,9): 5 26 451 477
(7,0): 4 8 0 8
(7,1): 6 29 8 37
(7,2): 9 25 37 62
(7,3): 3 15 139 154
(7,4): 8 17 208 225
(7,5): 2 22 296 318
(7,6): 7 32 399 431
(7,7): 5 20 431 451
(7,8): 0 11 451 462
(7,9): 1 28 488 516
(8,0): 2 41 20 61
(8,1): 6 10 61 71
(8,2): 8 32 71 103
(8,3): 7 5 103 108
(8,4): 4 21 120 141
(8,5): 9 59 141 200
(8,6): 3 26 270 296
(8,7): 1 10 301 311
(8,8): 5 16 311 327
(8,9): 0 29 327 356
(9,0): 2 20 0 20
(9,1): 9 7 20 27
(9,2): 5 44 27 71
(9,3): 8 22 103 125
(9,4): 6 33 151 184
(9,5): 3 25 184 209
(9,6): 7 29 216 245
(9,7): 4 12 290 302
(9,8): 1 14 311 325
(9,9): 0 0 325 325



(4,0): 0 27 0 27
(3,0): 0 24 27 51
(1,0): 0 8 51 59
(2,0): 0 25 59 84
(5,1): 0 15 84 99
(6,2): 0 25 99 124
(0,0): 0 32 124 156
(9,9): 0 0 325 325
(8,9): 0 29 327 356
(7,8): 0 11 451 462
(3,1): 1 18 51 69
(4,2): 1 39 100 139
(0,1): 1 14 156 170
(2,6): 1 13 220 233
(6,5): 1 51 250 301
(8,7): 1 10 301 311
(9,8): 1 14 311 325
(5,9): 1 25 431 456
(1,9): 1 32 456 488
(7,9): 1 28 488 516
(9,0): 2 20 0 20
(8,0): 2 41 20 61
(2,3): 2 45 139 184
(0,2): 2 15 190 205
(3,5): 2 17 205 222
(4,5): 2 15 222 237
(6,4): 2 13 237 250
(5,4): 2 46 250 296
(7,5): 2 22 296 318
(1,8): 2 17 430 447
(6,1): 3 31 23 54
(1,1): 3 12 59 71
(3,2): 3 41 71 112
(2,2): 3 27 112 139
(7,3): 3 15 139 154
(4,3): 3 21 163 184
(9,5): 3 25 184 209
(0,3): 3 37 209 246
(8,6): 3 26 270 296
(5,5): 3 16 296 312
(7,0): 4 8 0 8
(6,0): 4 15 8 23
(5,0): 4 17 23 40
(1,2): 4 49 71 120
(8,4): 4 21 120 141
(2,5): 4 15 205 220
(3,6): 4 23 222 245
(0,4): 4 18 246 264
(9,7): 4 12 290 302
(4,9): 4 20 412 432
(9,2): 5 44 27 71
(3,4): 5 14 191 205
(4,4): 5 15 206 221
(2,7): 5 16 233 249
(0,5): 5 43 264 307
(8,8): 5 16 311 327
(1,7): 5 19 382 401
(5,8): 5 30 401 431
(7,7): 5 20 431 451
(6,9): 5 26 451 477
(7,1): 6 29 8 37
(8,1): 6 10 61 71
(4,1): 6 29 71 100
(5,2): 6 51 100 151
(9,4): 6 33 151 184
(2,4): 6 21 184 205
(3,8): 6 18 260 278
(1,5): 6 19 284 303
(0,6): 6 19 307 326
(6,8): 6 12 420 432
(2,1): 7 19 84 103
(8,3): 7 5 103 108
(9,6): 7 29 216 245
(3,7): 7 15 245 260
(4,7): 7 26 277 303
(1,6): 7 23 303 326
(0,7): 7 27 326 353
(6,7): 7 21 353 374
(5,7): 7 25 374 399
(7,6): 7 32 399 431
(8,2): 8 32 71 103
(9,3): 8 22 103 125
(1,3): 8 24 138 162
(3,3): 8 29 162 191
(5,3): 8 17 191 208
(7,4): 8 17 208 225
(2,8): 8 43 249 292
(6,6): 8 19 301 320
(4,8): 8 44 320 364
(0,8): 8 28 364 392
(9,1): 9 7 20 27
(7,2): 9 25 37 62
(6,3): 9 12 124 136
(8,5): 9 59 141 200
(1,4): 9 52 200 252
(4,6): 9 25 252 277
(3,9): 9 23 278 301
(2,9): 9 19 301 320
(5,6): 9 33 320 353
(0,9): 9 31 392 423

Time taken: 176.91246008872986 seconds
