(0,0): 2 1 13 14
(0,1): 0 3 14 17
(0,2): 1 6 29 35
(0,3): 3 7 35 42
(0,4): 5 3 42 45
(0,5): 4 6 50 56
(1,0): 1 8 0 8
(1,1): 2 5 8 13
(1,2): 4 10 15 25
(1,3): 5 10 26 36
(1,4): 0 10 41 51
(1,5): 3 4 51 55
(2,0): 2 5 0 5
(2,1): 3 4 5 9
(2,2): 5 8 9 17
(2,3): 0 9 22 31
(2,4): 1 1 38 39
(2,5): 4 7 39 46
(3,0): 1 5 12 17
(3,1): 0 5 17 22
(3,2): 2 5 23 28
(3,3): 3 3 28 31
(3,4): 4 8 31 39
(3,5): 5 9 47 56
(4,0): 2 9 14 23
(4,1): 1 3 23 26
(4,2): 4 5 26 31
(4,3): 5 4 36 40
(4,4): 0 3 51 54
(4,5): 3 1 55 56
(5,0): 1 3 8 11
(5,1): 3 3 11 14
(5,2): 5 9 17 26
(5,3): 0 10 31 41
(5,4): 4 4 46 50
(5,5): 2 1 51 52



(0,1): 0 3 14 17
(3,1): 0 5 17 22
(2,3): 0 9 22 31
(5,3): 0 10 31 41
(1,4): 0 10 41 51
(4,4): 0 3 51 54
(1,0): 1 8 0 8
(5,0): 1 3 8 11
(3,0): 1 5 12 17
(4,1): 1 3 23 26
(0,2): 1 6 29 35
(2,4): 1 1 38 39
(2,0): 2 5 0 5
(1,1): 2 5 8 13
(0,0): 2 1 13 14
(4,0): 2 9 14 23
(3,2): 2 5 23 28
(5,5): 2 1 51 52
(2,1): 3 4 5 9
(5,1): 3 3 11 14
(3,3): 3 3 28 31
(0,3): 3 7 35 42
(1,5): 3 4 51 55
(4,5): 3 1 55 56
(1,2): 4 10 15 25
(4,2): 4 5 26 31
(3,4): 4 8 31 39
(2,5): 4 7 39 46
(5,4): 4 4 46 50
(0,5): 4 6 50 56
(2,2): 5 8 9 17
(5,2): 5 9 17 26
(1,3): 5 10 26 36
(4,3): 5 4 36 40
(0,4): 5 3 42 45
(3,5): 5 9 47 56

Time taken: 2.0568089485168457 seconds
