Pr(0,0,0,1) 1
Pr(0,1,0,2) 2
Pr(0,2,0,3) 3
Pr(0,3,0,4) 4
Pr(0,4,0,5) 5
Pr(0,5,0,6) 6
Pr(0,6,0,7) 7
Pr(0,7,0,8) 8
Pr(0,8,0,9) 9
Pr(1,0,1,1) 10
Pr(1,1,1,2) 11
Pr(1,2,1,3) 12
Pr(1,3,1,4) 13
Pr(1,4,1,5) 14
Pr(1,5,1,6) 15
Pr(1,6,1,7) 16
Pr(1,7,1,8) 17
Pr(1,8,1,9) 18
Pr(2,0,2,1) 19
Pr(2,1,2,2) 20
Pr(2,2,2,3) 21
Pr(2,3,2,4) 22
Pr(2,4,2,5) 23
Pr(2,5,2,6) 24
Pr(2,6,2,7) 25
Pr(2,7,2,8) 26
Pr(2,8,2,9) 27
Pr(3,0,3,1) 28
Pr(3,1,3,2) 29
Pr(3,2,3,3) 30
Pr(3,3,3,4) 31
Pr(3,4,3,5) 32
Pr(3,5,3,6) 33
Pr(3,6,3,7) 34
Pr(3,7,3,8) 35
Pr(3,8,3,9) 36
Pr(4,0,4,1) 37
Pr(4,1,4,2) 38
Pr(4,2,4,3) 39
Pr(4,3,4,4) 40
Pr(4,4,4,5) 41
Pr(4,5,4,6) 42
Pr(4,6,4,7) 43
Pr(4,7,4,8) 44
Pr(4,8,4,9) 45
Pr(5,0,5,1) 46
Pr(5,1,5,2) 47
Pr(5,2,5,3) 48
Pr(5,3,5,4) 49
Pr(5,4,5,5) 50
Pr(5,5,5,6) 51
Pr(5,6,5,7) 52
Pr(5,7,5,8) 53
Pr(5,8,5,9) 54
Pr(6,0,6,1) 55
Pr(6,1,6,2) 56
Pr(6,2,6,3) 57
Pr(6,3,6,4) 58
Pr(6,4,6,5) 59
Pr(6,5,6,6) 60
Pr(6,6,6,7) 61
Pr(6,7,6,8) 62
Pr(6,8,6,9) 63
Pr(7,0,7,1) 64
Pr(7,1,7,2) 65
Pr(7,2,7,3) 66
Pr(7,3,7,4) 67
Pr(7,4,7,5) 68
Pr(7,5,7,6) 69
Pr(7,6,7,7) 70
Pr(7,7,7,8) 71
Pr(7,8,7,9) 72
Pr(8,0,8,1) 73
Pr(8,1,8,2) 74
Pr(8,2,8,3) 75
Pr(8,3,8,4) 76
Pr(8,4,8,5) 77
Pr(8,5,8,6) 78
Pr(8,6,8,7) 79
Pr(8,7,8,8) 80
Pr(8,8,8,9) 81
Pr(9,0,9,1) 82
Pr(9,1,9,2) 83
Pr(9,2,9,3) 84
Pr(9,3,9,4) 85
Pr(9,4,9,5) 86
Pr(9,5,9,6) 87
Pr(9,6,9,7) 88
Pr(9,7,9,8) 89
Pr(9,8,9,9) 90
Pr(0,0,1,0) 91
Pr(1,0,0,0) 92
Pr(0,0,2,1) 93
Pr(2,1,0,0) 94
Pr(0,0,3,2) 95
Pr(3,2,0,0) 96
Pr(0,0,4,1) 97
Pr(4,1,0,0) 98
Pr(0,0,5,6) 99
Pr(5,6,0,0) 100
Pr(0,0,6,1) 101
Pr(6,1,0,0) 102
Pr(0,0,7,1) 103
Pr(7,1,0,0) 104
Pr(0,0,8,0) 105
Pr(8,0,0,0) 106
Pr(0,0,9,1) 107
Pr(9,1,0,0) 108
Pr(1,0,2,1) 109
Pr(2,1,1,0) 110
Pr(1,0,3,2) 111
Pr(3,2,1,0) 112
Pr(1,0,4,1) 113
Pr(4,1,1,0) 114
Pr(1,0,5,6) 115
Pr(5,6,1,0) 116
Pr(1,0,6,1) 117
Pr(6,1,1,0) 118
Pr(1,0,7,1) 119
Pr(7,1,1,0) 120
Pr(1,0,8,0) 121
Pr(8,0,1,0) 122
Pr(1,0,9,1) 123
Pr(9,1,1,0) 124
Pr(2,1,3,2) 125
Pr(3,2,2,1) 126
Pr(2,1,4,1) 127
Pr(4,1,2,1) 128
Pr(2,1,5,6) 129
Pr(5,6,2,1) 130
Pr(2,1,6,1) 131
Pr(6,1,2,1) 132
Pr(2,1,7,1) 133
Pr(7,1,2,1) 134
Pr(2,1,8,0) 135
Pr(8,0,2,1) 136
Pr(2,1,9,1) 137
Pr(9,1,2,1) 138
Pr(3,2,4,1) 139
Pr(4,1,3,2) 140
Pr(3,2,5,6) 141
Pr(5,6,3,2) 142
Pr(3,2,6,1) 143
Pr(6,1,3,2) 144
Pr(3,2,7,1) 145
Pr(7,1,3,2) 146
Pr(3,2,8,0) 147
Pr(8,0,3,2) 148
Pr(3,2,9,1) 149
Pr(9,1,3,2) 150
Pr(4,1,5,6) 151
Pr(5,6,4,1) 152
Pr(4,1,6,1) 153
Pr(6,1,4,1) 154
Pr(4,1,7,1) 155
Pr(7,1,4,1) 156
Pr(4,1,8,0) 157
Pr(8,0,4,1) 158
Pr(4,1,9,1) 159
Pr(9,1,4,1) 160
Pr(5,6,6,1) 161
Pr(6,1,5,6) 162
Pr(5,6,7,1) 163
Pr(7,1,5,6) 164
Pr(5,6,8,0) 165
Pr(8,0,5,6) 166
Pr(5,6,9,1) 167
Pr(9,1,5,6) 168
Pr(6,1,7,1) 169
Pr(7,1,6,1) 170
Pr(6,1,8,0) 171
Pr(8,0,6,1) 172
Pr(6,1,9,1) 173
Pr(9,1,6,1) 174
Pr(7,1,8,0) 175
Pr(8,0,7,1) 176
Pr(7,1,9,1) 177
Pr(9,1,7,1) 178
Pr(8,0,9,1) 179
Pr(9,1,8,0) 180
Pr(0,1,1,5) 181
Pr(1,5,0,1) 182
Pr(0,1,2,0) 183
Pr(2,0,0,1) 184
Pr(0,1,3,0) 185
Pr(3,0,0,1) 186
Pr(0,1,4,2) 187
Pr(4,2,0,1) 188
Pr(0,1,5,1) 189
Pr(5,1,0,1) 190
Pr(0,1,6,0) 191
Pr(6,0,0,1) 192
Pr(0,1,7,2) 193
Pr(7,2,0,1) 194
Pr(0,1,8,1) 195
Pr(8,1,0,1) 196
Pr(0,1,9,0) 197
Pr(9,0,0,1) 198
Pr(1,5,2,0) 199
Pr(2,0,1,5) 200
Pr(1,5,3,0) 201
Pr(3,0,1,5) 202
Pr(1,5,4,2) 203
Pr(4,2,1,5) 204
Pr(1,5,5,1) 205
Pr(5,1,1,5) 206
Pr(1,5,6,0) 207
Pr(6,0,1,5) 208
Pr(1,5,7,2) 209
Pr(7,2,1,5) 210
Pr(1,5,8,1) 211
Pr(8,1,1,5) 212
Pr(1,5,9,0) 213
Pr(9,0,1,5) 214
Pr(2,0,3,0) 215
Pr(3,0,2,0) 216
Pr(2,0,4,2) 217
Pr(4,2,2,0) 218
Pr(2,0,5,1) 219
Pr(5,1,2,0) 220
Pr(2,0,6,0) 221
Pr(6,0,2,0) 222
Pr(2,0,7,2) 223
Pr(7,2,2,0) 224
Pr(2,0,8,1) 225
Pr(8,1,2,0) 226
Pr(2,0,9,0) 227
Pr(9,0,2,0) 228
Pr(3,0,4,2) 229
Pr(4,2,3,0) 230
Pr(3,0,5,1) 231
Pr(5,1,3,0) 232
Pr(3,0,6,0) 233
Pr(6,0,3,0) 234
Pr(3,0,7,2) 235
Pr(7,2,3,0) 236
Pr(3,0,8,1) 237
Pr(8,1,3,0) 238
Pr(3,0,9,0) 239
Pr(9,0,3,0) 240
Pr(4,2,5,1) 241
Pr(5,1,4,2) 242
Pr(4,2,6,0) 243
Pr(6,0,4,2) 244
Pr(4,2,7,2) 245
Pr(7,2,4,2) 246
Pr(4,2,8,1) 247
Pr(8,1,4,2) 248
Pr(4,2,9,0) 249
Pr(9,0,4,2) 250
Pr(5,1,6,0) 251
Pr(6,0,5,1) 252
Pr(5,1,7,2) 253
Pr(7,2,5,1) 254
Pr(5,1,8,1) 255
Pr(8,1,5,1) 256
Pr(5,1,9,0) 257
Pr(9,0,5,1) 258
Pr(6,0,7,2) 259
Pr(7,2,6,0) 260
Pr(6,0,8,1) 261
Pr(8,1,6,0) 262
Pr(6,0,9,0) 263
Pr(9,0,6,0) 264
Pr(7,2,8,1) 265
Pr(8,1,7,2) 266
Pr(7,2,9,0) 267
Pr(9,0,7,2) 268
Pr(8,1,9,0) 269
Pr(9,0,8,1) 270
Pr(0,2,1,1) 271
Pr(1,1,0,2) 272
Pr(0,2,2,3) 273
Pr(2,3,0,2) 274
Pr(0,2,3,1) 275
Pr(3,1,0,2) 276
Pr(0,2,4,0) 277
Pr(4,0,0,2) 278
Pr(0,2,5,0) 279
Pr(5,0,0,2) 280
Pr(0,2,6,3) 281
Pr(6,3,0,2) 282
Pr(0,2,7,0) 283
Pr(7,0,0,2) 284
Pr(0,2,8,4) 285
Pr(8,4,0,2) 286
Pr(0,2,9,2) 287
Pr(9,2,0,2) 288
Pr(1,1,2,3) 289
Pr(2,3,1,1) 290
Pr(1,1,3,1) 291
Pr(3,1,1,1) 292
Pr(1,1,4,0) 293
Pr(4,0,1,1) 294
Pr(1,1,5,0) 295
Pr(5,0,1,1) 296
Pr(1,1,6,3) 297
Pr(6,3,1,1) 298
Pr(1,1,7,0) 299
Pr(7,0,1,1) 300
Pr(1,1,8,4) 301
Pr(8,4,1,1) 302
Pr(1,1,9,2) 303
Pr(9,2,1,1) 304
Pr(2,3,3,1) 305
Pr(3,1,2,3) 306
Pr(2,3,4,0) 307
Pr(4,0,2,3) 308
Pr(2,3,5,0) 309
Pr(5,0,2,3) 310
Pr(2,3,6,3) 311
Pr(6,3,2,3) 312
Pr(2,3,7,0) 313
Pr(7,0,2,3) 314
Pr(2,3,8,4) 315
Pr(8,4,2,3) 316
Pr(2,3,9,2) 317
Pr(9,2,2,3) 318
Pr(3,1,4,0) 319
Pr(4,0,3,1) 320
Pr(3,1,5,0) 321
Pr(5,0,3,1) 322
Pr(3,1,6,3) 323
Pr(6,3,3,1) 324
Pr(3,1,7,0) 325
Pr(7,0,3,1) 326
Pr(3,1,8,4) 327
Pr(8,4,3,1) 328
Pr(3,1,9,2) 329
Pr(9,2,3,1) 330
Pr(4,0,5,0) 331
Pr(5,0,4,0) 332
Pr(4,0,6,3) 333
Pr(6,3,4,0) 334
Pr(4,0,7,0) 335
Pr(7,0,4,0) 336
Pr(4,0,8,4) 337
Pr(8,4,4,0) 338
Pr(4,0,9,2) 339
Pr(9,2,4,0) 340
Pr(5,0,6,3) 341
Pr(6,3,5,0) 342
Pr(5,0,7,0) 343
Pr(7,0,5,0) 344
Pr(5,0,8,4) 345
Pr(8,4,5,0) 346
Pr(5,0,9,2) 347
Pr(9,2,5,0) 348
Pr(6,3,7,0) 349
Pr(7,0,6,3) 350
Pr(6,3,8,4) 351
Pr(8,4,6,3) 352
Pr(6,3,9,2) 353
Pr(9,2,6,3) 354
Pr(7,0,8,4) 355
Pr(8,4,7,0) 356
Pr(7,0,9,2) 357
Pr(9,2,7,0) 358
Pr(8,4,9,2) 359
Pr(9,2,8,4) 360
Pr(0,3,1,4) 361
Pr(1,4,0,3) 362
Pr(0,3,2,2) 363
Pr(2,2,0,3) 364
Pr(0,3,3,7) 365
Pr(3,7,0,3) 366
Pr(0,3,4,4) 367
Pr(4,4,0,3) 368
Pr(0,3,5,3) 369
Pr(5,3,0,3) 370
Pr(0,3,6,2) 371
Pr(6,2,0,3) 372
Pr(0,3,7,9) 373
Pr(7,9,0,3) 374
Pr(0,3,8,2) 375
Pr(8,2,0,3) 376
Pr(0,3,9,7) 377
Pr(9,7,0,3) 378
Pr(1,4,2,2) 379
Pr(2,2,1,4) 380
Pr(1,4,3,7) 381
Pr(3,7,1,4) 382
Pr(1,4,4,4) 383
Pr(4,4,1,4) 384
Pr(1,4,5,3) 385
Pr(5,3,1,4) 386
Pr(1,4,6,2) 387
Pr(6,2,1,4) 388
Pr(1,4,7,9) 389
Pr(7,9,1,4) 390
Pr(1,4,8,2) 391
Pr(8,2,1,4) 392
Pr(1,4,9,7) 393
Pr(9,7,1,4) 394
Pr(2,2,3,7) 395
Pr(3,7,2,2) 396
Pr(2,2,4,4) 397
Pr(4,4,2,2) 398
Pr(2,2,5,3) 399
Pr(5,3,2,2) 400
Pr(2,2,6,2) 401
Pr(6,2,2,2) 402
Pr(2,2,7,9) 403
Pr(7,9,2,2) 404
Pr(2,2,8,2) 405
Pr(8,2,2,2) 406
Pr(2,2,9,7) 407
Pr(9,7,2,2) 408
Pr(3,7,4,4) 409
Pr(4,4,3,7) 410
Pr(3,7,5,3) 411
Pr(5,3,3,7) 412
Pr(3,7,6,2) 413
Pr(6,2,3,7) 414
Pr(3,7,7,9) 415
Pr(7,9,3,7) 416
Pr(3,7,8,2) 417
Pr(8,2,3,7) 418
Pr(3,7,9,7) 419
Pr(9,7,3,7) 420
Pr(4,4,5,3) 421
Pr(5,3,4,4) 422
Pr(4,4,6,2) 423
Pr(6,2,4,4) 424
Pr(4,4,7,9) 425
Pr(7,9,4,4) 426
Pr(4,4,8,2) 427
Pr(8,2,4,4) 428
Pr(4,4,9,7) 429
Pr(9,7,4,4) 430
Pr(5,3,6,2) 431
Pr(6,2,5,3) 432
Pr(5,3,7,9) 433
Pr(7,9,5,3) 434
Pr(5,3,8,2) 435
Pr(8,2,5,3) 436
Pr(5,3,9,7) 437
Pr(9,7,5,3) 438
Pr(6,2,7,9) 439
Pr(7,9,6,2) 440
Pr(6,2,8,2) 441
Pr(8,2,6,2) 442
Pr(6,2,9,7) 443
Pr(9,7,6,2) 444
Pr(7,9,8,2) 445
Pr(8,2,7,9) 446
Pr(7,9,9,7) 447
Pr(9,7,7,9) 448
Pr(8,2,9,7) 449
Pr(9,7,8,2) 450
Pr(0,4,1,2) 451
Pr(1,2,0,4) 452
Pr(0,4,2,9) 453
Pr(2,9,0,4) 454
Pr(0,4,3,3) 455
Pr(3,3,0,4) 456
Pr(0,4,4,5) 457
Pr(4,5,0,4) 458
Pr(0,4,5,8) 459
Pr(5,8,0,4) 460
Pr(0,4,6,9) 461
Pr(6,9,0,4) 462
Pr(0,4,7,4) 463
Pr(7,4,0,4) 464
Pr(0,4,8,8) 465
Pr(8,8,0,4) 466
Pr(0,4,9,8) 467
Pr(9,8,0,4) 468
Pr(1,2,2,9) 469
Pr(2,9,1,2) 470
Pr(1,2,3,3) 471
Pr(3,3,1,2) 472
Pr(1,2,4,5) 473
Pr(4,5,1,2) 474
Pr(1,2,5,8) 475
Pr(5,8,1,2) 476
Pr(1,2,6,9) 477
Pr(6,9,1,2) 478
Pr(1,2,7,4) 479
Pr(7,4,1,2) 480
Pr(1,2,8,8) 481
Pr(8,8,1,2) 482
Pr(1,2,9,8) 483
Pr(9,8,1,2) 484
Pr(2,9,3,3) 485
Pr(3,3,2,9) 486
Pr(2,9,4,5) 487
Pr(4,5,2,9) 488
Pr(2,9,5,8) 489
Pr(5,8,2,9) 490
Pr(2,9,6,9) 491
Pr(6,9,2,9) 492
Pr(2,9,7,4) 493
Pr(7,4,2,9) 494
Pr(2,9,8,8) 495
Pr(8,8,2,9) 496
Pr(2,9,9,8) 497
Pr(9,8,2,9) 498
Pr(3,3,4,5) 499
Pr(4,5,3,3) 500
Pr(3,3,5,8) 501
Pr(5,8,3,3) 502
Pr(3,3,6,9) 503
Pr(6,9,3,3) 504
Pr(3,3,7,4) 505
Pr(7,4,3,3) 506
Pr(3,3,8,8) 507
Pr(8,8,3,3) 508
Pr(3,3,9,8) 509
Pr(9,8,3,3) 510
Pr(4,5,5,8) 511
Pr(5,8,4,5) 512
Pr(4,5,6,9) 513
Pr(6,9,4,5) 514
Pr(4,5,7,4) 515
Pr(7,4,4,5) 516
Pr(4,5,8,8) 517
Pr(8,8,4,5) 518
Pr(4,5,9,8) 519
Pr(9,8,4,5) 520
Pr(5,8,6,9) 521
Pr(6,9,5,8) 522
Pr(5,8,7,4) 523
Pr(7,4,5,8) 524
Pr(5,8,8,8) 525
Pr(8,8,5,8) 526
Pr(5,8,9,8) 527
Pr(9,8,5,8) 528
Pr(6,9,7,4) 529
Pr(7,4,6,9) 530
Pr(6,9,8,8) 531
Pr(8,8,6,9) 532
Pr(6,9,9,8) 533
Pr(9,8,6,9) 534
Pr(7,4,8,8) 535
Pr(8,8,7,4) 536
Pr(7,4,9,8) 537
Pr(9,8,7,4) 538
Pr(8,8,9,8) 539
Pr(9,8,8,8) 540
Pr(0,5,1,7) 541
Pr(1,7,0,5) 542
Pr(0,5,2,5) 543
Pr(2,5,0,5) 544
Pr(0,5,3,9) 545
Pr(3,9,0,5) 546
Pr(0,5,4,3) 547
Pr(4,3,0,5) 548
Pr(0,5,5,2) 549
Pr(5,2,0,5) 550
Pr(0,5,6,5) 551
Pr(6,5,0,5) 552
Pr(0,5,7,3) 553
Pr(7,3,0,5) 554
Pr(0,5,8,3) 555
Pr(8,3,0,5) 556
Pr(0,5,9,6) 557
Pr(9,6,0,5) 558
Pr(1,7,2,5) 559
Pr(2,5,1,7) 560
Pr(1,7,3,9) 561
Pr(3,9,1,7) 562
Pr(1,7,4,3) 563
Pr(4,3,1,7) 564
Pr(1,7,5,2) 565
Pr(5,2,1,7) 566
Pr(1,7,6,5) 567
Pr(6,5,1,7) 568
Pr(1,7,7,3) 569
Pr(7,3,1,7) 570
Pr(1,7,8,3) 571
Pr(8,3,1,7) 572
Pr(1,7,9,6) 573
Pr(9,6,1,7) 574
Pr(2,5,3,9) 575
Pr(3,9,2,5) 576
Pr(2,5,4,3) 577
Pr(4,3,2,5) 578
Pr(2,5,5,2) 579
Pr(5,2,2,5) 580
Pr(2,5,6,5) 581
Pr(6,5,2,5) 582
Pr(2,5,7,3) 583
Pr(7,3,2,5) 584
Pr(2,5,8,3) 585
Pr(8,3,2,5) 586
Pr(2,5,9,6) 587
Pr(9,6,2,5) 588
Pr(3,9,4,3) 589
Pr(4,3,3,9) 590
Pr(3,9,5,2) 591
Pr(5,2,3,9) 592
Pr(3,9,6,5) 593
Pr(6,5,3,9) 594
Pr(3,9,7,3) 595
Pr(7,3,3,9) 596
Pr(3,9,8,3) 597
Pr(8,3,3,9) 598
Pr(3,9,9,6) 599
Pr(9,6,3,9) 600
Pr(4,3,5,2) 601
Pr(5,2,4,3) 602
Pr(4,3,6,5) 603
Pr(6,5,4,3) 604
Pr(4,3,7,3) 605
Pr(7,3,4,3) 606
Pr(4,3,8,3) 607
Pr(8,3,4,3) 608
Pr(4,3,9,6) 609
Pr(9,6,4,3) 610
Pr(5,2,6,5) 611
Pr(6,5,5,2) 612
Pr(5,2,7,3) 613
Pr(7,3,5,2) 614
Pr(5,2,8,3) 615
Pr(8,3,5,2) 616
Pr(5,2,9,6) 617
Pr(9,6,5,2) 618
Pr(6,5,7,3) 619
Pr(7,3,6,5) 620
Pr(6,5,8,3) 621
Pr(8,3,6,5) 622
Pr(6,5,9,6) 623
Pr(9,6,6,5) 624
Pr(7,3,8,3) 625
Pr(8,3,7,3) 626
Pr(7,3,9,6) 627
Pr(9,6,7,3) 628
Pr(8,3,9,6) 629
Pr(9,6,8,3) 630
Pr(0,6,1,6) 631
Pr(1,6,0,6) 632
Pr(0,6,2,7) 633
Pr(2,7,0,6) 634
Pr(0,6,3,4) 635
Pr(3,4,0,6) 636
Pr(0,6,4,9) 637
Pr(4,9,0,6) 638
Pr(0,6,5,7) 639
Pr(5,7,0,6) 640
Pr(0,6,6,4) 641
Pr(6,4,0,6) 642
Pr(0,6,7,5) 643
Pr(7,5,0,6) 644
Pr(0,6,8,6) 645
Pr(8,6,0,6) 646
Pr(0,6,9,3) 647
Pr(9,3,0,6) 648
Pr(1,6,2,7) 649
Pr(2,7,1,6) 650
Pr(1,6,3,4) 651
Pr(3,4,1,6) 652
Pr(1,6,4,9) 653
Pr(4,9,1,6) 654
Pr(1,6,5,7) 655
Pr(5,7,1,6) 656
Pr(1,6,6,4) 657
Pr(6,4,1,6) 658
Pr(1,6,7,5) 659
Pr(7,5,1,6) 660
Pr(1,6,8,6) 661
Pr(8,6,1,6) 662
Pr(1,6,9,3) 663
Pr(9,3,1,6) 664
Pr(2,7,3,4) 665
Pr(3,4,2,7) 666
Pr(2,7,4,9) 667
Pr(4,9,2,7) 668
Pr(2,7,5,7) 669
Pr(5,7,2,7) 670
Pr(2,7,6,4) 671
Pr(6,4,2,7) 672
Pr(2,7,7,5) 673
Pr(7,5,2,7) 674
Pr(2,7,8,6) 675
Pr(8,6,2,7) 676
Pr(2,7,9,3) 677
Pr(9,3,2,7) 678
Pr(3,4,4,9) 679
Pr(4,9,3,4) 680
Pr(3,4,5,7) 681
Pr(5,7,3,4) 682
Pr(3,4,6,4) 683
Pr(6,4,3,4) 684
Pr(3,4,7,5) 685
Pr(7,5,3,4) 686
Pr(3,4,8,6) 687
Pr(8,6,3,4) 688
Pr(3,4,9,3) 689
Pr(9,3,3,4) 690
Pr(4,9,5,7) 691
Pr(5,7,4,9) 692
Pr(4,9,6,4) 693
Pr(6,4,4,9) 694
Pr(4,9,7,5) 695
Pr(7,5,4,9) 696
Pr(4,9,8,6) 697
Pr(8,6,4,9) 698
Pr(4,9,9,3) 699
Pr(9,3,4,9) 700
Pr(5,7,6,4) 701
Pr(6,4,5,7) 702
Pr(5,7,7,5) 703
Pr(7,5,5,7) 704
Pr(5,7,8,6) 705
Pr(8,6,5,7) 706
Pr(5,7,9,3) 707
Pr(9,3,5,7) 708
Pr(6,4,7,5) 709
Pr(7,5,6,4) 710
Pr(6,4,8,6) 711
Pr(8,6,6,4) 712
Pr(6,4,9,3) 713
Pr(9,3,6,4) 714
Pr(7,5,8,6) 715
Pr(8,6,7,5) 716
Pr(7,5,9,3) 717
Pr(9,3,7,5) 718
Pr(8,6,9,3) 719
Pr(9,3,8,6) 720
Pr(0,7,1,8) 721
Pr(1,8,0,7) 722
Pr(0,7,2,6) 723
Pr(2,6,0,7) 724
Pr(0,7,3,6) 725
Pr(3,6,0,7) 726
Pr(0,7,4,7) 727
Pr(4,7,0,7) 728
Pr(0,7,5,9) 729
Pr(5,9,0,7) 730
Pr(0,7,6,8) 731
Pr(6,8,0,7) 732
Pr(0,7,7,8) 733
Pr(7,8,0,7) 734
Pr(0,7,8,7) 735
Pr(8,7,0,7) 736
Pr(0,7,9,9) 737
Pr(9,9,0,7) 738
Pr(1,8,2,6) 739
Pr(2,6,1,8) 740
Pr(1,8,3,6) 741
Pr(3,6,1,8) 742
Pr(1,8,4,7) 743
Pr(4,7,1,8) 744
Pr(1,8,5,9) 745
Pr(5,9,1,8) 746
Pr(1,8,6,8) 747
Pr(6,8,1,8) 748
Pr(1,8,7,8) 749
Pr(7,8,1,8) 750
Pr(1,8,8,7) 751
Pr(8,7,1,8) 752
Pr(1,8,9,9) 753
Pr(9,9,1,8) 754
Pr(2,6,3,6) 755
Pr(3,6,2,6) 756
Pr(2,6,4,7) 757
Pr(4,7,2,6) 758
Pr(2,6,5,9) 759
Pr(5,9,2,6) 760
Pr(2,6,6,8) 761
Pr(6,8,2,6) 762
Pr(2,6,7,8) 763
Pr(7,8,2,6) 764
Pr(2,6,8,7) 765
Pr(8,7,2,6) 766
Pr(2,6,9,9) 767
Pr(9,9,2,6) 768
Pr(3,6,4,7) 769
Pr(4,7,3,6) 770
Pr(3,6,5,9) 771
Pr(5,9,3,6) 772
Pr(3,6,6,8) 773
Pr(6,8,3,6) 774
Pr(3,6,7,8) 775
Pr(7,8,3,6) 776
Pr(3,6,8,7) 777
Pr(8,7,3,6) 778
Pr(3,6,9,9) 779
Pr(9,9,3,6) 780
Pr(4,7,5,9) 781
Pr(5,9,4,7) 782
Pr(4,7,6,8) 783
Pr(6,8,4,7) 784
Pr(4,7,7,8) 785
Pr(7,8,4,7) 786
Pr(4,7,8,7) 787
Pr(8,7,4,7) 788
Pr(4,7,9,9) 789
Pr(9,9,4,7) 790
Pr(5,9,6,8) 791
Pr(6,8,5,9) 792
Pr(5,9,7,8) 793
Pr(7,8,5,9) 794
Pr(5,9,8,7) 795
Pr(8,7,5,9) 796
Pr(5,9,9,9) 797
Pr(9,9,5,9) 798
Pr(6,8,7,8) 799
Pr(7,8,6,8) 800
Pr(6,8,8,7) 801
Pr(8,7,6,8) 802
Pr(6,8,9,9) 803
Pr(9,9,6,8) 804
Pr(7,8,8,7) 805
Pr(8,7,7,8) 806
Pr(7,8,9,9) 807
Pr(9,9,7,8) 808
Pr(8,7,9,9) 809
Pr(9,9,8,7) 810
Pr(0,8,1,9) 811
Pr(1,9,0,8) 812
Pr(0,8,2,4) 813
Pr(2,4,0,8) 814
Pr(0,8,3,5) 815
Pr(3,5,0,8) 816
Pr(0,8,4,6) 817
Pr(4,6,0,8) 818
Pr(0,8,5,4) 819
Pr(5,4,0,8) 820
Pr(0,8,6,7) 821
Pr(6,7,0,8) 822
Pr(0,8,7,6) 823
Pr(7,6,0,8) 824
Pr(0,8,8,9) 825
Pr(8,9,0,8) 826
Pr(0,8,9,4) 827
Pr(9,4,0,8) 828
Pr(1,9,2,4) 829
Pr(2,4,1,9) 830
Pr(1,9,3,5) 831
Pr(3,5,1,9) 832
Pr(1,9,4,6) 833
Pr(4,6,1,9) 834
Pr(1,9,5,4) 835
Pr(5,4,1,9) 836
Pr(1,9,6,7) 837
Pr(6,7,1,9) 838
Pr(1,9,7,6) 839
Pr(7,6,1,9) 840
Pr(1,9,8,9) 841
Pr(8,9,1,9) 842
Pr(1,9,9,4) 843
Pr(9,4,1,9) 844
Pr(2,4,3,5) 845
Pr(3,5,2,4) 846
Pr(2,4,4,6) 847
Pr(4,6,2,4) 848
Pr(2,4,5,4) 849
Pr(5,4,2,4) 850
Pr(2,4,6,7) 851
Pr(6,7,2,4) 852
Pr(2,4,7,6) 853
Pr(7,6,2,4) 854
Pr(2,4,8,9) 855
Pr(8,9,2,4) 856
Pr(2,4,9,4) 857
Pr(9,4,2,4) 858
Pr(3,5,4,6) 859
Pr(4,6,3,5) 860
Pr(3,5,5,4) 861
Pr(5,4,3,5) 862
Pr(3,5,6,7) 863
Pr(6,7,3,5) 864
Pr(3,5,7,6) 865
Pr(7,6,3,5) 866
Pr(3,5,8,9) 867
Pr(8,9,3,5) 868
Pr(3,5,9,4) 869
Pr(9,4,3,5) 870
Pr(4,6,5,4) 871
Pr(5,4,4,6) 872
Pr(4,6,6,7) 873
Pr(6,7,4,6) 874
Pr(4,6,7,6) 875
Pr(7,6,4,6) 876
Pr(4,6,8,9) 877
Pr(8,9,4,6) 878
Pr(4,6,9,4) 879
Pr(9,4,4,6) 880
Pr(5,4,6,7) 881
Pr(6,7,5,4) 882
Pr(5,4,7,6) 883
Pr(7,6,5,4) 884
Pr(5,4,8,9) 885
Pr(8,9,5,4) 886
Pr(5,4,9,4) 887
Pr(9,4,5,4) 888
Pr(6,7,7,6) 889
Pr(7,6,6,7) 890
Pr(6,7,8,9) 891
Pr(8,9,6,7) 892
Pr(6,7,9,4) 893
Pr(9,4,6,7) 894
Pr(7,6,8,9) 895
Pr(8,9,7,6) 896
Pr(7,6,9,4) 897
Pr(9,4,7,6) 898
Pr(8,9,9,4) 899
Pr(9,4,8,9) 900
Pr(0,9,1,3) 901
Pr(1,3,0,9) 902
Pr(0,9,2,8) 903
Pr(2,8,0,9) 904
Pr(0,9,3,8) 905
Pr(3,8,0,9) 906
Pr(0,9,4,8) 907
Pr(4,8,0,9) 908
Pr(0,9,5,5) 909
Pr(5,5,0,9) 910
Pr(0,9,6,6) 911
Pr(6,6,0,9) 912
Pr(0,9,7,7) 913
Pr(7,7,0,9) 914
Pr(0,9,8,5) 915
Pr(8,5,0,9) 916
Pr(0,9,9,5) 917
Pr(9,5,0,9) 918
Pr(1,3,2,8) 919
Pr(2,8,1,3) 920
Pr(1,3,3,8) 921
Pr(3,8,1,3) 922
Pr(1,3,4,8) 923
Pr(4,8,1,3) 924
Pr(1,3,5,5) 925
Pr(5,5,1,3) 926
Pr(1,3,6,6) 927
Pr(6,6,1,3) 928
Pr(1,3,7,7) 929
Pr(7,7,1,3) 930
Pr(1,3,8,5) 931
Pr(8,5,1,3) 932
Pr(1,3,9,5) 933
Pr(9,5,1,3) 934
Pr(2,8,3,8) 935
Pr(3,8,2,8) 936
Pr(2,8,4,8) 937
Pr(4,8,2,8) 938
Pr(2,8,5,5) 939
Pr(5,5,2,8) 940
Pr(2,8,6,6) 941
Pr(6,6,2,8) 942
Pr(2,8,7,7) 943
Pr(7,7,2,8) 944
Pr(2,8,8,5) 945
Pr(8,5,2,8) 946
Pr(2,8,9,5) 947
Pr(9,5,2,8) 948
Pr(3,8,4,8) 949
Pr(4,8,3,8) 950
Pr(3,8,5,5) 951
Pr(5,5,3,8) 952
Pr(3,8,6,6) 953
Pr(6,6,3,8) 954
Pr(3,8,7,7) 955
Pr(7,7,3,8) 956
Pr(3,8,8,5) 957
Pr(8,5,3,8) 958
Pr(3,8,9,5) 959
Pr(9,5,3,8) 960
Pr(4,8,5,5) 961
Pr(5,5,4,8) 962
Pr(4,8,6,6) 963
Pr(6,6,4,8) 964
Pr(4,8,7,7) 965
Pr(7,7,4,8) 966
Pr(4,8,8,5) 967
Pr(8,5,4,8) 968
Pr(4,8,9,5) 969
Pr(9,5,4,8) 970
Pr(5,5,6,6) 971
Pr(6,6,5,5) 972
Pr(5,5,7,7) 973
Pr(7,7,5,5) 974
Pr(5,5,8,5) 975
Pr(8,5,5,5) 976
Pr(5,5,9,5) 977
Pr(9,5,5,5) 978
Pr(6,6,7,7) 979
Pr(7,7,6,6) 980
Pr(6,6,8,5) 981
Pr(8,5,6,6) 982
Pr(6,6,9,5) 983
Pr(9,5,6,6) 984
Pr(7,7,8,5) 985
Pr(8,5,7,7) 986
Pr(7,7,9,5) 987
Pr(9,5,7,7) 988
Pr(8,5,9,5) 989
Pr(9,5,8,5) 990
Sa(0,0,0) 991
Eb(0,0,-365) 992
Sa(0,0,1) 993
Eb(0,0,0) 994
Eb(0,0,1) 995
Sa(0,1,29) 996
Eb(0,1,-287) 997
Sa(0,1,1) 998
Sa(0,1,0) 999
Eb(0,1,0) 1000
Eb(0,1,1) 1001
Sa(0,2,107) 1002
Eb(0,2,-278) 1003
Sa(0,2,1) 1004
Sa(0,2,0) 1005
Eb(0,2,0) 1006
Eb(0,2,1) 1007
Sa(0,3,116) 1008
Eb(0,3,-242) 1009
Sa(0,3,1) 1010
Sa(0,3,0) 1011
Eb(0,3,0) 1012
Eb(0,3,1) 1013
Sa(0,4,152) 1014
Eb(0,4,-193) 1015
Sa(0,4,1) 1016
Sa(0,4,0) 1017
Eb(0,4,0) 1018
Eb(0,4,1) 1019
Sa(0,5,201) 1020
Eb(0,5,-182) 1021
Sa(0,5,1) 1022
Sa(0,5,0) 1023
Eb(0,5,0) 1024
Eb(0,5,1) 1025
Sa(0,6,212) 1026
Eb(0,6,-120) 1027
Sa(0,6,1) 1028
Sa(0,6,0) 1029
Eb(0,6,0) 1030
Eb(0,6,1) 1031
Sa(0,7,274) 1032
Eb(0,7,-64) 1033
Sa(0,7,1) 1034
Sa(0,7,0) 1035
Eb(0,7,0) 1036
Eb(0,7,1) 1037
Sa(0,8,330) 1038
Eb(0,8,-20) 1039
Sa(0,8,1) 1040
Sa(0,8,0) 1041
Eb(0,8,0) 1042
Eb(0,8,1) 1043
Sa(0,9,374) 1044
Eb(0,9,1) 1045
Sa(0,9,1) 1046
Sa(0,9,0) 1047
Eb(0,9,0) 1048
Sa(1,0,0) 1049
Eb(1,0,-466) 1050
Sa(1,0,1) 1051
Eb(1,0,0) 1052
Eb(1,0,1) 1053
Sa(1,1,43) 1054
Eb(1,1,-376) 1055
Sa(1,1,1) 1056
Sa(1,1,0) 1057
Eb(1,1,0) 1058
Eb(1,1,1) 1059
Sa(1,2,133) 1060
Eb(1,2,-301) 1061
Sa(1,2,1) 1062
Sa(1,2,0) 1063
Eb(1,2,0) 1064
Eb(1,2,1) 1065
Sa(1,3,208) 1066
Eb(1,3,-290) 1067
Sa(1,3,1) 1068
Sa(1,3,0) 1069
Eb(1,3,0) 1070
Eb(1,3,1) 1071
Sa(1,4,219) 1072
Eb(1,4,-221) 1073
Sa(1,4,1) 1074
Sa(1,4,0) 1075
Eb(1,4,0) 1076
Eb(1,4,1) 1077
Sa(1,5,288) 1078
Eb(1,5,-193) 1079
Sa(1,5,1) 1080
Sa(1,5,0) 1081
Eb(1,5,0) 1082
Eb(1,5,1) 1083
Sa(1,6,316) 1084
Eb(1,6,-147) 1085
Sa(1,6,1) 1086
Sa(1,6,0) 1087
Eb(1,6,0) 1088
Eb(1,6,1) 1089
Sa(1,7,362) 1090
Eb(1,7,-101) 1091
Sa(1,7,1) 1092
Sa(1,7,0) 1093
Eb(1,7,0) 1094
Eb(1,7,1) 1095
Sa(1,8,408) 1096
Eb(1,8,-29) 1097
Sa(1,8,1) 1098
Sa(1,8,0) 1099
Eb(1,8,0) 1100
Eb(1,8,1) 1101
Sa(1,9,480) 1102
Eb(1,9,1) 1103
Sa(1,9,1) 1104
Sa(1,9,0) 1105
Eb(1,9,0) 1106
Sa(2,0,0) 1107
Eb(2,0,-476) 1108
Sa(2,0,1) 1109
Eb(2,0,0) 1110
Eb(2,0,1) 1111
Sa(2,1,91) 1112
Eb(2,1,-391) 1113
Sa(2,1,1) 1114
Sa(2,1,0) 1115
Eb(2,1,0) 1116
Eb(2,1,1) 1117
Sa(2,2,176) 1118
Eb(2,2,-352) 1119
Sa(2,2,1) 1120
Sa(2,2,0) 1121
Eb(2,2,0) 1122
Eb(2,2,1) 1123
Sa(2,3,215) 1124
Eb(2,3,-278) 1125
Sa(2,3,1) 1126
Sa(2,3,0) 1127
Eb(2,3,0) 1128
Eb(2,3,1) 1129
Sa(2,4,289) 1130
Eb(2,4,-188) 1131
Sa(2,4,1) 1132
Sa(2,4,0) 1133
Eb(2,4,0) 1134
Eb(2,4,1) 1135
Sa(2,5,379) 1136
Eb(2,5,-178) 1137
Sa(2,5,1) 1138
Sa(2,5,0) 1139
Eb(2,5,0) 1140
Eb(2,5,1) 1141
Sa(2,6,389) 1142
Eb(2,6,-166) 1143
Sa(2,6,1) 1144
Sa(2,6,0) 1145
Eb(2,6,0) 1146
Eb(2,6,1) 1147
Sa(2,7,401) 1148
Eb(2,7,-77) 1149
Sa(2,7,1) 1150
Sa(2,7,0) 1151
Eb(2,7,0) 1152
Eb(2,7,1) 1153
Sa(2,8,490) 1154
Eb(2,8,-32) 1155
Sa(2,8,1) 1156
Sa(2,8,0) 1157
Eb(2,8,0) 1158
Eb(2,8,1) 1159
Sa(2,9,535) 1160
Eb(2,9,1) 1161
Sa(2,9,1) 1162
Sa(2,9,0) 1163
Eb(2,9,0) 1164
Sa(3,0,0) 1165
Eb(3,0,-573) 1166
Sa(3,0,1) 1167
Eb(3,0,0) 1168
Eb(3,0,1) 1169
Sa(3,1,81) 1170
Eb(3,1,-478) 1171
Sa(3,1,1) 1172
Sa(3,1,0) 1173
Eb(3,1,0) 1174
Eb(3,1,1) 1175
Sa(3,2,176) 1176
Eb(3,2,-407) 1177
Sa(3,2,1) 1178
Sa(3,2,0) 1179
Eb(3,2,0) 1180
Eb(3,2,1) 1181
Sa(3,3,247) 1182
Eb(3,3,-308) 1183
Sa(3,3,1) 1184
Sa(3,3,0) 1185
Eb(3,3,0) 1186
Eb(3,3,1) 1187
Sa(3,4,346) 1188
Eb(3,4,-299) 1189
Sa(3,4,1) 1190
Sa(3,4,0) 1191
Eb(3,4,0) 1192
Eb(3,4,1) 1193
Sa(3,5,355) 1194
Eb(3,5,-247) 1195
Sa(3,5,1) 1196
Sa(3,5,0) 1197
Eb(3,5,0) 1198
Eb(3,5,1) 1199
Sa(3,6,407) 1200
Eb(3,6,-162) 1201
Sa(3,6,1) 1202
Sa(3,6,0) 1203
Eb(3,6,0) 1204
Eb(3,6,1) 1205
Sa(3,7,492) 1206
Eb(3,7,-64) 1207
Sa(3,7,1) 1208
Sa(3,7,0) 1209
Eb(3,7,0) 1210
Eb(3,7,1) 1211
Sa(3,8,590) 1212
Eb(3,8,-42) 1213
Sa(3,8,1) 1214
Sa(3,8,0) 1215
Eb(3,8,0) 1216
Eb(3,8,1) 1217
Sa(3,9,612) 1218
Eb(3,9,1) 1219
Sa(3,9,1) 1220
Sa(3,9,0) 1221
Eb(3,9,0) 1222
Sa(4,0,0) 1223
Eb(4,0,-378) 1224
Sa(4,0,1) 1225
Eb(4,0,0) 1226
Eb(4,0,1) 1227
Sa(4,1,14) 1228
Eb(4,1,-372) 1229
Sa(4,1,1) 1230
Sa(4,1,0) 1231
Eb(4,1,0) 1232
Eb(4,1,1) 1233
Sa(4,2,20) 1234
Eb(4,2,-350) 1235
Sa(4,2,1) 1236
Sa(4,2,0) 1237
Eb(4,2,0) 1238
Eb(4,2,1) 1239
Sa(4,3,42) 1240
Eb(4,3,-289) 1241
Sa(4,3,1) 1242
Sa(4,3,0) 1243
Eb(4,3,0) 1244
Eb(4,3,1) 1245
Sa(4,4,103) 1246
Eb(4,4,-263) 1247
Sa(4,4,1) 1248
Sa(4,4,0) 1249
Eb(4,4,0) 1250
Eb(4,4,1) 1251
Sa(4,5,129) 1252
Eb(4,5,-194) 1253
Sa(4,5,1) 1254
Sa(4,5,0) 1255
Eb(4,5,0) 1256
Eb(4,5,1) 1257
Sa(4,6,198) 1258
Eb(4,6,-173) 1259
Sa(4,6,1) 1260
Sa(4,6,0) 1261
Eb(4,6,0) 1262
Eb(4,6,1) 1263
Sa(4,7,219) 1264
Eb(4,7,-124) 1265
Sa(4,7,1) 1266
Sa(4,7,0) 1267
Eb(4,7,0) 1268
Eb(4,7,1) 1269
Sa(4,8,268) 1270
Eb(4,8,-52) 1271
Sa(4,8,1) 1272
Sa(4,8,0) 1273
Eb(4,8,0) 1274
Eb(4,8,1) 1275
Sa(4,9,340) 1276
Eb(4,9,1) 1277
Sa(4,9,1) 1278
Sa(4,9,0) 1279
Eb(4,9,0) 1280
Sa(5,0,0) 1281
Eb(5,0,-411) 1282
Sa(5,0,1) 1283
Eb(5,0,0) 1284
Eb(5,0,1) 1285
Sa(5,1,84) 1286
Eb(5,1,-409) 1287
Sa(5,1,1) 1288
Sa(5,1,0) 1289
Eb(5,1,0) 1290
Eb(5,1,1) 1291
Sa(5,2,86) 1292
Eb(5,2,-357) 1293
Sa(5,2,1) 1294
Sa(5,2,0) 1295
Eb(5,2,0) 1296
Eb(5,2,1) 1297
Sa(5,3,138) 1298
Eb(5,3,-262) 1299
Sa(5,3,1) 1300
Sa(5,3,0) 1301
Eb(5,3,0) 1302
Eb(5,3,1) 1303
Sa(5,4,233) 1304
Eb(5,4,-214) 1305
Sa(5,4,1) 1306
Sa(5,4,0) 1307
Eb(5,4,0) 1308
Eb(5,4,1) 1309
Sa(5,5,281) 1310
Eb(5,5,-142) 1311
Sa(5,5,1) 1312
Sa(5,5,0) 1313
Eb(5,5,0) 1314
Eb(5,5,1) 1315
Sa(5,6,353) 1316
Eb(5,6,-95) 1317
Sa(5,6,1) 1318
Sa(5,6,0) 1319
Eb(5,6,0) 1320
Eb(5,6,1) 1321
Sa(5,7,400) 1322
Eb(5,7,-30) 1323
Sa(5,7,1) 1324
Sa(5,7,0) 1325
Eb(5,7,0) 1326
Eb(5,7,1) 1327
Sa(5,8,465) 1328
Eb(5,8,-24) 1329
Sa(5,8,1) 1330
Sa(5,8,0) 1331
Eb(5,8,0) 1332
Eb(5,8,1) 1333
Sa(5,9,471) 1334
Eb(5,9,1) 1335
Sa(5,9,1) 1336
Sa(5,9,0) 1337
Eb(5,9,0) 1338
Sa(6,0,0) 1339
Eb(6,0,-369) 1340
Sa(6,0,1) 1341
Eb(6,0,0) 1342
Eb(6,0,1) 1343
Sa(6,1,46) 1344
Eb(6,1,-332) 1345
Sa(6,1,1) 1346
Sa(6,1,0) 1347
Eb(6,1,0) 1348
Eb(6,1,1) 1349
Sa(6,2,83) 1350
Eb(6,2,-271) 1351
Sa(6,2,1) 1352
Sa(6,2,0) 1353
Eb(6,2,0) 1354
Eb(6,2,1) 1355
Sa(6,3,144) 1356
Eb(6,3,-258) 1357
Sa(6,3,1) 1358
Sa(6,3,0) 1359
Eb(6,3,0) 1360
Eb(6,3,1) 1361
Sa(6,4,157) 1362
Eb(6,4,-226) 1363
Sa(6,4,1) 1364
Sa(6,4,0) 1365
Eb(6,4,0) 1366
Eb(6,4,1) 1367
Sa(6,5,189) 1368
Eb(6,5,-205) 1369
Sa(6,5,1) 1370
Sa(6,5,0) 1371
Eb(6,5,0) 1372
Eb(6,5,1) 1373
Sa(6,6,210) 1374
Eb(6,6,-173) 1375
Sa(6,6,1) 1376
Sa(6,6,0) 1377
Eb(6,6,0) 1378
Eb(6,6,1) 1379
Sa(6,7,242) 1380
Eb(6,7,-84) 1381
Sa(6,7,1) 1382
Sa(6,7,0) 1383
Eb(6,7,0) 1384
Eb(6,7,1) 1385
Sa(6,8,331) 1386
Eb(6,8,-54) 1387
Sa(6,8,1) 1388
Sa(6,8,0) 1389
Eb(6,8,0) 1390
Eb(6,8,1) 1391
Sa(6,9,361) 1392
Eb(6,9,1) 1393
Sa(6,9,1) 1394
Sa(6,9,0) 1395
Eb(6,9,0) 1396
Sa(7,0,0) 1397
Eb(7,0,-507) 1398
Sa(7,0,1) 1399
Eb(7,0,0) 1400
Eb(7,0,1) 1401
Sa(7,1,31) 1402
Eb(7,1,-421) 1403
Sa(7,1,1) 1404
Sa(7,1,0) 1405
Eb(7,1,0) 1406
Eb(7,1,1) 1407
Sa(7,2,117) 1408
Eb(7,2,-375) 1409
Sa(7,2,1) 1410
Sa(7,2,0) 1411
Eb(7,2,0) 1412
Eb(7,2,1) 1413
Sa(7,3,163) 1414
Eb(7,3,-301) 1415
Sa(7,3,1) 1416
Sa(7,3,0) 1417
Eb(7,3,0) 1418
Eb(7,3,1) 1419
Sa(7,4,237) 1420
Eb(7,4,-269) 1421
Sa(7,4,1) 1422
Sa(7,4,0) 1423
Eb(7,4,0) 1424
Eb(7,4,1) 1425
Sa(7,5,269) 1426
Eb(7,5,-181) 1427
Sa(7,5,1) 1428
Sa(7,5,0) 1429
Eb(7,5,0) 1430
Eb(7,5,1) 1431
Sa(7,6,357) 1432
Eb(7,6,-162) 1433
Sa(7,6,1) 1434
Sa(7,6,0) 1435
Eb(7,6,0) 1436
Eb(7,6,1) 1437
Sa(7,7,376) 1438
Eb(7,7,-114) 1439
Sa(7,7,1) 1440
Sa(7,7,0) 1441
Eb(7,7,0) 1442
Eb(7,7,1) 1443
Sa(7,8,424) 1444
Eb(7,8,-78) 1445
Sa(7,8,1) 1446
Sa(7,8,0) 1447
Eb(7,8,0) 1448
Eb(7,8,1) 1449
Sa(7,9,460) 1450
Eb(7,9,1) 1451
Sa(7,9,1) 1452
Sa(7,9,0) 1453
Eb(7,9,0) 1454
Sa(8,0,0) 1455
Eb(8,0,-520) 1456
Sa(8,0,1) 1457
Eb(8,0,0) 1458
Eb(8,0,1) 1459
Sa(8,1,76) 1460
Eb(8,1,-451) 1461
Sa(8,1,1) 1462
Sa(8,1,0) 1463
Eb(8,1,0) 1464
Eb(8,1,1) 1465
Sa(8,2,145) 1466
Eb(8,2,-375) 1467
Sa(8,2,1) 1468
Sa(8,2,0) 1469
Eb(8,2,0) 1470
Eb(8,2,1) 1471
Sa(8,3,221) 1472
Eb(8,3,-324) 1473
Sa(8,3,1) 1474
Sa(8,3,0) 1475
Eb(8,3,0) 1476
Eb(8,3,1) 1477
Sa(8,4,272) 1478
Eb(8,4,-239) 1479
Sa(8,4,1) 1480
Sa(8,4,0) 1481
Eb(8,4,0) 1482
Eb(8,4,1) 1483
Sa(8,5,357) 1484
Eb(8,5,-228) 1485
Sa(8,5,1) 1486
Sa(8,5,0) 1487
Eb(8,5,0) 1488
Eb(8,5,1) 1489
Sa(8,6,368) 1490
Eb(8,6,-188) 1491
Sa(8,6,1) 1492
Sa(8,6,0) 1493
Eb(8,6,0) 1494
Eb(8,6,1) 1495
Sa(8,7,408) 1496
Eb(8,7,-99) 1497
Sa(8,7,1) 1498
Sa(8,7,0) 1499
Eb(8,7,0) 1500
Eb(8,7,1) 1501
Sa(8,8,497) 1502
Eb(8,8,-73) 1503
Sa(8,8,1) 1504
Sa(8,8,0) 1505
Eb(8,8,0) 1506
Eb(8,8,1) 1507
Sa(8,9,523) 1508
Eb(8,9,1) 1509
Sa(8,9,1) 1510
Sa(8,9,0) 1511
Eb(8,9,0) 1512
Sa(9,0,0) 1513
Eb(9,0,-454) 1514
Sa(9,0,1) 1515
Eb(9,0,0) 1516
Eb(9,0,1) 1517
Sa(9,1,85) 1518
Eb(9,1,-441) 1519
Sa(9,1,1) 1520
Sa(9,1,0) 1521
Eb(9,1,0) 1522
Eb(9,1,1) 1523
Sa(9,2,98) 1524
Eb(9,2,-380) 1525
Sa(9,2,1) 1526
Sa(9,2,0) 1527
Eb(9,2,0) 1528
Eb(9,2,1) 1529
Sa(9,3,159) 1530
Eb(9,3,-373) 1531
Sa(9,3,1) 1532
Sa(9,3,0) 1533
Eb(9,3,0) 1534
Eb(9,3,1) 1535
Sa(9,4,166) 1536
Eb(9,4,-309) 1537
Sa(9,4,1) 1538
Sa(9,4,0) 1539
Eb(9,4,0) 1540
Eb(9,4,1) 1541
Sa(9,5,230) 1542
Eb(9,5,-233) 1543
Sa(9,5,1) 1544
Sa(9,5,0) 1545
Eb(9,5,0) 1546
Eb(9,5,1) 1547
Sa(9,6,306) 1548
Eb(9,6,-186) 1549
Sa(9,6,1) 1550
Sa(9,6,0) 1551
Eb(9,6,0) 1552
Eb(9,6,1) 1553
Sa(9,7,353) 1554
Eb(9,7,-134) 1555
Sa(9,7,1) 1556
Sa(9,7,0) 1557
Eb(9,7,0) 1558
Eb(9,7,1) 1559
Sa(9,8,405) 1560
Eb(9,8,-44) 1561
Sa(9,8,1) 1562
Sa(9,8,0) 1563
Eb(9,8,0) 1564
Eb(9,8,1) 1565
Sa(9,9,495) 1566
Eb(9,9,1) 1567
Sa(9,9,1) 1568
Sa(9,9,0) 1569
Eb(9,9,0) 1570
