D:\EncodingJSSP\abz9\L664>D:\minisat.exe abz9_L664_encoded.cnf abz9_L664_result.txt
============================[ Problem Statistics ]=============================
|                                                                             |
|  Number of variables:        404980                                         |
|  Number of clauses:         2671114                                         |
|  Parse time:                   4.50 s                                       |
|                                                                             |
============================[ Search Statistics ]==============================
| Conflicts |          ORIGINAL         |          LEARNT          | Progress |
|           |    Vars  Clauses Literals |    Limit  Clauses Lit/Cl |          |
===============================================================================
|       100 |  180254  1979110  5076513 |   725673      100     23 | 55.491 % |
|       250 |  180254  1979110  5076513 |   798241      250     21 | 55.491 % |
|       475 |  180254  1979110  5076513 |   878065      475     17 | 55.491 % |
|       812 |  180254  1979110  5076513 |   965871      812     16 | 55.491 % |
|      1318 |  180254  1979110  5076513 |  1062458     1318     14 | 55.491 % |
|      2077 |  180254  1979110  5076513 |  1168704     2077     15 | 55.491 % |
|      3216 |  180254  1979110  5076513 |  1285575     3216     14 | 55.491 % |
|      4924 |  180254  1979110  5076513 |  1414132     4924     16 | 55.491 % |
|      7486 |  180254  1979110  5076513 |  1555545     7486     16 | 55.491 % |
|     11330 |  180254  1979110  5076513 |  1711100    11330     17 | 55.491 % |
|     17096 |  180254  1979110  5076513 |  1882210    17096     17 | 55.491 % |
|     25745 |  180254  1979110  5076513 |  2070431    25745     18 | 55.491 % |
|     38719 |  180254  1979110  5076513 |  2277474    38719     18 | 55.491 % |
|     58180 |  180254  1979110  5076513 |  2505222    58180     18 | 55.491 % |
|     87372 |  180254  1979110  5076513 |  2755744    87372     19 | 55.491 % |
|    131161 |  180254  1979110  5076513 |  3031318   131161     19 | 55.491 % |
|    196845 |  180254  1979110  5076513 |  3334450   196845     20 | 55.491 % |
|    295371 |  180254  1979110  5076513 |  3667895   295371     22 | 55.491 % |
|    443160 |  180254  1979110  5076513 |  4034685   443160     22 | 55.491 % |
|    664843 |  180254  1979110  5076513 |  4438154   664843     24 | 55.491 % |
|    997368 |  180254  1979110  5076513 |  4881969   997368     26 | 55.491 % |
|   1496156 |  180254  1979110  5076513 |  5370166  1496156     30 | 55.491 % |
===============================================================================
restarts              : 3068
conflicts             : 1560886        (107 /sec)
decisions             : 2131762        (0.00 % random) (147 /sec)
propagations          : 15176507070    (1045184 /sec)
conflict literals     : 46826404       (42.47 % deleted)
CPU time              : 14520.4 s

UNSATISFIABLE