(0,0): 0 32 124 156
(0,1): 1 14 167 181
(0,2): 2 15 181 196
(0,3): 3 37 196 233
(0,4): 4 18 233 251
(0,5): 5 43 251 294
(0,6): 6 19 294 313
(0,7): 7 27 313 340
(0,8): 8 28 361 389
(0,9): 9 31 393 424
(1,0): 0 8 0 8
(1,1): 3 12 9 21
(1,2): 4 49 40 89
(1,3): 8 24 94 118
(1,4): 9 52 136 188
(1,5): 6 19 191 210
(1,6): 7 23 220 243
(1,7): 5 19 318 337
(1,8): 2 17 337 354
(1,9): 1 32 367 399
(2,0): 0 25 32 57
(2,1): 7 19 58 77
(2,2): 3 27 77 104
(2,3): 2 45 116 161
(2,4): 6 21 243 264
(2,5): 4 15 274 289
(2,6): 1 13 289 302
(2,7): 5 16 302 318
(2,8): 8 43 318 361
(2,9): 9 19 374 393
(3,0): 0 24 8 32
(3,1): 1 18 35 53
(3,2): 3 41 104 145
(3,3): 8 29 145 174
(3,4): 5 14 174 188
(3,5): 2 17 218 235
(3,6): 4 23 251 274
(3,7): 7 15 298 313
(3,8): 6 18 313 331
(3,9): 9 23 344 367
(4,0): 0 27 72 99
(4,1): 6 29 99 128
(4,2): 1 39 128 167
(4,3): 3 21 167 188
(4,4): 5 15 188 203
(4,5): 2 15 203 218
(4,6): 9 25 218 243
(4,7): 7 26 243 269
(4,8): 8 44 274 318
(4,9): 4 20 404 424
(5,0): 4 17 23 40
(5,1): 0 15 57 72
(5,2): 6 51 140 191
(5,3): 8 17 221 238
(5,4): 2 46 240 286
(5,5): 3 16 286 302
(5,6): 9 33 307 340
(5,7): 7 25 340 365
(5,8): 5 30 368 398
(5,9): 1 25 399 424
(6,0): 4 15 8 23
(6,1): 3 31 23 54
(6,2): 0 25 99 124
(6,3): 9 12 124 136
(6,4): 2 13 164 177
(6,5): 1 51 204 255
(6,6): 8 19 255 274
(6,7): 7 21 365 386
(6,8): 6 12 386 398
(6,9): 5 26 398 424
(7,0): 4 8 0 8
(7,1): 6 29 8 37
(7,2): 9 25 37 62
(7,3): 3 15 62 77
(7,4): 8 17 77 94
(7,5): 2 22 94 116
(7,6): 7 32 174 206
(7,7): 5 20 231 251
(7,8): 0 11 314 325
(7,9): 1 28 339 367
(8,0): 2 41 20 61
(8,1): 6 10 88 98
(8,2): 8 32 174 206
(8,3): 7 5 206 211
(8,4): 4 21 211 232
(8,5): 9 59 243 302
(8,6): 3 26 303 329
(8,7): 1 10 329 339
(8,8): 5 16 345 361
(8,9): 0 29 394 423
(9,0): 2 20 0 20
(9,1): 9 7 20 27
(9,2): 5 44 27 71
(9,3): 8 22 118 140
(9,4): 6 33 210 243
(9,5): 3 25 243 268
(9,6): 7 29 269 298
(9,7): 4 12 303 315
(9,8): 1 14 315 329
(9,9): 0 0 423 423



(1,0): 0 8 0 8
(3,0): 0 24 8 32
(2,0): 0 25 32 57
(5,1): 0 15 57 72
(4,0): 0 27 72 99
(6,2): 0 25 99 124
(0,0): 0 32 124 156
(7,8): 0 11 314 325
(8,9): 0 29 394 423
(9,9): 0 0 423 423
(3,1): 1 18 35 53
(4,2): 1 39 128 167
(0,1): 1 14 167 181
(6,5): 1 51 204 255
(2,6): 1 13 289 302
(9,8): 1 14 315 329
(8,7): 1 10 329 339
(7,9): 1 28 339 367
(1,9): 1 32 367 399
(5,9): 1 25 399 424
(9,0): 2 20 0 20
(8,0): 2 41 20 61
(7,5): 2 22 94 116
(2,3): 2 45 116 161
(6,4): 2 13 164 177
(0,2): 2 15 181 196
(4,5): 2 15 203 218
(3,5): 2 17 218 235
(5,4): 2 46 240 286
(1,8): 2 17 337 354
(1,1): 3 12 9 21
(6,1): 3 31 23 54
(7,3): 3 15 62 77
(2,2): 3 27 77 104
(3,2): 3 41 104 145
(4,3): 3 21 167 188
(0,3): 3 37 196 233
(9,5): 3 25 243 268
(5,5): 3 16 286 302
(8,6): 3 26 303 329
(7,0): 4 8 0 8
(6,0): 4 15 8 23
(5,0): 4 17 23 40
(1,2): 4 49 40 89
(8,4): 4 21 211 232
(0,4): 4 18 233 251
(3,6): 4 23 251 274
(2,5): 4 15 274 289
(9,7): 4 12 303 315
(4,9): 4 20 404 424
(9,2): 5 44 27 71
(3,4): 5 14 174 188
(4,4): 5 15 188 203
(7,7): 5 20 231 251
(0,5): 5 43 251 294
(2,7): 5 16 302 318
(1,7): 5 19 318 337
(8,8): 5 16 345 361
(5,8): 5 30 368 398
(6,9): 5 26 398 424
(7,1): 6 29 8 37
(8,1): 6 10 88 98
(4,1): 6 29 99 128
(5,2): 6 51 140 191
(1,5): 6 19 191 210
(9,4): 6 33 210 243
(2,4): 6 21 243 264
(0,6): 6 19 294 313
(3,8): 6 18 313 331
(6,8): 6 12 386 398
(2,1): 7 19 58 77
(7,6): 7 32 174 206
(8,3): 7 5 206 211
(1,6): 7 23 220 243
(4,7): 7 26 243 269
(9,6): 7 29 269 298
(3,7): 7 15 298 313
(0,7): 7 27 313 340
(5,7): 7 25 340 365
(6,7): 7 21 365 386
(7,4): 8 17 77 94
(1,3): 8 24 94 118
(9,3): 8 22 118 140
(3,3): 8 29 145 174
(8,2): 8 32 174 206
(5,3): 8 17 221 238
(6,6): 8 19 255 274
(4,8): 8 44 274 318
(2,8): 8 43 318 361
(0,8): 8 28 361 389
(9,1): 9 7 20 27
(7,2): 9 25 37 62
(6,3): 9 12 124 136
(1,4): 9 52 136 188
(4,6): 9 25 218 243
(8,5): 9 59 243 302
(5,6): 9 33 307 340
(3,9): 9 23 344 367
(2,9): 9 19 374 393
(0,9): 9 31 393 424

Time taken: 79.95395636558533 seconds
