Pr(0,0,0,1) 1
Pr(0,1,0,2) 2
Pr(0,2,0,3) 3
Pr(0,3,0,4) 4
Pr(1,0,1,1) 5
Pr(1,1,1,2) 6
Pr(1,2,1,3) 7
Pr(1,3,1,4) 8
Pr(2,0,2,1) 9
Pr(2,1,2,2) 10
Pr(2,2,2,3) 11
Pr(2,3,2,4) 12
Pr(3,0,3,1) 13
Pr(3,1,3,2) 14
Pr(3,2,3,3) 15
Pr(3,3,3,4) 16
Pr(4,0,4,1) 17
Pr(4,1,4,2) 18
Pr(4,2,4,3) 19
Pr(4,3,4,4) 20
Pr(5,0,5,1) 21
Pr(5,1,5,2) 22
Pr(5,2,5,3) 23
Pr(5,3,5,4) 24
Pr(6,0,6,1) 25
Pr(6,1,6,2) 26
Pr(6,2,6,3) 27
Pr(6,3,6,4) 28
Pr(7,0,7,1) 29
Pr(7,1,7,2) 30
Pr(7,2,7,3) 31
Pr(7,3,7,4) 32
Pr(8,0,8,1) 33
Pr(8,1,8,2) 34
Pr(8,2,8,3) 35
Pr(8,3,8,4) 36
Pr(9,0,9,1) 37
Pr(9,1,9,2) 38
Pr(9,2,9,3) 39
Pr(9,3,9,4) 40
Pr(10,0,10,1) 41
Pr(10,1,10,2) 42
Pr(10,2,10,3) 43
Pr(10,3,10,4) 44
Pr(11,0,11,1) 45
Pr(11,1,11,2) 46
Pr(11,2,11,3) 47
Pr(11,3,11,4) 48
Pr(12,0,12,1) 49
Pr(12,1,12,2) 50
Pr(12,2,12,3) 51
Pr(12,3,12,4) 52
Pr(13,0,13,1) 53
Pr(13,1,13,2) 54
Pr(13,2,13,3) 55
Pr(13,3,13,4) 56
Pr(14,0,14,1) 57
Pr(14,1,14,2) 58
Pr(14,2,14,3) 59
Pr(14,3,14,4) 60
Pr(15,0,15,1) 61
Pr(15,1,15,2) 62
Pr(15,2,15,3) 63
Pr(15,3,15,4) 64
Pr(16,0,16,1) 65
Pr(16,1,16,2) 66
Pr(16,2,16,3) 67
Pr(16,3,16,4) 68
Pr(17,0,17,1) 69
Pr(17,1,17,2) 70
Pr(17,2,17,3) 71
Pr(17,3,17,4) 72
Pr(18,0,18,1) 73
Pr(18,1,18,2) 74
Pr(18,2,18,3) 75
Pr(18,3,18,4) 76
Pr(19,0,19,1) 77
Pr(19,1,19,2) 78
Pr(19,2,19,3) 79
Pr(19,3,19,4) 80
Pr(0,0,1,0) 81
Pr(1,0,0,0) 82
Pr(0,0,2,1) 83
Pr(2,1,0,0) 84
Pr(0,0,3,1) 85
Pr(3,1,0,0) 86
Pr(0,0,4,2) 87
Pr(4,2,0,0) 88
Pr(0,0,5,3) 89
Pr(5,3,0,0) 90
Pr(0,0,6,1) 91
Pr(6,1,0,0) 92
Pr(0,0,7,2) 93
Pr(7,2,0,0) 94
Pr(0,0,8,0) 95
Pr(8,0,0,0) 96
Pr(0,0,9,2) 97
Pr(9,2,0,0) 98
Pr(0,0,10,2) 99
Pr(10,2,0,0) 100
Pr(0,0,11,1) 101
Pr(11,1,0,0) 102
Pr(0,0,12,0) 103
Pr(12,0,0,0) 104
Pr(0,0,13,1) 105
Pr(13,1,0,0) 106
Pr(0,0,14,0) 107
Pr(14,0,0,0) 108
Pr(0,0,15,1) 109
Pr(15,1,0,0) 110
Pr(0,0,16,0) 111
Pr(16,0,0,0) 112
Pr(0,0,17,0) 113
Pr(17,0,0,0) 114
Pr(0,0,18,2) 115
Pr(18,2,0,0) 116
Pr(0,0,19,0) 117
Pr(19,0,0,0) 118
Pr(1,0,2,1) 119
Pr(2,1,1,0) 120
Pr(1,0,3,1) 121
Pr(3,1,1,0) 122
Pr(1,0,4,2) 123
Pr(4,2,1,0) 124
Pr(1,0,5,3) 125
Pr(5,3,1,0) 126
Pr(1,0,6,1) 127
Pr(6,1,1,0) 128
Pr(1,0,7,2) 129
Pr(7,2,1,0) 130
Pr(1,0,8,0) 131
Pr(8,0,1,0) 132
Pr(1,0,9,2) 133
Pr(9,2,1,0) 134
Pr(1,0,10,2) 135
Pr(10,2,1,0) 136
Pr(1,0,11,1) 137
Pr(11,1,1,0) 138
Pr(1,0,12,0) 139
Pr(12,0,1,0) 140
Pr(1,0,13,1) 141
Pr(13,1,1,0) 142
Pr(1,0,14,0) 143
Pr(14,0,1,0) 144
Pr(1,0,15,1) 145
Pr(15,1,1,0) 146
Pr(1,0,16,0) 147
Pr(16,0,1,0) 148
Pr(1,0,17,0) 149
Pr(17,0,1,0) 150
Pr(1,0,18,2) 151
Pr(18,2,1,0) 152
Pr(1,0,19,0) 153
Pr(19,0,1,0) 154
Pr(2,1,3,1) 155
Pr(3,1,2,1) 156
Pr(2,1,4,2) 157
Pr(4,2,2,1) 158
Pr(2,1,5,3) 159
Pr(5,3,2,1) 160
Pr(2,1,6,1) 161
Pr(6,1,2,1) 162
Pr(2,1,7,2) 163
Pr(7,2,2,1) 164
Pr(2,1,8,0) 165
Pr(8,0,2,1) 166
Pr(2,1,9,2) 167
Pr(9,2,2,1) 168
Pr(2,1,10,2) 169
Pr(10,2,2,1) 170
Pr(2,1,11,1) 171
Pr(11,1,2,1) 172
Pr(2,1,12,0) 173
Pr(12,0,2,1) 174
Pr(2,1,13,1) 175
Pr(13,1,2,1) 176
Pr(2,1,14,0) 177
Pr(14,0,2,1) 178
Pr(2,1,15,1) 179
Pr(15,1,2,1) 180
Pr(2,1,16,0) 181
Pr(16,0,2,1) 182
Pr(2,1,17,0) 183
Pr(17,0,2,1) 184
Pr(2,1,18,2) 185
Pr(18,2,2,1) 186
Pr(2,1,19,0) 187
Pr(19,0,2,1) 188
Pr(3,1,4,2) 189
Pr(4,2,3,1) 190
Pr(3,1,5,3) 191
Pr(5,3,3,1) 192
Pr(3,1,6,1) 193
Pr(6,1,3,1) 194
Pr(3,1,7,2) 195
Pr(7,2,3,1) 196
Pr(3,1,8,0) 197
Pr(8,0,3,1) 198
Pr(3,1,9,2) 199
Pr(9,2,3,1) 200
Pr(3,1,10,2) 201
Pr(10,2,3,1) 202
Pr(3,1,11,1) 203
Pr(11,1,3,1) 204
Pr(3,1,12,0) 205
Pr(12,0,3,1) 206
Pr(3,1,13,1) 207
Pr(13,1,3,1) 208
Pr(3,1,14,0) 209
Pr(14,0,3,1) 210
Pr(3,1,15,1) 211
Pr(15,1,3,1) 212
Pr(3,1,16,0) 213
Pr(16,0,3,1) 214
Pr(3,1,17,0) 215
Pr(17,0,3,1) 216
Pr(3,1,18,2) 217
Pr(18,2,3,1) 218
Pr(3,1,19,0) 219
Pr(19,0,3,1) 220
Pr(4,2,5,3) 221
Pr(5,3,4,2) 222
Pr(4,2,6,1) 223
Pr(6,1,4,2) 224
Pr(4,2,7,2) 225
Pr(7,2,4,2) 226
Pr(4,2,8,0) 227
Pr(8,0,4,2) 228
Pr(4,2,9,2) 229
Pr(9,2,4,2) 230
Pr(4,2,10,2) 231
Pr(10,2,4,2) 232
Pr(4,2,11,1) 233
Pr(11,1,4,2) 234
Pr(4,2,12,0) 235
Pr(12,0,4,2) 236
Pr(4,2,13,1) 237
Pr(13,1,4,2) 238
Pr(4,2,14,0) 239
Pr(14,0,4,2) 240
Pr(4,2,15,1) 241
Pr(15,1,4,2) 242
Pr(4,2,16,0) 243
Pr(16,0,4,2) 244
Pr(4,2,17,0) 245
Pr(17,0,4,2) 246
Pr(4,2,18,2) 247
Pr(18,2,4,2) 248
Pr(4,2,19,0) 249
Pr(19,0,4,2) 250
Pr(5,3,6,1) 251
Pr(6,1,5,3) 252
Pr(5,3,7,2) 253
Pr(7,2,5,3) 254
Pr(5,3,8,0) 255
Pr(8,0,5,3) 256
Pr(5,3,9,2) 257
Pr(9,2,5,3) 258
Pr(5,3,10,2) 259
Pr(10,2,5,3) 260
Pr(5,3,11,1) 261
Pr(11,1,5,3) 262
Pr(5,3,12,0) 263
Pr(12,0,5,3) 264
Pr(5,3,13,1) 265
Pr(13,1,5,3) 266
Pr(5,3,14,0) 267
Pr(14,0,5,3) 268
Pr(5,3,15,1) 269
Pr(15,1,5,3) 270
Pr(5,3,16,0) 271
Pr(16,0,5,3) 272
Pr(5,3,17,0) 273
Pr(17,0,5,3) 274
Pr(5,3,18,2) 275
Pr(18,2,5,3) 276
Pr(5,3,19,0) 277
Pr(19,0,5,3) 278
Pr(6,1,7,2) 279
Pr(7,2,6,1) 280
Pr(6,1,8,0) 281
Pr(8,0,6,1) 282
Pr(6,1,9,2) 283
Pr(9,2,6,1) 284
Pr(6,1,10,2) 285
Pr(10,2,6,1) 286
Pr(6,1,11,1) 287
Pr(11,1,6,1) 288
Pr(6,1,12,0) 289
Pr(12,0,6,1) 290
Pr(6,1,13,1) 291
Pr(13,1,6,1) 292
Pr(6,1,14,0) 293
Pr(14,0,6,1) 294
Pr(6,1,15,1) 295
Pr(15,1,6,1) 296
Pr(6,1,16,0) 297
Pr(16,0,6,1) 298
Pr(6,1,17,0) 299
Pr(17,0,6,1) 300
Pr(6,1,18,2) 301
Pr(18,2,6,1) 302
Pr(6,1,19,0) 303
Pr(19,0,6,1) 304
Pr(7,2,8,0) 305
Pr(8,0,7,2) 306
Pr(7,2,9,2) 307
Pr(9,2,7,2) 308
Pr(7,2,10,2) 309
Pr(10,2,7,2) 310
Pr(7,2,11,1) 311
Pr(11,1,7,2) 312
Pr(7,2,12,0) 313
Pr(12,0,7,2) 314
Pr(7,2,13,1) 315
Pr(13,1,7,2) 316
Pr(7,2,14,0) 317
Pr(14,0,7,2) 318
Pr(7,2,15,1) 319
Pr(15,1,7,2) 320
Pr(7,2,16,0) 321
Pr(16,0,7,2) 322
Pr(7,2,17,0) 323
Pr(17,0,7,2) 324
Pr(7,2,18,2) 325
Pr(18,2,7,2) 326
Pr(7,2,19,0) 327
Pr(19,0,7,2) 328
Pr(8,0,9,2) 329
Pr(9,2,8,0) 330
Pr(8,0,10,2) 331
Pr(10,2,8,0) 332
Pr(8,0,11,1) 333
Pr(11,1,8,0) 334
Pr(8,0,12,0) 335
Pr(12,0,8,0) 336
Pr(8,0,13,1) 337
Pr(13,1,8,0) 338
Pr(8,0,14,0) 339
Pr(14,0,8,0) 340
Pr(8,0,15,1) 341
Pr(15,1,8,0) 342
Pr(8,0,16,0) 343
Pr(16,0,8,0) 344
Pr(8,0,17,0) 345
Pr(17,0,8,0) 346
Pr(8,0,18,2) 347
Pr(18,2,8,0) 348
Pr(8,0,19,0) 349
Pr(19,0,8,0) 350
Pr(9,2,10,2) 351
Pr(10,2,9,2) 352
Pr(9,2,11,1) 353
Pr(11,1,9,2) 354
Pr(9,2,12,0) 355
Pr(12,0,9,2) 356
Pr(9,2,13,1) 357
Pr(13,1,9,2) 358
Pr(9,2,14,0) 359
Pr(14,0,9,2) 360
Pr(9,2,15,1) 361
Pr(15,1,9,2) 362
Pr(9,2,16,0) 363
Pr(16,0,9,2) 364
Pr(9,2,17,0) 365
Pr(17,0,9,2) 366
Pr(9,2,18,2) 367
Pr(18,2,9,2) 368
Pr(9,2,19,0) 369
Pr(19,0,9,2) 370
Pr(10,2,11,1) 371
Pr(11,1,10,2) 372
Pr(10,2,12,0) 373
Pr(12,0,10,2) 374
Pr(10,2,13,1) 375
Pr(13,1,10,2) 376
Pr(10,2,14,0) 377
Pr(14,0,10,2) 378
Pr(10,2,15,1) 379
Pr(15,1,10,2) 380
Pr(10,2,16,0) 381
Pr(16,0,10,2) 382
Pr(10,2,17,0) 383
Pr(17,0,10,2) 384
Pr(10,2,18,2) 385
Pr(18,2,10,2) 386
Pr(10,2,19,0) 387
Pr(19,0,10,2) 388
Pr(11,1,12,0) 389
Pr(12,0,11,1) 390
Pr(11,1,13,1) 391
Pr(13,1,11,1) 392
Pr(11,1,14,0) 393
Pr(14,0,11,1) 394
Pr(11,1,15,1) 395
Pr(15,1,11,1) 396
Pr(11,1,16,0) 397
Pr(16,0,11,1) 398
Pr(11,1,17,0) 399
Pr(17,0,11,1) 400
Pr(11,1,18,2) 401
Pr(18,2,11,1) 402
Pr(11,1,19,0) 403
Pr(19,0,11,1) 404
Pr(12,0,13,1) 405
Pr(13,1,12,0) 406
Pr(12,0,14,0) 407
Pr(14,0,12,0) 408
Pr(12,0,15,1) 409
Pr(15,1,12,0) 410
Pr(12,0,16,0) 411
Pr(16,0,12,0) 412
Pr(12,0,17,0) 413
Pr(17,0,12,0) 414
Pr(12,0,18,2) 415
Pr(18,2,12,0) 416
Pr(12,0,19,0) 417
Pr(19,0,12,0) 418
Pr(13,1,14,0) 419
Pr(14,0,13,1) 420
Pr(13,1,15,1) 421
Pr(15,1,13,1) 422
Pr(13,1,16,0) 423
Pr(16,0,13,1) 424
Pr(13,1,17,0) 425
Pr(17,0,13,1) 426
Pr(13,1,18,2) 427
Pr(18,2,13,1) 428
Pr(13,1,19,0) 429
Pr(19,0,13,1) 430
Pr(14,0,15,1) 431
Pr(15,1,14,0) 432
Pr(14,0,16,0) 433
Pr(16,0,14,0) 434
Pr(14,0,17,0) 435
Pr(17,0,14,0) 436
Pr(14,0,18,2) 437
Pr(18,2,14,0) 438
Pr(14,0,19,0) 439
Pr(19,0,14,0) 440
Pr(15,1,16,0) 441
Pr(16,0,15,1) 442
Pr(15,1,17,0) 443
Pr(17,0,15,1) 444
Pr(15,1,18,2) 445
Pr(18,2,15,1) 446
Pr(15,1,19,0) 447
Pr(19,0,15,1) 448
Pr(16,0,17,0) 449
Pr(17,0,16,0) 450
Pr(16,0,18,2) 451
Pr(18,2,16,0) 452
Pr(16,0,19,0) 453
Pr(19,0,16,0) 454
Pr(17,0,18,2) 455
Pr(18,2,17,0) 456
Pr(17,0,19,0) 457
Pr(19,0,17,0) 458
Pr(18,2,19,0) 459
Pr(19,0,18,2) 460
Pr(0,1,1,1) 461
Pr(1,1,0,1) 462
Pr(0,1,2,0) 463
Pr(2,0,0,1) 464
Pr(0,1,3,0) 465
Pr(3,0,0,1) 466
Pr(0,1,4,1) 467
Pr(4,1,0,1) 468
Pr(0,1,5,1) 469
Pr(5,1,0,1) 470
Pr(0,1,6,0) 471
Pr(6,0,0,1) 472
Pr(0,1,7,1) 473
Pr(7,1,0,1) 474
Pr(0,1,8,3) 475
Pr(8,3,0,1) 476
Pr(0,1,9,0) 477
Pr(9,0,0,1) 478
Pr(0,1,10,0) 479
Pr(10,0,0,1) 480
Pr(0,1,11,2) 481
Pr(11,2,0,1) 482
Pr(0,1,12,2) 483
Pr(12,2,0,1) 484
Pr(0,1,13,2) 485
Pr(13,2,0,1) 486
Pr(0,1,14,1) 487
Pr(14,1,0,1) 488
Pr(0,1,15,0) 489
Pr(15,0,0,1) 490
Pr(0,1,16,2) 491
Pr(16,2,0,1) 492
Pr(0,1,17,1) 493
Pr(17,1,0,1) 494
Pr(0,1,18,0) 495
Pr(18,0,0,1) 496
Pr(0,1,19,1) 497
Pr(19,1,0,1) 498
Pr(1,1,2,0) 499
Pr(2,0,1,1) 500
Pr(1,1,3,0) 501
Pr(3,0,1,1) 502
Pr(1,1,4,1) 503
Pr(4,1,1,1) 504
Pr(1,1,5,1) 505
Pr(5,1,1,1) 506
Pr(1,1,6,0) 507
Pr(6,0,1,1) 508
Pr(1,1,7,1) 509
Pr(7,1,1,1) 510
Pr(1,1,8,3) 511
Pr(8,3,1,1) 512
Pr(1,1,9,0) 513
Pr(9,0,1,1) 514
Pr(1,1,10,0) 515
Pr(10,0,1,1) 516
Pr(1,1,11,2) 517
Pr(11,2,1,1) 518
Pr(1,1,12,2) 519
Pr(12,2,1,1) 520
Pr(1,1,13,2) 521
Pr(13,2,1,1) 522
Pr(1,1,14,1) 523
Pr(14,1,1,1) 524
Pr(1,1,15,0) 525
Pr(15,0,1,1) 526
Pr(1,1,16,2) 527
Pr(16,2,1,1) 528
Pr(1,1,17,1) 529
Pr(17,1,1,1) 530
Pr(1,1,18,0) 531
Pr(18,0,1,1) 532
Pr(1,1,19,1) 533
Pr(19,1,1,1) 534
Pr(2,0,3,0) 535
Pr(3,0,2,0) 536
Pr(2,0,4,1) 537
Pr(4,1,2,0) 538
Pr(2,0,5,1) 539
Pr(5,1,2,0) 540
Pr(2,0,6,0) 541
Pr(6,0,2,0) 542
Pr(2,0,7,1) 543
Pr(7,1,2,0) 544
Pr(2,0,8,3) 545
Pr(8,3,2,0) 546
Pr(2,0,9,0) 547
Pr(9,0,2,0) 548
Pr(2,0,10,0) 549
Pr(10,0,2,0) 550
Pr(2,0,11,2) 551
Pr(11,2,2,0) 552
Pr(2,0,12,2) 553
Pr(12,2,2,0) 554
Pr(2,0,13,2) 555
Pr(13,2,2,0) 556
Pr(2,0,14,1) 557
Pr(14,1,2,0) 558
Pr(2,0,15,0) 559
Pr(15,0,2,0) 560
Pr(2,0,16,2) 561
Pr(16,2,2,0) 562
Pr(2,0,17,1) 563
Pr(17,1,2,0) 564
Pr(2,0,18,0) 565
Pr(18,0,2,0) 566
Pr(2,0,19,1) 567
Pr(19,1,2,0) 568
Pr(3,0,4,1) 569
Pr(4,1,3,0) 570
Pr(3,0,5,1) 571
Pr(5,1,3,0) 572
Pr(3,0,6,0) 573
Pr(6,0,3,0) 574
Pr(3,0,7,1) 575
Pr(7,1,3,0) 576
Pr(3,0,8,3) 577
Pr(8,3,3,0) 578
Pr(3,0,9,0) 579
Pr(9,0,3,0) 580
Pr(3,0,10,0) 581
Pr(10,0,3,0) 582
Pr(3,0,11,2) 583
Pr(11,2,3,0) 584
Pr(3,0,12,2) 585
Pr(12,2,3,0) 586
Pr(3,0,13,2) 587
Pr(13,2,3,0) 588
Pr(3,0,14,1) 589
Pr(14,1,3,0) 590
Pr(3,0,15,0) 591
Pr(15,0,3,0) 592
Pr(3,0,16,2) 593
Pr(16,2,3,0) 594
Pr(3,0,17,1) 595
Pr(17,1,3,0) 596
Pr(3,0,18,0) 597
Pr(18,0,3,0) 598
Pr(3,0,19,1) 599
Pr(19,1,3,0) 600
Pr(4,1,5,1) 601
Pr(5,1,4,1) 602
Pr(4,1,6,0) 603
Pr(6,0,4,1) 604
Pr(4,1,7,1) 605
Pr(7,1,4,1) 606
Pr(4,1,8,3) 607
Pr(8,3,4,1) 608
Pr(4,1,9,0) 609
Pr(9,0,4,1) 610
Pr(4,1,10,0) 611
Pr(10,0,4,1) 612
Pr(4,1,11,2) 613
Pr(11,2,4,1) 614
Pr(4,1,12,2) 615
Pr(12,2,4,1) 616
Pr(4,1,13,2) 617
Pr(13,2,4,1) 618
Pr(4,1,14,1) 619
Pr(14,1,4,1) 620
Pr(4,1,15,0) 621
Pr(15,0,4,1) 622
Pr(4,1,16,2) 623
Pr(16,2,4,1) 624
Pr(4,1,17,1) 625
Pr(17,1,4,1) 626
Pr(4,1,18,0) 627
Pr(18,0,4,1) 628
Pr(4,1,19,1) 629
Pr(19,1,4,1) 630
Pr(5,1,6,0) 631
Pr(6,0,5,1) 632
Pr(5,1,7,1) 633
Pr(7,1,5,1) 634
Pr(5,1,8,3) 635
Pr(8,3,5,1) 636
Pr(5,1,9,0) 637
Pr(9,0,5,1) 638
Pr(5,1,10,0) 639
Pr(10,0,5,1) 640
Pr(5,1,11,2) 641
Pr(11,2,5,1) 642
Pr(5,1,12,2) 643
Pr(12,2,5,1) 644
Pr(5,1,13,2) 645
Pr(13,2,5,1) 646
Pr(5,1,14,1) 647
Pr(14,1,5,1) 648
Pr(5,1,15,0) 649
Pr(15,0,5,1) 650
Pr(5,1,16,2) 651
Pr(16,2,5,1) 652
Pr(5,1,17,1) 653
Pr(17,1,5,1) 654
Pr(5,1,18,0) 655
Pr(18,0,5,1) 656
Pr(5,1,19,1) 657
Pr(19,1,5,1) 658
Pr(6,0,7,1) 659
Pr(7,1,6,0) 660
Pr(6,0,8,3) 661
Pr(8,3,6,0) 662
Pr(6,0,9,0) 663
Pr(9,0,6,0) 664
Pr(6,0,10,0) 665
Pr(10,0,6,0) 666
Pr(6,0,11,2) 667
Pr(11,2,6,0) 668
Pr(6,0,12,2) 669
Pr(12,2,6,0) 670
Pr(6,0,13,2) 671
Pr(13,2,6,0) 672
Pr(6,0,14,1) 673
Pr(14,1,6,0) 674
Pr(6,0,15,0) 675
Pr(15,0,6,0) 676
Pr(6,0,16,2) 677
Pr(16,2,6,0) 678
Pr(6,0,17,1) 679
Pr(17,1,6,0) 680
Pr(6,0,18,0) 681
Pr(18,0,6,0) 682
Pr(6,0,19,1) 683
Pr(19,1,6,0) 684
Pr(7,1,8,3) 685
Pr(8,3,7,1) 686
Pr(7,1,9,0) 687
Pr(9,0,7,1) 688
Pr(7,1,10,0) 689
Pr(10,0,7,1) 690
Pr(7,1,11,2) 691
Pr(11,2,7,1) 692
Pr(7,1,12,2) 693
Pr(12,2,7,1) 694
Pr(7,1,13,2) 695
Pr(13,2,7,1) 696
Pr(7,1,14,1) 697
Pr(14,1,7,1) 698
Pr(7,1,15,0) 699
Pr(15,0,7,1) 700
Pr(7,1,16,2) 701
Pr(16,2,7,1) 702
Pr(7,1,17,1) 703
Pr(17,1,7,1) 704
Pr(7,1,18,0) 705
Pr(18,0,7,1) 706
Pr(7,1,19,1) 707
Pr(19,1,7,1) 708
Pr(8,3,9,0) 709
Pr(9,0,8,3) 710
Pr(8,3,10,0) 711
Pr(10,0,8,3) 712
Pr(8,3,11,2) 713
Pr(11,2,8,3) 714
Pr(8,3,12,2) 715
Pr(12,2,8,3) 716
Pr(8,3,13,2) 717
Pr(13,2,8,3) 718
Pr(8,3,14,1) 719
Pr(14,1,8,3) 720
Pr(8,3,15,0) 721
Pr(15,0,8,3) 722
Pr(8,3,16,2) 723
Pr(16,2,8,3) 724
Pr(8,3,17,1) 725
Pr(17,1,8,3) 726
Pr(8,3,18,0) 727
Pr(18,0,8,3) 728
Pr(8,3,19,1) 729
Pr(19,1,8,3) 730
Pr(9,0,10,0) 731
Pr(10,0,9,0) 732
Pr(9,0,11,2) 733
Pr(11,2,9,0) 734
Pr(9,0,12,2) 735
Pr(12,2,9,0) 736
Pr(9,0,13,2) 737
Pr(13,2,9,0) 738
Pr(9,0,14,1) 739
Pr(14,1,9,0) 740
Pr(9,0,15,0) 741
Pr(15,0,9,0) 742
Pr(9,0,16,2) 743
Pr(16,2,9,0) 744
Pr(9,0,17,1) 745
Pr(17,1,9,0) 746
Pr(9,0,18,0) 747
Pr(18,0,9,0) 748
Pr(9,0,19,1) 749
Pr(19,1,9,0) 750
Pr(10,0,11,2) 751
Pr(11,2,10,0) 752
Pr(10,0,12,2) 753
Pr(12,2,10,0) 754
Pr(10,0,13,2) 755
Pr(13,2,10,0) 756
Pr(10,0,14,1) 757
Pr(14,1,10,0) 758
Pr(10,0,15,0) 759
Pr(15,0,10,0) 760
Pr(10,0,16,2) 761
Pr(16,2,10,0) 762
Pr(10,0,17,1) 763
Pr(17,1,10,0) 764
Pr(10,0,18,0) 765
Pr(18,0,10,0) 766
Pr(10,0,19,1) 767
Pr(19,1,10,0) 768
Pr(11,2,12,2) 769
Pr(12,2,11,2) 770
Pr(11,2,13,2) 771
Pr(13,2,11,2) 772
Pr(11,2,14,1) 773
Pr(14,1,11,2) 774
Pr(11,2,15,0) 775
Pr(15,0,11,2) 776
Pr(11,2,16,2) 777
Pr(16,2,11,2) 778
Pr(11,2,17,1) 779
Pr(17,1,11,2) 780
Pr(11,2,18,0) 781
Pr(18,0,11,2) 782
Pr(11,2,19,1) 783
Pr(19,1,11,2) 784
Pr(12,2,13,2) 785
Pr(13,2,12,2) 786
Pr(12,2,14,1) 787
Pr(14,1,12,2) 788
Pr(12,2,15,0) 789
Pr(15,0,12,2) 790
Pr(12,2,16,2) 791
Pr(16,2,12,2) 792
Pr(12,2,17,1) 793
Pr(17,1,12,2) 794
Pr(12,2,18,0) 795
Pr(18,0,12,2) 796
Pr(12,2,19,1) 797
Pr(19,1,12,2) 798
Pr(13,2,14,1) 799
Pr(14,1,13,2) 800
Pr(13,2,15,0) 801
Pr(15,0,13,2) 802
Pr(13,2,16,2) 803
Pr(16,2,13,2) 804
Pr(13,2,17,1) 805
Pr(17,1,13,2) 806
Pr(13,2,18,0) 807
Pr(18,0,13,2) 808
Pr(13,2,19,1) 809
Pr(19,1,13,2) 810
Pr(14,1,15,0) 811
Pr(15,0,14,1) 812
Pr(14,1,16,2) 813
Pr(16,2,14,1) 814
Pr(14,1,17,1) 815
Pr(17,1,14,1) 816
Pr(14,1,18,0) 817
Pr(18,0,14,1) 818
Pr(14,1,19,1) 819
Pr(19,1,14,1) 820
Pr(15,0,16,2) 821
Pr(16,2,15,0) 822
Pr(15,0,17,1) 823
Pr(17,1,15,0) 824
Pr(15,0,18,0) 825
Pr(18,0,15,0) 826
Pr(15,0,19,1) 827
Pr(19,1,15,0) 828
Pr(16,2,17,1) 829
Pr(17,1,16,2) 830
Pr(16,2,18,0) 831
Pr(18,0,16,2) 832
Pr(16,2,19,1) 833
Pr(19,1,16,2) 834
Pr(17,1,18,0) 835
Pr(18,0,17,1) 836
Pr(17,1,19,1) 837
Pr(19,1,17,1) 838
Pr(18,0,19,1) 839
Pr(19,1,18,0) 840
Pr(0,2,1,3) 841
Pr(1,3,0,2) 842
Pr(0,2,2,2) 843
Pr(2,2,0,2) 844
Pr(0,2,3,3) 845
Pr(3,3,0,2) 846
Pr(0,2,4,0) 847
Pr(4,0,0,2) 848
Pr(0,2,5,0) 849
Pr(5,0,0,2) 850
Pr(0,2,6,2) 851
Pr(6,2,0,2) 852
Pr(0,2,7,0) 853
Pr(7,0,0,2) 854
Pr(0,2,8,2) 855
Pr(8,2,0,2) 856
Pr(0,2,9,1) 857
Pr(9,1,0,2) 858
Pr(0,2,10,4) 859
Pr(10,4,0,2) 860
Pr(0,2,11,0) 861
Pr(11,0,0,2) 862
Pr(0,2,12,1) 863
Pr(12,1,0,2) 864
Pr(0,2,13,0) 865
Pr(13,0,0,2) 866
Pr(0,2,14,3) 867
Pr(14,3,0,2) 868
Pr(0,2,15,4) 869
Pr(15,4,0,2) 870
Pr(0,2,16,1) 871
Pr(16,1,0,2) 872
Pr(0,2,17,3) 873
Pr(17,3,0,2) 874
Pr(0,2,18,1) 875
Pr(18,1,0,2) 876
Pr(0,2,19,2) 877
Pr(19,2,0,2) 878
Pr(1,3,2,2) 879
Pr(2,2,1,3) 880
Pr(1,3,3,3) 881
Pr(3,3,1,3) 882
Pr(1,3,4,0) 883
Pr(4,0,1,3) 884
Pr(1,3,5,0) 885
Pr(5,0,1,3) 886
Pr(1,3,6,2) 887
Pr(6,2,1,3) 888
Pr(1,3,7,0) 889
Pr(7,0,1,3) 890
Pr(1,3,8,2) 891
Pr(8,2,1,3) 892
Pr(1,3,9,1) 893
Pr(9,1,1,3) 894
Pr(1,3,10,4) 895
Pr(10,4,1,3) 896
Pr(1,3,11,0) 897
Pr(11,0,1,3) 898
Pr(1,3,12,1) 899
Pr(12,1,1,3) 900
Pr(1,3,13,0) 901
Pr(13,0,1,3) 902
Pr(1,3,14,3) 903
Pr(14,3,1,3) 904
Pr(1,3,15,4) 905
Pr(15,4,1,3) 906
Pr(1,3,16,1) 907
Pr(16,1,1,3) 908
Pr(1,3,17,3) 909
Pr(17,3,1,3) 910
Pr(1,3,18,1) 911
Pr(18,1,1,3) 912
Pr(1,3,19,2) 913
Pr(19,2,1,3) 914
Pr(2,2,3,3) 915
Pr(3,3,2,2) 916
Pr(2,2,4,0) 917
Pr(4,0,2,2) 918
Pr(2,2,5,0) 919
Pr(5,0,2,2) 920
Pr(2,2,6,2) 921
Pr(6,2,2,2) 922
Pr(2,2,7,0) 923
Pr(7,0,2,2) 924
Pr(2,2,8,2) 925
Pr(8,2,2,2) 926
Pr(2,2,9,1) 927
Pr(9,1,2,2) 928
Pr(2,2,10,4) 929
Pr(10,4,2,2) 930
Pr(2,2,11,0) 931
Pr(11,0,2,2) 932
Pr(2,2,12,1) 933
Pr(12,1,2,2) 934
Pr(2,2,13,0) 935
Pr(13,0,2,2) 936
Pr(2,2,14,3) 937
Pr(14,3,2,2) 938
Pr(2,2,15,4) 939
Pr(15,4,2,2) 940
Pr(2,2,16,1) 941
Pr(16,1,2,2) 942
Pr(2,2,17,3) 943
Pr(17,3,2,2) 944
Pr(2,2,18,1) 945
Pr(18,1,2,2) 946
Pr(2,2,19,2) 947
Pr(19,2,2,2) 948
Pr(3,3,4,0) 949
Pr(4,0,3,3) 950
Pr(3,3,5,0) 951
Pr(5,0,3,3) 952
Pr(3,3,6,2) 953
Pr(6,2,3,3) 954
Pr(3,3,7,0) 955
Pr(7,0,3,3) 956
Pr(3,3,8,2) 957
Pr(8,2,3,3) 958
Pr(3,3,9,1) 959
Pr(9,1,3,3) 960
Pr(3,3,10,4) 961
Pr(10,4,3,3) 962
Pr(3,3,11,0) 963
Pr(11,0,3,3) 964
Pr(3,3,12,1) 965
Pr(12,1,3,3) 966
Pr(3,3,13,0) 967
Pr(13,0,3,3) 968
Pr(3,3,14,3) 969
Pr(14,3,3,3) 970
Pr(3,3,15,4) 971
Pr(15,4,3,3) 972
Pr(3,3,16,1) 973
Pr(16,1,3,3) 974
Pr(3,3,17,3) 975
Pr(17,3,3,3) 976
Pr(3,3,18,1) 977
Pr(18,1,3,3) 978
Pr(3,3,19,2) 979
Pr(19,2,3,3) 980
Pr(4,0,5,0) 981
Pr(5,0,4,0) 982
Pr(4,0,6,2) 983
Pr(6,2,4,0) 984
Pr(4,0,7,0) 985
Pr(7,0,4,0) 986
Pr(4,0,8,2) 987
Pr(8,2,4,0) 988
Pr(4,0,9,1) 989
Pr(9,1,4,0) 990
Pr(4,0,10,4) 991
Pr(10,4,4,0) 992
Pr(4,0,11,0) 993
Pr(11,0,4,0) 994
Pr(4,0,12,1) 995
Pr(12,1,4,0) 996
Pr(4,0,13,0) 997
Pr(13,0,4,0) 998
Pr(4,0,14,3) 999
Pr(14,3,4,0) 1000
Pr(4,0,15,4) 1001
Pr(15,4,4,0) 1002
Pr(4,0,16,1) 1003
Pr(16,1,4,0) 1004
Pr(4,0,17,3) 1005
Pr(17,3,4,0) 1006
Pr(4,0,18,1) 1007
Pr(18,1,4,0) 1008
Pr(4,0,19,2) 1009
Pr(19,2,4,0) 1010
Pr(5,0,6,2) 1011
Pr(6,2,5,0) 1012
Pr(5,0,7,0) 1013
Pr(7,0,5,0) 1014
Pr(5,0,8,2) 1015
Pr(8,2,5,0) 1016
Pr(5,0,9,1) 1017
Pr(9,1,5,0) 1018
Pr(5,0,10,4) 1019
Pr(10,4,5,0) 1020
Pr(5,0,11,0) 1021
Pr(11,0,5,0) 1022
Pr(5,0,12,1) 1023
Pr(12,1,5,0) 1024
Pr(5,0,13,0) 1025
Pr(13,0,5,0) 1026
Pr(5,0,14,3) 1027
Pr(14,3,5,0) 1028
Pr(5,0,15,4) 1029
Pr(15,4,5,0) 1030
Pr(5,0,16,1) 1031
Pr(16,1,5,0) 1032
Pr(5,0,17,3) 1033
Pr(17,3,5,0) 1034
Pr(5,0,18,1) 1035
Pr(18,1,5,0) 1036
Pr(5,0,19,2) 1037
Pr(19,2,5,0) 1038
Pr(6,2,7,0) 1039
Pr(7,0,6,2) 1040
Pr(6,2,8,2) 1041
Pr(8,2,6,2) 1042
Pr(6,2,9,1) 1043
Pr(9,1,6,2) 1044
Pr(6,2,10,4) 1045
Pr(10,4,6,2) 1046
Pr(6,2,11,0) 1047
Pr(11,0,6,2) 1048
Pr(6,2,12,1) 1049
Pr(12,1,6,2) 1050
Pr(6,2,13,0) 1051
Pr(13,0,6,2) 1052
Pr(6,2,14,3) 1053
Pr(14,3,6,2) 1054
Pr(6,2,15,4) 1055
Pr(15,4,6,2) 1056
Pr(6,2,16,1) 1057
Pr(16,1,6,2) 1058
Pr(6,2,17,3) 1059
Pr(17,3,6,2) 1060
Pr(6,2,18,1) 1061
Pr(18,1,6,2) 1062
Pr(6,2,19,2) 1063
Pr(19,2,6,2) 1064
Pr(7,0,8,2) 1065
Pr(8,2,7,0) 1066
Pr(7,0,9,1) 1067
Pr(9,1,7,0) 1068
Pr(7,0,10,4) 1069
Pr(10,4,7,0) 1070
Pr(7,0,11,0) 1071
Pr(11,0,7,0) 1072
Pr(7,0,12,1) 1073
Pr(12,1,7,0) 1074
Pr(7,0,13,0) 1075
Pr(13,0,7,0) 1076
Pr(7,0,14,3) 1077
Pr(14,3,7,0) 1078
Pr(7,0,15,4) 1079
Pr(15,4,7,0) 1080
Pr(7,0,16,1) 1081
Pr(16,1,7,0) 1082
Pr(7,0,17,3) 1083
Pr(17,3,7,0) 1084
Pr(7,0,18,1) 1085
Pr(18,1,7,0) 1086
Pr(7,0,19,2) 1087
Pr(19,2,7,0) 1088
Pr(8,2,9,1) 1089
Pr(9,1,8,2) 1090
Pr(8,2,10,4) 1091
Pr(10,4,8,2) 1092
Pr(8,2,11,0) 1093
Pr(11,0,8,2) 1094
Pr(8,2,12,1) 1095
Pr(12,1,8,2) 1096
Pr(8,2,13,0) 1097
Pr(13,0,8,2) 1098
Pr(8,2,14,3) 1099
Pr(14,3,8,2) 1100
Pr(8,2,15,4) 1101
Pr(15,4,8,2) 1102
Pr(8,2,16,1) 1103
Pr(16,1,8,2) 1104
Pr(8,2,17,3) 1105
Pr(17,3,8,2) 1106
Pr(8,2,18,1) 1107
Pr(18,1,8,2) 1108
Pr(8,2,19,2) 1109
Pr(19,2,8,2) 1110
Pr(9,1,10,4) 1111
Pr(10,4,9,1) 1112
Pr(9,1,11,0) 1113
Pr(11,0,9,1) 1114
Pr(9,1,12,1) 1115
Pr(12,1,9,1) 1116
Pr(9,1,13,0) 1117
Pr(13,0,9,1) 1118
Pr(9,1,14,3) 1119
Pr(14,3,9,1) 1120
Pr(9,1,15,4) 1121
Pr(15,4,9,1) 1122
Pr(9,1,16,1) 1123
Pr(16,1,9,1) 1124
Pr(9,1,17,3) 1125
Pr(17,3,9,1) 1126
Pr(9,1,18,1) 1127
Pr(18,1,9,1) 1128
Pr(9,1,19,2) 1129
Pr(19,2,9,1) 1130
Pr(10,4,11,0) 1131
Pr(11,0,10,4) 1132
Pr(10,4,12,1) 1133
Pr(12,1,10,4) 1134
Pr(10,4,13,0) 1135
Pr(13,0,10,4) 1136
Pr(10,4,14,3) 1137
Pr(14,3,10,4) 1138
Pr(10,4,15,4) 1139
Pr(15,4,10,4) 1140
Pr(10,4,16,1) 1141
Pr(16,1,10,4) 1142
Pr(10,4,17,3) 1143
Pr(17,3,10,4) 1144
Pr(10,4,18,1) 1145
Pr(18,1,10,4) 1146
Pr(10,4,19,2) 1147
Pr(19,2,10,4) 1148
Pr(11,0,12,1) 1149
Pr(12,1,11,0) 1150
Pr(11,0,13,0) 1151
Pr(13,0,11,0) 1152
Pr(11,0,14,3) 1153
Pr(14,3,11,0) 1154
Pr(11,0,15,4) 1155
Pr(15,4,11,0) 1156
Pr(11,0,16,1) 1157
Pr(16,1,11,0) 1158
Pr(11,0,17,3) 1159
Pr(17,3,11,0) 1160
Pr(11,0,18,1) 1161
Pr(18,1,11,0) 1162
Pr(11,0,19,2) 1163
Pr(19,2,11,0) 1164
Pr(12,1,13,0) 1165
Pr(13,0,12,1) 1166
Pr(12,1,14,3) 1167
Pr(14,3,12,1) 1168
Pr(12,1,15,4) 1169
Pr(15,4,12,1) 1170
Pr(12,1,16,1) 1171
Pr(16,1,12,1) 1172
Pr(12,1,17,3) 1173
Pr(17,3,12,1) 1174
Pr(12,1,18,1) 1175
Pr(18,1,12,1) 1176
Pr(12,1,19,2) 1177
Pr(19,2,12,1) 1178
Pr(13,0,14,3) 1179
Pr(14,3,13,0) 1180
Pr(13,0,15,4) 1181
Pr(15,4,13,0) 1182
Pr(13,0,16,1) 1183
Pr(16,1,13,0) 1184
Pr(13,0,17,3) 1185
Pr(17,3,13,0) 1186
Pr(13,0,18,1) 1187
Pr(18,1,13,0) 1188
Pr(13,0,19,2) 1189
Pr(19,2,13,0) 1190
Pr(14,3,15,4) 1191
Pr(15,4,14,3) 1192
Pr(14,3,16,1) 1193
Pr(16,1,14,3) 1194
Pr(14,3,17,3) 1195
Pr(17,3,14,3) 1196
Pr(14,3,18,1) 1197
Pr(18,1,14,3) 1198
Pr(14,3,19,2) 1199
Pr(19,2,14,3) 1200
Pr(15,4,16,1) 1201
Pr(16,1,15,4) 1202
Pr(15,4,17,3) 1203
Pr(17,3,15,4) 1204
Pr(15,4,18,1) 1205
Pr(18,1,15,4) 1206
Pr(15,4,19,2) 1207
Pr(19,2,15,4) 1208
Pr(16,1,17,3) 1209
Pr(17,3,16,1) 1210
Pr(16,1,18,1) 1211
Pr(18,1,16,1) 1212
Pr(16,1,19,2) 1213
Pr(19,2,16,1) 1214
Pr(17,3,18,1) 1215
Pr(18,1,17,3) 1216
Pr(17,3,19,2) 1217
Pr(19,2,17,3) 1218
Pr(18,1,19,2) 1219
Pr(19,2,18,1) 1220
Pr(0,3,1,2) 1221
Pr(1,2,0,3) 1222
Pr(0,3,2,4) 1223
Pr(2,4,0,3) 1224
Pr(0,3,3,4) 1225
Pr(3,4,0,3) 1226
Pr(0,3,4,3) 1227
Pr(4,3,0,3) 1228
Pr(0,3,5,4) 1229
Pr(5,4,0,3) 1230
Pr(0,3,6,3) 1231
Pr(6,3,0,3) 1232
Pr(0,3,7,3) 1233
Pr(7,3,0,3) 1234
Pr(0,3,8,1) 1235
Pr(8,1,0,3) 1236
Pr(0,3,9,3) 1237
Pr(9,3,0,3) 1238
Pr(0,3,10,1) 1239
Pr(10,1,0,3) 1240
Pr(0,3,11,3) 1241
Pr(11,3,0,3) 1242
Pr(0,3,12,3) 1243
Pr(12,3,0,3) 1244
Pr(0,3,13,3) 1245
Pr(13,3,0,3) 1246
Pr(0,3,14,4) 1247
Pr(14,4,0,3) 1248
Pr(0,3,15,2) 1249
Pr(15,2,0,3) 1250
Pr(0,3,16,3) 1251
Pr(16,3,0,3) 1252
Pr(0,3,17,4) 1253
Pr(17,4,0,3) 1254
Pr(0,3,18,3) 1255
Pr(18,3,0,3) 1256
Pr(0,3,19,3) 1257
Pr(19,3,0,3) 1258
Pr(1,2,2,4) 1259
Pr(2,4,1,2) 1260
Pr(1,2,3,4) 1261
Pr(3,4,1,2) 1262
Pr(1,2,4,3) 1263
Pr(4,3,1,2) 1264
Pr(1,2,5,4) 1265
Pr(5,4,1,2) 1266
Pr(1,2,6,3) 1267
Pr(6,3,1,2) 1268
Pr(1,2,7,3) 1269
Pr(7,3,1,2) 1270
Pr(1,2,8,1) 1271
Pr(8,1,1,2) 1272
Pr(1,2,9,3) 1273
Pr(9,3,1,2) 1274
Pr(1,2,10,1) 1275
Pr(10,1,1,2) 1276
Pr(1,2,11,3) 1277
Pr(11,3,1,2) 1278
Pr(1,2,12,3) 1279
Pr(12,3,1,2) 1280
Pr(1,2,13,3) 1281
Pr(13,3,1,2) 1282
Pr(1,2,14,4) 1283
Pr(14,4,1,2) 1284
Pr(1,2,15,2) 1285
Pr(15,2,1,2) 1286
Pr(1,2,16,3) 1287
Pr(16,3,1,2) 1288
Pr(1,2,17,4) 1289
Pr(17,4,1,2) 1290
Pr(1,2,18,3) 1291
Pr(18,3,1,2) 1292
Pr(1,2,19,3) 1293
Pr(19,3,1,2) 1294
Pr(2,4,3,4) 1295
Pr(3,4,2,4) 1296
Pr(2,4,4,3) 1297
Pr(4,3,2,4) 1298
Pr(2,4,5,4) 1299
Pr(5,4,2,4) 1300
Pr(2,4,6,3) 1301
Pr(6,3,2,4) 1302
Pr(2,4,7,3) 1303
Pr(7,3,2,4) 1304
Pr(2,4,8,1) 1305
Pr(8,1,2,4) 1306
Pr(2,4,9,3) 1307
Pr(9,3,2,4) 1308
Pr(2,4,10,1) 1309
Pr(10,1,2,4) 1310
Pr(2,4,11,3) 1311
Pr(11,3,2,4) 1312
Pr(2,4,12,3) 1313
Pr(12,3,2,4) 1314
Pr(2,4,13,3) 1315
Pr(13,3,2,4) 1316
Pr(2,4,14,4) 1317
Pr(14,4,2,4) 1318
Pr(2,4,15,2) 1319
Pr(15,2,2,4) 1320
Pr(2,4,16,3) 1321
Pr(16,3,2,4) 1322
Pr(2,4,17,4) 1323
Pr(17,4,2,4) 1324
Pr(2,4,18,3) 1325
Pr(18,3,2,4) 1326
Pr(2,4,19,3) 1327
Pr(19,3,2,4) 1328
Pr(3,4,4,3) 1329
Pr(4,3,3,4) 1330
Pr(3,4,5,4) 1331
Pr(5,4,3,4) 1332
Pr(3,4,6,3) 1333
Pr(6,3,3,4) 1334
Pr(3,4,7,3) 1335
Pr(7,3,3,4) 1336
Pr(3,4,8,1) 1337
Pr(8,1,3,4) 1338
Pr(3,4,9,3) 1339
Pr(9,3,3,4) 1340
Pr(3,4,10,1) 1341
Pr(10,1,3,4) 1342
Pr(3,4,11,3) 1343
Pr(11,3,3,4) 1344
Pr(3,4,12,3) 1345
Pr(12,3,3,4) 1346
Pr(3,4,13,3) 1347
Pr(13,3,3,4) 1348
Pr(3,4,14,4) 1349
Pr(14,4,3,4) 1350
Pr(3,4,15,2) 1351
Pr(15,2,3,4) 1352
Pr(3,4,16,3) 1353
Pr(16,3,3,4) 1354
Pr(3,4,17,4) 1355
Pr(17,4,3,4) 1356
Pr(3,4,18,3) 1357
Pr(18,3,3,4) 1358
Pr(3,4,19,3) 1359
Pr(19,3,3,4) 1360
Pr(4,3,5,4) 1361
Pr(5,4,4,3) 1362
Pr(4,3,6,3) 1363
Pr(6,3,4,3) 1364
Pr(4,3,7,3) 1365
Pr(7,3,4,3) 1366
Pr(4,3,8,1) 1367
Pr(8,1,4,3) 1368
Pr(4,3,9,3) 1369
Pr(9,3,4,3) 1370
Pr(4,3,10,1) 1371
Pr(10,1,4,3) 1372
Pr(4,3,11,3) 1373
Pr(11,3,4,3) 1374
Pr(4,3,12,3) 1375
Pr(12,3,4,3) 1376
Pr(4,3,13,3) 1377
Pr(13,3,4,3) 1378
Pr(4,3,14,4) 1379
Pr(14,4,4,3) 1380
Pr(4,3,15,2) 1381
Pr(15,2,4,3) 1382
Pr(4,3,16,3) 1383
Pr(16,3,4,3) 1384
Pr(4,3,17,4) 1385
Pr(17,4,4,3) 1386
Pr(4,3,18,3) 1387
Pr(18,3,4,3) 1388
Pr(4,3,19,3) 1389
Pr(19,3,4,3) 1390
Pr(5,4,6,3) 1391
Pr(6,3,5,4) 1392
Pr(5,4,7,3) 1393
Pr(7,3,5,4) 1394
Pr(5,4,8,1) 1395
Pr(8,1,5,4) 1396
Pr(5,4,9,3) 1397
Pr(9,3,5,4) 1398
Pr(5,4,10,1) 1399
Pr(10,1,5,4) 1400
Pr(5,4,11,3) 1401
Pr(11,3,5,4) 1402
Pr(5,4,12,3) 1403
Pr(12,3,5,4) 1404
Pr(5,4,13,3) 1405
Pr(13,3,5,4) 1406
Pr(5,4,14,4) 1407
Pr(14,4,5,4) 1408
Pr(5,4,15,2) 1409
Pr(15,2,5,4) 1410
Pr(5,4,16,3) 1411
Pr(16,3,5,4) 1412
Pr(5,4,17,4) 1413
Pr(17,4,5,4) 1414
Pr(5,4,18,3) 1415
Pr(18,3,5,4) 1416
Pr(5,4,19,3) 1417
Pr(19,3,5,4) 1418
Pr(6,3,7,3) 1419
Pr(7,3,6,3) 1420
Pr(6,3,8,1) 1421
Pr(8,1,6,3) 1422
Pr(6,3,9,3) 1423
Pr(9,3,6,3) 1424
Pr(6,3,10,1) 1425
Pr(10,1,6,3) 1426
Pr(6,3,11,3) 1427
Pr(11,3,6,3) 1428
Pr(6,3,12,3) 1429
Pr(12,3,6,3) 1430
Pr(6,3,13,3) 1431
Pr(13,3,6,3) 1432
Pr(6,3,14,4) 1433
Pr(14,4,6,3) 1434
Pr(6,3,15,2) 1435
Pr(15,2,6,3) 1436
Pr(6,3,16,3) 1437
Pr(16,3,6,3) 1438
Pr(6,3,17,4) 1439
Pr(17,4,6,3) 1440
Pr(6,3,18,3) 1441
Pr(18,3,6,3) 1442
Pr(6,3,19,3) 1443
Pr(19,3,6,3) 1444
Pr(7,3,8,1) 1445
Pr(8,1,7,3) 1446
Pr(7,3,9,3) 1447
Pr(9,3,7,3) 1448
Pr(7,3,10,1) 1449
Pr(10,1,7,3) 1450
Pr(7,3,11,3) 1451
Pr(11,3,7,3) 1452
Pr(7,3,12,3) 1453
Pr(12,3,7,3) 1454
Pr(7,3,13,3) 1455
Pr(13,3,7,3) 1456
Pr(7,3,14,4) 1457
Pr(14,4,7,3) 1458
Pr(7,3,15,2) 1459
Pr(15,2,7,3) 1460
Pr(7,3,16,3) 1461
Pr(16,3,7,3) 1462
Pr(7,3,17,4) 1463
Pr(17,4,7,3) 1464
Pr(7,3,18,3) 1465
Pr(18,3,7,3) 1466
Pr(7,3,19,3) 1467
Pr(19,3,7,3) 1468
Pr(8,1,9,3) 1469
Pr(9,3,8,1) 1470
Pr(8,1,10,1) 1471
Pr(10,1,8,1) 1472
Pr(8,1,11,3) 1473
Pr(11,3,8,1) 1474
Pr(8,1,12,3) 1475
Pr(12,3,8,1) 1476
Pr(8,1,13,3) 1477
Pr(13,3,8,1) 1478
Pr(8,1,14,4) 1479
Pr(14,4,8,1) 1480
Pr(8,1,15,2) 1481
Pr(15,2,8,1) 1482
Pr(8,1,16,3) 1483
Pr(16,3,8,1) 1484
Pr(8,1,17,4) 1485
Pr(17,4,8,1) 1486
Pr(8,1,18,3) 1487
Pr(18,3,8,1) 1488
Pr(8,1,19,3) 1489
Pr(19,3,8,1) 1490
Pr(9,3,10,1) 1491
Pr(10,1,9,3) 1492
Pr(9,3,11,3) 1493
Pr(11,3,9,3) 1494
Pr(9,3,12,3) 1495
Pr(12,3,9,3) 1496
Pr(9,3,13,3) 1497
Pr(13,3,9,3) 1498
Pr(9,3,14,4) 1499
Pr(14,4,9,3) 1500
Pr(9,3,15,2) 1501
Pr(15,2,9,3) 1502
Pr(9,3,16,3) 1503
Pr(16,3,9,3) 1504
Pr(9,3,17,4) 1505
Pr(17,4,9,3) 1506
Pr(9,3,18,3) 1507
Pr(18,3,9,3) 1508
Pr(9,3,19,3) 1509
Pr(19,3,9,3) 1510
Pr(10,1,11,3) 1511
Pr(11,3,10,1) 1512
Pr(10,1,12,3) 1513
Pr(12,3,10,1) 1514
Pr(10,1,13,3) 1515
Pr(13,3,10,1) 1516
Pr(10,1,14,4) 1517
Pr(14,4,10,1) 1518
Pr(10,1,15,2) 1519
Pr(15,2,10,1) 1520
Pr(10,1,16,3) 1521
Pr(16,3,10,1) 1522
Pr(10,1,17,4) 1523
Pr(17,4,10,1) 1524
Pr(10,1,18,3) 1525
Pr(18,3,10,1) 1526
Pr(10,1,19,3) 1527
Pr(19,3,10,1) 1528
Pr(11,3,12,3) 1529
Pr(12,3,11,3) 1530
Pr(11,3,13,3) 1531
Pr(13,3,11,3) 1532
Pr(11,3,14,4) 1533
Pr(14,4,11,3) 1534
Pr(11,3,15,2) 1535
Pr(15,2,11,3) 1536
Pr(11,3,16,3) 1537
Pr(16,3,11,3) 1538
Pr(11,3,17,4) 1539
Pr(17,4,11,3) 1540
Pr(11,3,18,3) 1541
Pr(18,3,11,3) 1542
Pr(11,3,19,3) 1543
Pr(19,3,11,3) 1544
Pr(12,3,13,3) 1545
Pr(13,3,12,3) 1546
Pr(12,3,14,4) 1547
Pr(14,4,12,3) 1548
Pr(12,3,15,2) 1549
Pr(15,2,12,3) 1550
Pr(12,3,16,3) 1551
Pr(16,3,12,3) 1552
Pr(12,3,17,4) 1553
Pr(17,4,12,3) 1554
Pr(12,3,18,3) 1555
Pr(18,3,12,3) 1556
Pr(12,3,19,3) 1557
Pr(19,3,12,3) 1558
Pr(13,3,14,4) 1559
Pr(14,4,13,3) 1560
Pr(13,3,15,2) 1561
Pr(15,2,13,3) 1562
Pr(13,3,16,3) 1563
Pr(16,3,13,3) 1564
Pr(13,3,17,4) 1565
Pr(17,4,13,3) 1566
Pr(13,3,18,3) 1567
Pr(18,3,13,3) 1568
Pr(13,3,19,3) 1569
Pr(19,3,13,3) 1570
Pr(14,4,15,2) 1571
Pr(15,2,14,4) 1572
Pr(14,4,16,3) 1573
Pr(16,3,14,4) 1574
Pr(14,4,17,4) 1575
Pr(17,4,14,4) 1576
Pr(14,4,18,3) 1577
Pr(18,3,14,4) 1578
Pr(14,4,19,3) 1579
Pr(19,3,14,4) 1580
Pr(15,2,16,3) 1581
Pr(16,3,15,2) 1582
Pr(15,2,17,4) 1583
Pr(17,4,15,2) 1584
Pr(15,2,18,3) 1585
Pr(18,3,15,2) 1586
Pr(15,2,19,3) 1587
Pr(19,3,15,2) 1588
Pr(16,3,17,4) 1589
Pr(17,4,16,3) 1590
Pr(16,3,18,3) 1591
Pr(18,3,16,3) 1592
Pr(16,3,19,3) 1593
Pr(19,3,16,3) 1594
Pr(17,4,18,3) 1595
Pr(18,3,17,4) 1596
Pr(17,4,19,3) 1597
Pr(19,3,17,4) 1598
Pr(18,3,19,3) 1599
Pr(19,3,18,3) 1600
Pr(0,4,1,4) 1601
Pr(1,4,0,4) 1602
Pr(0,4,2,3) 1603
Pr(2,3,0,4) 1604
Pr(0,4,3,2) 1605
Pr(3,2,0,4) 1606
Pr(0,4,4,4) 1607
Pr(4,4,0,4) 1608
Pr(0,4,5,2) 1609
Pr(5,2,0,4) 1610
Pr(0,4,6,4) 1611
Pr(6,4,0,4) 1612
Pr(0,4,7,4) 1613
Pr(7,4,0,4) 1614
Pr(0,4,8,4) 1615
Pr(8,4,0,4) 1616
Pr(0,4,9,4) 1617
Pr(9,4,0,4) 1618
Pr(0,4,10,3) 1619
Pr(10,3,0,4) 1620
Pr(0,4,11,4) 1621
Pr(11,4,0,4) 1622
Pr(0,4,12,4) 1623
Pr(12,4,0,4) 1624
Pr(0,4,13,4) 1625
Pr(13,4,0,4) 1626
Pr(0,4,14,2) 1627
Pr(14,2,0,4) 1628
Pr(0,4,15,3) 1629
Pr(15,3,0,4) 1630
Pr(0,4,16,4) 1631
Pr(16,4,0,4) 1632
Pr(0,4,17,2) 1633
Pr(17,2,0,4) 1634
Pr(0,4,18,4) 1635
Pr(18,4,0,4) 1636
Pr(0,4,19,4) 1637
Pr(19,4,0,4) 1638
Pr(1,4,2,3) 1639
Pr(2,3,1,4) 1640
Pr(1,4,3,2) 1641
Pr(3,2,1,4) 1642
Pr(1,4,4,4) 1643
Pr(4,4,1,4) 1644
Pr(1,4,5,2) 1645
Pr(5,2,1,4) 1646
Pr(1,4,6,4) 1647
Pr(6,4,1,4) 1648
Pr(1,4,7,4) 1649
Pr(7,4,1,4) 1650
Pr(1,4,8,4) 1651
Pr(8,4,1,4) 1652
Pr(1,4,9,4) 1653
Pr(9,4,1,4) 1654
Pr(1,4,10,3) 1655
Pr(10,3,1,4) 1656
Pr(1,4,11,4) 1657
Pr(11,4,1,4) 1658
Pr(1,4,12,4) 1659
Pr(12,4,1,4) 1660
Pr(1,4,13,4) 1661
Pr(13,4,1,4) 1662
Pr(1,4,14,2) 1663
Pr(14,2,1,4) 1664
Pr(1,4,15,3) 1665
Pr(15,3,1,4) 1666
Pr(1,4,16,4) 1667
Pr(16,4,1,4) 1668
Pr(1,4,17,2) 1669
Pr(17,2,1,4) 1670
Pr(1,4,18,4) 1671
Pr(18,4,1,4) 1672
Pr(1,4,19,4) 1673
Pr(19,4,1,4) 1674
Pr(2,3,3,2) 1675
Pr(3,2,2,3) 1676
Pr(2,3,4,4) 1677
Pr(4,4,2,3) 1678
Pr(2,3,5,2) 1679
Pr(5,2,2,3) 1680
Pr(2,3,6,4) 1681
Pr(6,4,2,3) 1682
Pr(2,3,7,4) 1683
Pr(7,4,2,3) 1684
Pr(2,3,8,4) 1685
Pr(8,4,2,3) 1686
Pr(2,3,9,4) 1687
Pr(9,4,2,3) 1688
Pr(2,3,10,3) 1689
Pr(10,3,2,3) 1690
Pr(2,3,11,4) 1691
Pr(11,4,2,3) 1692
Pr(2,3,12,4) 1693
Pr(12,4,2,3) 1694
Pr(2,3,13,4) 1695
Pr(13,4,2,3) 1696
Pr(2,3,14,2) 1697
Pr(14,2,2,3) 1698
Pr(2,3,15,3) 1699
Pr(15,3,2,3) 1700
Pr(2,3,16,4) 1701
Pr(16,4,2,3) 1702
Pr(2,3,17,2) 1703
Pr(17,2,2,3) 1704
Pr(2,3,18,4) 1705
Pr(18,4,2,3) 1706
Pr(2,3,19,4) 1707
Pr(19,4,2,3) 1708
Pr(3,2,4,4) 1709
Pr(4,4,3,2) 1710
Pr(3,2,5,2) 1711
Pr(5,2,3,2) 1712
Pr(3,2,6,4) 1713
Pr(6,4,3,2) 1714
Pr(3,2,7,4) 1715
Pr(7,4,3,2) 1716
Pr(3,2,8,4) 1717
Pr(8,4,3,2) 1718
Pr(3,2,9,4) 1719
Pr(9,4,3,2) 1720
Pr(3,2,10,3) 1721
Pr(10,3,3,2) 1722
Pr(3,2,11,4) 1723
Pr(11,4,3,2) 1724
Pr(3,2,12,4) 1725
Pr(12,4,3,2) 1726
Pr(3,2,13,4) 1727
Pr(13,4,3,2) 1728
Pr(3,2,14,2) 1729
Pr(14,2,3,2) 1730
Pr(3,2,15,3) 1731
Pr(15,3,3,2) 1732
Pr(3,2,16,4) 1733
Pr(16,4,3,2) 1734
Pr(3,2,17,2) 1735
Pr(17,2,3,2) 1736
Pr(3,2,18,4) 1737
Pr(18,4,3,2) 1738
Pr(3,2,19,4) 1739
Pr(19,4,3,2) 1740
Pr(4,4,5,2) 1741
Pr(5,2,4,4) 1742
Pr(4,4,6,4) 1743
Pr(6,4,4,4) 1744
Pr(4,4,7,4) 1745
Pr(7,4,4,4) 1746
Pr(4,4,8,4) 1747
Pr(8,4,4,4) 1748
Pr(4,4,9,4) 1749
Pr(9,4,4,4) 1750
Pr(4,4,10,3) 1751
Pr(10,3,4,4) 1752
Pr(4,4,11,4) 1753
Pr(11,4,4,4) 1754
Pr(4,4,12,4) 1755
Pr(12,4,4,4) 1756
Pr(4,4,13,4) 1757
Pr(13,4,4,4) 1758
Pr(4,4,14,2) 1759
Pr(14,2,4,4) 1760
Pr(4,4,15,3) 1761
Pr(15,3,4,4) 1762
Pr(4,4,16,4) 1763
Pr(16,4,4,4) 1764
Pr(4,4,17,2) 1765
Pr(17,2,4,4) 1766
Pr(4,4,18,4) 1767
Pr(18,4,4,4) 1768
Pr(4,4,19,4) 1769
Pr(19,4,4,4) 1770
Pr(5,2,6,4) 1771
Pr(6,4,5,2) 1772
Pr(5,2,7,4) 1773
Pr(7,4,5,2) 1774
Pr(5,2,8,4) 1775
Pr(8,4,5,2) 1776
Pr(5,2,9,4) 1777
Pr(9,4,5,2) 1778
Pr(5,2,10,3) 1779
Pr(10,3,5,2) 1780
Pr(5,2,11,4) 1781
Pr(11,4,5,2) 1782
Pr(5,2,12,4) 1783
Pr(12,4,5,2) 1784
Pr(5,2,13,4) 1785
Pr(13,4,5,2) 1786
Pr(5,2,14,2) 1787
Pr(14,2,5,2) 1788
Pr(5,2,15,3) 1789
Pr(15,3,5,2) 1790
Pr(5,2,16,4) 1791
Pr(16,4,5,2) 1792
Pr(5,2,17,2) 1793
Pr(17,2,5,2) 1794
Pr(5,2,18,4) 1795
Pr(18,4,5,2) 1796
Pr(5,2,19,4) 1797
Pr(19,4,5,2) 1798
Pr(6,4,7,4) 1799
Pr(7,4,6,4) 1800
Pr(6,4,8,4) 1801
Pr(8,4,6,4) 1802
Pr(6,4,9,4) 1803
Pr(9,4,6,4) 1804
Pr(6,4,10,3) 1805
Pr(10,3,6,4) 1806
Pr(6,4,11,4) 1807
Pr(11,4,6,4) 1808
Pr(6,4,12,4) 1809
Pr(12,4,6,4) 1810
Pr(6,4,13,4) 1811
Pr(13,4,6,4) 1812
Pr(6,4,14,2) 1813
Pr(14,2,6,4) 1814
Pr(6,4,15,3) 1815
Pr(15,3,6,4) 1816
Pr(6,4,16,4) 1817
Pr(16,4,6,4) 1818
Pr(6,4,17,2) 1819
Pr(17,2,6,4) 1820
Pr(6,4,18,4) 1821
Pr(18,4,6,4) 1822
Pr(6,4,19,4) 1823
Pr(19,4,6,4) 1824
Pr(7,4,8,4) 1825
Pr(8,4,7,4) 1826
Pr(7,4,9,4) 1827
Pr(9,4,7,4) 1828
Pr(7,4,10,3) 1829
Pr(10,3,7,4) 1830
Pr(7,4,11,4) 1831
Pr(11,4,7,4) 1832
Pr(7,4,12,4) 1833
Pr(12,4,7,4) 1834
Pr(7,4,13,4) 1835
Pr(13,4,7,4) 1836
Pr(7,4,14,2) 1837
Pr(14,2,7,4) 1838
Pr(7,4,15,3) 1839
Pr(15,3,7,4) 1840
Pr(7,4,16,4) 1841
Pr(16,4,7,4) 1842
Pr(7,4,17,2) 1843
Pr(17,2,7,4) 1844
Pr(7,4,18,4) 1845
Pr(18,4,7,4) 1846
Pr(7,4,19,4) 1847
Pr(19,4,7,4) 1848
Pr(8,4,9,4) 1849
Pr(9,4,8,4) 1850
Pr(8,4,10,3) 1851
Pr(10,3,8,4) 1852
Pr(8,4,11,4) 1853
Pr(11,4,8,4) 1854
Pr(8,4,12,4) 1855
Pr(12,4,8,4) 1856
Pr(8,4,13,4) 1857
Pr(13,4,8,4) 1858
Pr(8,4,14,2) 1859
Pr(14,2,8,4) 1860
Pr(8,4,15,3) 1861
Pr(15,3,8,4) 1862
Pr(8,4,16,4) 1863
Pr(16,4,8,4) 1864
Pr(8,4,17,2) 1865
Pr(17,2,8,4) 1866
Pr(8,4,18,4) 1867
Pr(18,4,8,4) 1868
Pr(8,4,19,4) 1869
Pr(19,4,8,4) 1870
Pr(9,4,10,3) 1871
Pr(10,3,9,4) 1872
Pr(9,4,11,4) 1873
Pr(11,4,9,4) 1874
Pr(9,4,12,4) 1875
Pr(12,4,9,4) 1876
Pr(9,4,13,4) 1877
Pr(13,4,9,4) 1878
Pr(9,4,14,2) 1879
Pr(14,2,9,4) 1880
Pr(9,4,15,3) 1881
Pr(15,3,9,4) 1882
Pr(9,4,16,4) 1883
Pr(16,4,9,4) 1884
Pr(9,4,17,2) 1885
Pr(17,2,9,4) 1886
Pr(9,4,18,4) 1887
Pr(18,4,9,4) 1888
Pr(9,4,19,4) 1889
Pr(19,4,9,4) 1890
Pr(10,3,11,4) 1891
Pr(11,4,10,3) 1892
Pr(10,3,12,4) 1893
Pr(12,4,10,3) 1894
Pr(10,3,13,4) 1895
Pr(13,4,10,3) 1896
Pr(10,3,14,2) 1897
Pr(14,2,10,3) 1898
Pr(10,3,15,3) 1899
Pr(15,3,10,3) 1900
Pr(10,3,16,4) 1901
Pr(16,4,10,3) 1902
Pr(10,3,17,2) 1903
Pr(17,2,10,3) 1904
Pr(10,3,18,4) 1905
Pr(18,4,10,3) 1906
Pr(10,3,19,4) 1907
Pr(19,4,10,3) 1908
Pr(11,4,12,4) 1909
Pr(12,4,11,4) 1910
Pr(11,4,13,4) 1911
Pr(13,4,11,4) 1912
Pr(11,4,14,2) 1913
Pr(14,2,11,4) 1914
Pr(11,4,15,3) 1915
Pr(15,3,11,4) 1916
Pr(11,4,16,4) 1917
Pr(16,4,11,4) 1918
Pr(11,4,17,2) 1919
Pr(17,2,11,4) 1920
Pr(11,4,18,4) 1921
Pr(18,4,11,4) 1922
Pr(11,4,19,4) 1923
Pr(19,4,11,4) 1924
Pr(12,4,13,4) 1925
Pr(13,4,12,4) 1926
Pr(12,4,14,2) 1927
Pr(14,2,12,4) 1928
Pr(12,4,15,3) 1929
Pr(15,3,12,4) 1930
Pr(12,4,16,4) 1931
Pr(16,4,12,4) 1932
Pr(12,4,17,2) 1933
Pr(17,2,12,4) 1934
Pr(12,4,18,4) 1935
Pr(18,4,12,4) 1936
Pr(12,4,19,4) 1937
Pr(19,4,12,4) 1938
Pr(13,4,14,2) 1939
Pr(14,2,13,4) 1940
Pr(13,4,15,3) 1941
Pr(15,3,13,4) 1942
Pr(13,4,16,4) 1943
Pr(16,4,13,4) 1944
Pr(13,4,17,2) 1945
Pr(17,2,13,4) 1946
Pr(13,4,18,4) 1947
Pr(18,4,13,4) 1948
Pr(13,4,19,4) 1949
Pr(19,4,13,4) 1950
Pr(14,2,15,3) 1951
Pr(15,3,14,2) 1952
Pr(14,2,16,4) 1953
Pr(16,4,14,2) 1954
Pr(14,2,17,2) 1955
Pr(17,2,14,2) 1956
Pr(14,2,18,4) 1957
Pr(18,4,14,2) 1958
Pr(14,2,19,4) 1959
Pr(19,4,14,2) 1960
Pr(15,3,16,4) 1961
Pr(16,4,15,3) 1962
Pr(15,3,17,2) 1963
Pr(17,2,15,3) 1964
Pr(15,3,18,4) 1965
Pr(18,4,15,3) 1966
Pr(15,3,19,4) 1967
Pr(19,4,15,3) 1968
Pr(16,4,17,2) 1969
Pr(17,2,16,4) 1970
Pr(16,4,18,4) 1971
Pr(18,4,16,4) 1972
Pr(16,4,19,4) 1973
Pr(19,4,16,4) 1974
Pr(17,2,18,4) 1975
Pr(18,4,17,2) 1976
Pr(17,2,19,4) 1977
Pr(19,4,17,2) 1978
Pr(18,4,19,4) 1979
Pr(19,4,18,4) 1980
Sa(0,0,0) 1981
Eb(0,0,-164) 1982
Sa(0,1,29) 1983
Eb(0,1,-155) 1984
Sa(0,2,38) 1985
Eb(0,2,-106) 1986
Sa(0,3,87) 1987
Eb(0,3,-44) 1988
Sa(0,4,149) 1989
Eb(0,4,0) 1990
Sa(1,0,0) 1991
Eb(1,0,-262) 1992
Sa(1,1,43) 1993
Eb(1,1,-187) 1994
Sa(1,2,118) 1995
Eb(1,2,-118) 1996
Sa(1,3,187) 1997
Eb(1,3,-72) 1998
Sa(1,4,233) 1999
Eb(1,4,0) 2000
Sa(2,0,0) 2001
Eb(2,0,-186) 2002
Sa(2,1,91) 2003
Eb(2,1,-147) 2004
Sa(2,2,130) 2005
Eb(2,2,-57) 2006
Sa(2,3,220) 2007
Eb(2,3,-45) 2008
Sa(2,4,232) 2009
Eb(2,4,0) 2010
Sa(3,0,0) 2011
Eb(3,0,-187) 2012
Sa(3,1,81) 2013
Eb(3,1,-116) 2014
Sa(3,2,152) 2015
Eb(3,2,-107) 2016
Sa(3,3,161) 2017
Eb(3,3,-22) 2018
Sa(3,4,246) 2019
Eb(3,4,0) 2020
Sa(4,0,0) 2021
Eb(4,0,-141) 2022
Sa(4,1,14) 2023
Eb(4,1,-119) 2024
Sa(4,2,36) 2025
Eb(4,2,-93) 2026
Sa(4,3,62) 2027
Eb(4,3,-72) 2028
Sa(4,4,83) 2029
Eb(4,4,0) 2030
Sa(5,0,0) 2031
Eb(5,0,-153) 2032
Sa(5,1,84) 2033
Eb(5,1,-101) 2034
Sa(5,2,136) 2035
Eb(5,2,-53) 2036
Sa(5,3,184) 2037
Eb(5,3,-6) 2038
Sa(5,4,231) 2039
Eb(5,4,0) 2040
Sa(6,0,0) 2041
Eb(6,0,-155) 2042
Sa(6,1,46) 2043
Eb(6,1,-94) 2044
Sa(6,2,107) 2045
Eb(6,2,-62) 2046
Sa(6,3,139) 2047
Eb(6,3,-30) 2048
Sa(6,4,171) 2049
Eb(6,4,0) 2050
Sa(7,0,0) 2051
Eb(7,0,-133) 2052
Sa(7,1,31) 2053
Eb(7,1,-87) 2054
Sa(7,2,77) 2055
Eb(7,2,-55) 2056
Sa(7,3,109) 2057
Eb(7,3,-36) 2058
Sa(7,4,128) 2059
Eb(7,4,0) 2060
Sa(8,0,0) 2061
Eb(8,0,-227) 2062
Sa(8,1,76) 2063
Eb(8,1,-151) 2064
Sa(8,2,152) 2065
Eb(8,2,-66) 2066
Sa(8,3,237) 2067
Eb(8,3,-26) 2068
Sa(8,4,277) 2069
Eb(8,4,0) 2070
Sa(9,0,0) 2071
Eb(9,0,-262) 2072
Sa(9,1,85) 2073
Eb(9,1,-201) 2074
Sa(9,2,146) 2075
Eb(9,2,-137) 2076
Sa(9,3,210) 2077
Eb(9,3,-90) 2078
Sa(9,4,257) 2079
Eb(9,4,0) 2080
Sa(10,0,0) 2081
Eb(10,0,-124) 2082
Sa(10,1,78) 2083
Eb(10,1,-88) 2084
Sa(10,2,114) 2085
Eb(10,2,-77) 2086
Sa(10,3,125) 2087
Eb(10,3,-21) 2088
Sa(10,4,181) 2089
Eb(10,4,0) 2090
Sa(11,0,0) 2091
Eb(11,0,-115) 2092
Sa(11,1,90) 2093
Eb(11,1,-104) 2094
Sa(11,2,101) 2095
Eb(11,2,-76) 2096
Sa(11,3,129) 2097
Eb(11,3,-30) 2098
Sa(11,4,175) 2099
Eb(11,4,0) 2100
Sa(12,0,0) 2101
Eb(12,0,-206) 2102
Sa(12,1,85) 2103
Eb(12,1,-132) 2104
Sa(12,2,159) 2105
Eb(12,2,-122) 2106
Sa(12,3,169) 2107
Eb(12,3,-33) 2108
Sa(12,4,258) 2109
Eb(12,4,0) 2110
Sa(13,0,0) 2111
Eb(13,0,-292) 2112
Sa(13,1,95) 2113
Eb(13,1,-193) 2114
Sa(13,2,194) 2115
Eb(13,2,-141) 2116
Sa(13,3,246) 2117
Eb(13,3,-43) 2118
Sa(13,4,344) 2119
Eb(13,4,0) 2120
Sa(14,0,0) 2121
Eb(14,0,-232) 2122
Sa(14,1,6) 2123
Eb(14,1,-171) 2124
Sa(14,2,67) 2125
Eb(14,2,-102) 2126
Sa(14,3,136) 2127
Eb(14,3,-53) 2128
Sa(14,4,185) 2129
Eb(14,4,0) 2130
Sa(15,0,0) 2131
Eb(15,0,-257) 2132
Sa(15,1,2) 2133
Eb(15,1,-162) 2134
Sa(15,2,97) 2135
Eb(15,2,-90) 2136
Sa(15,3,169) 2137
Eb(15,3,-25) 2138
Sa(15,4,234) 2139
Eb(15,4,0) 2140
Sa(16,0,0) 2141
Eb(16,0,-178) 2142
Sa(16,1,37) 2143
Eb(16,1,-165) 2144
Sa(16,2,50) 2145
Eb(16,2,-144) 2146
Sa(16,3,71) 2147
Eb(16,3,-55) 2148
Sa(16,4,160) 2149
Eb(16,4,0) 2150
Sa(17,0,0) 2151
Eb(17,0,-289) 2152
Sa(17,1,86) 2153
Eb(17,1,-215) 2154
Sa(17,2,160) 2155
Eb(17,2,-127) 2156
Sa(17,3,248) 2157
Eb(17,3,-79) 2158
Sa(17,4,296) 2159
Eb(17,4,0) 2160
Sa(18,0,0) 2161
Eb(18,0,-225) 2162
Sa(18,1,69) 2163
Eb(18,1,-174) 2164
Sa(18,2,120) 2165
Eb(18,2,-163) 2166
Sa(18,3,131) 2167
Eb(18,3,-74) 2168
Sa(18,4,220) 2169
Eb(18,4,0) 2170
Sa(19,0,0) 2171
Eb(19,0,-180) 2172
Sa(19,1,13) 2173
Eb(19,1,-173) 2174
Sa(19,2,20) 2175
Eb(19,2,-97) 2176
Sa(19,3,96) 2177
Eb(19,3,-45) 2178
Sa(19,4,148) 2179
Eb(19,4,0) 2180
