Pr(0,0,0,1) 1
Pr(0,1,0,2) 2
Pr(0,2,0,3) 3
Pr(0,3,0,4) 4
Pr(0,4,0,5) 5
Pr(1,0,1,1) 6
Pr(1,1,1,2) 7
Pr(1,2,1,3) 8
Pr(1,3,1,4) 9
Pr(1,4,1,5) 10
Pr(2,0,2,1) 11
Pr(2,1,2,2) 12
Pr(2,2,2,3) 13
Pr(2,3,2,4) 14
Pr(2,4,2,5) 15
Pr(3,0,3,1) 16
Pr(3,1,3,2) 17
Pr(3,2,3,3) 18
Pr(3,3,3,4) 19
Pr(3,4,3,5) 20
Pr(4,0,4,1) 21
Pr(4,1,4,2) 22
Pr(4,2,4,3) 23
Pr(4,3,4,4) 24
Pr(4,4,4,5) 25
Pr(5,0,5,1) 26
Pr(5,1,5,2) 27
Pr(5,2,5,3) 28
Pr(5,3,5,4) 29
Pr(5,4,5,5) 30
Pr(0,0,1,1) 31
Pr(1,1,0,0) 32
Pr(0,0,2,0) 33
Pr(2,0,0,0) 34
Pr(0,0,3,2) 35
Pr(3,2,0,0) 36
Pr(0,0,4,0) 37
Pr(4,0,0,0) 38
Pr(0,0,5,5) 39
Pr(5,5,0,0) 40
Pr(1,1,2,0) 41
Pr(2,0,1,1) 42
Pr(1,1,3,2) 43
Pr(3,2,1,1) 44
Pr(1,1,4,0) 45
Pr(4,0,1,1) 46
Pr(1,1,5,5) 47
Pr(5,5,1,1) 48
Pr(2,0,3,2) 49
Pr(3,2,2,0) 50
Pr(2,0,4,0) 51
Pr(4,0,2,0) 52
Pr(2,0,5,5) 53
Pr(5,5,2,0) 54
Pr(3,2,4,0) 55
Pr(4,0,3,2) 56
Pr(3,2,5,5) 57
Pr(5,5,3,2) 58
Pr(4,0,5,5) 59
Pr(5,5,4,0) 60
Pr(0,1,1,4) 61
Pr(1,4,0,1) 62
Pr(0,1,2,3) 63
Pr(2,3,0,1) 64
Pr(0,1,3,1) 65
Pr(3,1,0,1) 66
Pr(0,1,4,4) 67
Pr(4,4,0,1) 68
Pr(0,1,5,3) 69
Pr(5,3,0,1) 70
Pr(1,4,2,3) 71
Pr(2,3,1,4) 72
Pr(1,4,3,1) 73
Pr(3,1,1,4) 74
Pr(1,4,4,4) 75
Pr(4,4,1,4) 76
Pr(1,4,5,3) 77
Pr(5,3,1,4) 78
Pr(2,3,3,1) 79
Pr(3,1,2,3) 80
Pr(2,3,4,4) 81
Pr(4,4,2,3) 82
Pr(2,3,5,3) 83
Pr(5,3,2,3) 84
Pr(3,1,4,4) 85
Pr(4,4,3,1) 86
Pr(3,1,5,3) 87
Pr(5,3,3,1) 88
Pr(4,4,5,3) 89
Pr(5,3,4,4) 90
Pr(0,2,1,0) 91
Pr(1,0,0,2) 92
Pr(0,2,2,4) 93
Pr(2,4,0,2) 94
Pr(0,2,3,0) 95
Pr(3,0,0,2) 96
Pr(0,2,4,1) 97
Pr(4,1,0,2) 98
Pr(0,2,5,0) 99
Pr(5,0,0,2) 100
Pr(1,0,2,4) 101
Pr(2,4,1,0) 102
Pr(1,0,3,0) 103
Pr(3,0,1,0) 104
Pr(1,0,4,1) 105
Pr(4,1,1,0) 106
Pr(1,0,5,0) 107
Pr(5,0,1,0) 108
Pr(2,4,3,0) 109
Pr(3,0,2,4) 110
Pr(2,4,4,1) 111
Pr(4,1,2,4) 112
Pr(2,4,5,0) 113
Pr(5,0,2,4) 114
Pr(3,0,4,1) 115
Pr(4,1,3,0) 116
Pr(3,0,5,0) 117
Pr(5,0,3,0) 118
Pr(4,1,5,0) 119
Pr(5,0,4,1) 120
Pr(0,3,1,5) 121
Pr(1,5,0,3) 122
Pr(0,3,2,1) 123
Pr(2,1,0,3) 124
Pr(0,3,3,3) 125
Pr(3,3,0,3) 126
Pr(0,3,4,5) 127
Pr(4,5,0,3) 128
Pr(0,3,5,1) 129
Pr(5,1,0,3) 130
Pr(1,5,2,1) 131
Pr(2,1,1,5) 132
Pr(1,5,3,3) 133
Pr(3,3,1,5) 134
Pr(1,5,4,5) 135
Pr(4,5,1,5) 136
Pr(1,5,5,1) 137
Pr(5,1,1,5) 138
Pr(2,1,3,3) 139
Pr(3,3,2,1) 140
Pr(2,1,4,5) 141
Pr(4,5,2,1) 142
Pr(2,1,5,1) 143
Pr(5,1,2,1) 144
Pr(3,3,4,5) 145
Pr(4,5,3,3) 146
Pr(3,3,5,1) 147
Pr(5,1,3,3) 148
Pr(4,5,5,1) 149
Pr(5,1,4,5) 150
Pr(0,4,1,3) 151
Pr(1,3,0,4) 152
Pr(0,4,2,2) 153
Pr(2,2,0,4) 154
Pr(0,4,3,5) 155
Pr(3,5,0,4) 156
Pr(0,4,4,3) 157
Pr(4,3,0,4) 158
Pr(0,4,5,2) 159
Pr(5,2,0,4) 160
Pr(1,3,2,2) 161
Pr(2,2,1,3) 162
Pr(1,3,3,5) 163
Pr(3,5,1,3) 164
Pr(1,3,4,3) 165
Pr(4,3,1,3) 166
Pr(1,3,5,2) 167
Pr(5,2,1,3) 168
Pr(2,2,3,5) 169
Pr(3,5,2,2) 170
Pr(2,2,4,3) 171
Pr(4,3,2,2) 172
Pr(2,2,5,2) 173
Pr(5,2,2,2) 174
Pr(3,5,4,3) 175
Pr(4,3,3,5) 176
Pr(3,5,5,2) 177
Pr(5,2,3,5) 178
Pr(4,3,5,2) 179
Pr(5,2,4,3) 180
Pr(0,5,1,2) 181
Pr(1,2,0,5) 182
Pr(0,5,2,5) 183
Pr(2,5,0,5) 184
Pr(0,5,3,4) 185
Pr(3,4,0,5) 186
Pr(0,5,4,2) 187
Pr(4,2,0,5) 188
Pr(0,5,5,4) 189
Pr(5,4,0,5) 190
Pr(1,2,2,5) 191
Pr(2,5,1,2) 192
Pr(1,2,3,4) 193
Pr(3,4,1,2) 194
Pr(1,2,4,2) 195
Pr(4,2,1,2) 196
Pr(1,2,5,4) 197
Pr(5,4,1,2) 198
Pr(2,5,3,4) 199
Pr(3,4,2,5) 200
Pr(2,5,4,2) 201
Pr(4,2,2,5) 202
Pr(2,5,5,4) 203
Pr(5,4,2,5) 204
Pr(3,4,4,2) 205
Pr(4,2,3,4) 206
Pr(3,4,5,4) 207
Pr(5,4,3,4) 208
Pr(4,2,5,4) 209
Pr(5,4,4,2) 210
Sa(0,0,0) 211
Eb(0,0,-25) 212
Eb(0,0,0) 213
Sa(0,1,1) 214
Eb(0,1,-22) 215
Sa(0,2,4) 216
Eb(0,2,-16) 217
Sa(0,3,10) 218
Eb(0,3,-9) 219
Sa(0,4,17) 220
Eb(0,4,-6) 221
Sa(0,5,20) 222
Eb(0,5,0) 223
Sa(1,0,0) 224
Eb(1,0,-39) 225
Sa(1,1,8) 226
Eb(1,1,-34) 227
Sa(1,2,13) 228
Eb(1,2,-24) 229
Sa(1,3,23) 230
Eb(1,3,-14) 231
Sa(1,4,33) 232
Eb(1,4,-4) 233
Sa(1,5,43) 234
Eb(1,5,0) 235
Sa(2,0,0) 236
Eb(2,0,-29) 237
Sa(2,1,5) 238
Eb(2,1,-25) 239
Sa(2,2,9) 240
Eb(2,2,-17) 241
Sa(2,3,17) 242
Eb(2,3,-8) 243
Sa(2,4,26) 244
Eb(2,4,-7) 245
Sa(2,4,0) 246
Eb(2,4,0) 247
Sa(2,5,27) 248
Eb(2,5,0) 249
Sa(3,0,0) 250
Eb(3,0,-30) 251
Sa(3,1,5) 252
Eb(3,1,-25) 253
Sa(3,2,10) 254
Eb(3,2,-20) 255
Sa(3,3,15) 256
Eb(3,3,-17) 257
Sa(3,4,18) 258
Eb(3,4,-9) 259
Sa(3,5,26) 260
Eb(3,5,0) 261
Sa(4,0,0) 262
Eb(4,0,-16) 263
Sa(4,1,9) 264
Eb(4,1,-13) 265
Sa(4,2,12) 266
Eb(4,2,-8) 267
Sa(4,3,17) 268
Eb(4,3,-4) 269
Sa(4,4,21) 270
Eb(4,4,-1) 271
Sa(4,5,24) 272
Eb(4,5,0) 273
Sa(4,5,0) 274
Sa(5,0,0) 275
Eb(5,0,-27) 276
Sa(5,1,3) 277
Eb(5,1,-24) 278
Sa(5,2,6) 279
Eb(5,2,-15) 280
Sa(5,3,15) 281
Eb(5,3,-5) 282
Sa(5,4,25) 283
Eb(5,4,-1) 284
Sa(5,5,29) 285
Eb(5,5,0) 286
Sa(5,5,0) 287
