(0,0): 1 23 4 27
(0,1): 2 45 55 100
(0,2): 0 82 378 460
(0,3): 4 84 460 544
(0,4): 3 38 544 582
(1,0): 2 21 7 28
(1,1): 1 29 28 57
(1,2): 0 18 273 291
(1,3): 4 41 295 336
(1,4): 3 50 358 408
(2,0): 2 38 100 138
(2,1): 3 54 138 192
(2,2): 4 16 336 352
(2,3): 0 52 492 544
(2,4): 1 52 545 597
(3,0): 4 37 0 37
(3,1): 0 54 42 96
(3,2): 2 74 138 212
(3,3): 1 62 228 290
(3,4): 3 57 408 465
(4,0): 4 57 238 295
(4,1): 0 81 297 378
(4,2): 1 61 379 440
(4,3): 3 68 465 533
(4,4): 2 30 551 581
(5,0): 4 81 101 182
(5,1): 0 79 187 266
(5,2): 1 89 290 379
(5,3): 2 89 406 495
(5,4): 3 11 533 544
(6,0): 3 33 0 33
(6,1): 2 20 35 55
(6,2): 0 91 96 187
(6,3): 4 20 352 372
(6,4): 1 66 440 506
(7,0): 4 24 37 61
(7,1): 1 84 61 145
(7,2): 0 32 460 492
(7,3): 2 55 495 550
(7,4): 3 8 582 590
(8,0): 4 56 182 238
(8,1): 0 7 266 273
(8,2): 3 54 273 327
(8,3): 2 64 327 391
(8,4): 1 39 506 545
(9,0): 4 40 61 101
(9,1): 1 83 145 228
(9,2): 0 19 544 563
(9,3): 2 8 581 589
(9,4): 3 7 590 597



(3,1): 0 54 42 96
(6,2): 0 91 96 187
(5,1): 0 79 187 266
(8,1): 0 7 266 273
(1,2): 0 18 273 291
(4,1): 0 81 297 378
(0,2): 0 82 378 460
(7,2): 0 32 460 492
(2,3): 0 52 492 544
(9,2): 0 19 544 563
(0,0): 1 23 4 27
(1,1): 1 29 28 57
(7,1): 1 84 61 145
(9,1): 1 83 145 228
(3,3): 1 62 228 290
(5,2): 1 89 290 379
(4,2): 1 61 379 440
(6,4): 1 66 440 506
(8,4): 1 39 506 545
(2,4): 1 52 545 597
(1,0): 2 21 7 28
(6,1): 2 20 35 55
(0,1): 2 45 55 100
(2,0): 2 38 100 138
(3,2): 2 74 138 212
(8,3): 2 64 327 391
(5,3): 2 89 406 495
(7,3): 2 55 495 550
(4,4): 2 30 551 581
(9,3): 2 8 581 589
(6,0): 3 33 0 33
(2,1): 3 54 138 192
(8,2): 3 54 273 327
(1,4): 3 50 358 408
(3,4): 3 57 408 465
(4,3): 3 68 465 533
(5,4): 3 11 533 544
(0,4): 3 38 544 582
(7,4): 3 8 582 590
(9,4): 3 7 590 597
(3,0): 4 37 0 37
(7,0): 4 24 37 61
(9,0): 4 40 61 101
(5,0): 4 81 101 182
(8,0): 4 56 182 238
(4,0): 4 57 238 295
(1,3): 4 41 295 336
(2,2): 4 16 336 352
(6,3): 4 20 352 372
(0,3): 4 84 460 544

Time taken: 18.99750518798828 seconds
