D:\EncodingJSSP\abz9\L661>D:\minisat.exe abz9_L661_encoded.cnf abz9_L661_result.txt
============================[ Problem Statistics ]=============================
|                                                                             |
|  Number of variables:        403180                                         |
|  Number of clauses:         2648659                                         |
|  Parse time:                   4.50 s                                       |
|                                                                             |
============================[ Search Statistics ]==============================
| Conflicts |          ORIGINAL         |          LEARNT          | Progress |
|           |    Vars  Clauses Literals |    Limit  Clauses Lit/Cl |          |
===============================================================================
|       100 |  178436  1954937  5012232 |   716810      100     23 | 55.743 % |
|       250 |  178436  1954937  5012232 |   788491      250     22 | 55.743 % |
|       475 |  178436  1954937  5012232 |   867340      475     20 | 55.743 % |
|       812 |  178436  1954937  5012232 |   954074      812     18 | 55.743 % |
|      1318 |  178436  1954937  5012232 |  1049481     1318     16 | 55.743 % |
|      2077 |  178436  1954937  5012232 |  1154430     2077     15 | 55.743 % |
|      3216 |  178436  1954937  5012232 |  1269873     3216     14 | 55.743 % |
|      4924 |  178436  1954937  5012232 |  1396860     4924     14 | 55.743 % |
|      7486 |  178436  1954937  5012232 |  1536546     7486     14 | 55.743 % |
|     11330 |  178436  1954937  5012232 |  1690201    11330     14 | 55.743 % |
|     17096 |  178436  1954937  5012232 |  1859221    17096     14 | 55.743 % |
|     25745 |  178436  1954937  5012232 |  2045143    25745     14 | 55.743 % |
|     38719 |  178436  1954937  5012232 |  2249657    38719     15 | 55.743 % |
|     58180 |  178436  1954937  5012232 |  2474623    58180     16 | 55.743 % |
|     87372 |  178436  1954937  5012232 |  2722085    87372     17 | 55.743 % |
|    131161 |  178436  1954937  5012232 |  2994294   131161     18 | 55.743 % |
|    196845 |  178436  1954937  5012232 |  3293723   196845     19 | 55.743 % |
|    295371 |  178436  1954937  5012232 |  3623096   295371     21 | 55.743 % |
|    443160 |  178436  1954937  5012232 |  3985405   443160     22 | 55.743 % |
|    664843 |  178436  1954937  5012232 |  4383946   664843     24 | 55.743 % |
|    997368 |  177553  1931322  4953306 |  4822340   802105     24 | 55.962 % |
===============================================================================
restarts              : 2046
conflicts             : 1018174        (114 /sec)
decisions             : 1372354        (0.00 % random) (153 /sec)
propagations          : 9414121751     (1052144 /sec)
conflict literals     : 26085241       (41.70 % deleted)
CPU time              : 8947.56 s

UNSATISFIABLE