(0,0): 0 32 9 41
(0,1): 1 14 41 55
(0,2): 2 15 62 77
(0,3): 3 37 77 114
(0,4): 4 18 114 132
(0,5): 5 43 132 175
(0,6): 6 19 184 203
(0,7): 7 27 203 230
(0,8): 8 28 230 258
(0,9): 9 31 324 355
(1,0): 0 8 1 9
(1,1): 3 12 19 31
(1,2): 4 49 58 107
(1,3): 8 24 110 134
(1,4): 9 52 134 186
(1,5): 6 19 203 222
(1,6): 7 23 232 255
(1,7): 5 19 301 320
(1,8): 2 17 320 337
(1,9): 1 32 337 369
(2,0): 0 25 68 93
(2,1): 7 19 93 112
(2,2): 3 27 114 141
(2,3): 2 45 147 192
(2,4): 6 21 222 243
(2,5): 4 15 243 258
(2,6): 1 13 258 271
(2,7): 5 16 271 287
(2,8): 8 43 287 330
(2,9): 9 19 355 374
(3,0): 0 24 133 157
(3,1): 1 18 198 216
(3,2): 3 41 216 257
(3,3): 8 29 258 287
(3,4): 5 14 287 301
(3,5): 2 17 301 318
(3,6): 4 23 318 341
(3,7): 7 15 341 356
(3,8): 6 18 356 374
(3,9): 9 23 374 397
(4,0): 0 27 41 68
(4,1): 6 29 71 100
(4,2): 1 39 106 145
(4,3): 3 21 166 187
(4,4): 5 15 187 202
(4,5): 2 15 202 217
(4,6): 9 25 251 276
(4,7): 7 26 276 302
(4,8): 8 44 330 374
(4,9): 4 20 374 394
(5,0): 4 17 23 40
(5,1): 0 15 118 133
(5,2): 6 51 133 184
(5,3): 8 17 184 201
(5,4): 2 46 217 263
(5,5): 3 16 263 279
(5,6): 9 33 280 313
(5,7): 7 25 313 338
(5,8): 5 30 338 368
(5,9): 1 25 370 395
(6,0): 4 15 8 23
(6,1): 3 31 31 62
(6,2): 0 25 93 118
(6,3): 9 12 122 134
(6,4): 2 13 134 147
(6,5): 1 51 147 198
(6,6): 8 19 211 230
(6,7): 7 21 255 276
(6,8): 6 12 344 356
(6,9): 5 26 368 394
(7,0): 4 8 0 8
(7,1): 6 29 8 37
(7,2): 9 25 37 62
(7,3): 3 15 62 77
(7,4): 8 17 93 110
(7,5): 2 22 112 134
(7,6): 7 32 134 166
(7,7): 5 20 251 271
(7,8): 0 11 273 284
(7,9): 1 28 284 312
(8,0): 2 41 20 61
(8,1): 6 10 61 71
(8,2): 8 32 134 166
(8,3): 7 5 166 171
(8,4): 4 21 171 192
(8,5): 9 59 192 251
(8,6): 3 26 279 305
(8,7): 1 10 312 322
(8,8): 5 16 322 338
(8,9): 0 29 367 396
(9,0): 2 20 0 20
(9,1): 9 7 20 27
(9,2): 5 44 27 71
(9,3): 8 22 71 93
(9,4): 6 33 100 133
(9,5): 3 25 141 166
(9,6): 7 29 174 203
(9,7): 4 12 306 318
(9,8): 1 14 323 337
(9,9): 0 0 396 396



(1,0): 0 8 1 9
(0,0): 0 32 9 41
(4,0): 0 27 41 68
(2,0): 0 25 68 93
(6,2): 0 25 93 118
(5,1): 0 15 118 133
(3,0): 0 24 133 157
(7,8): 0 11 273 284
(8,9): 0 29 367 396
(9,9): 0 0 396 396
(0,1): 1 14 41 55
(4,2): 1 39 106 145
(6,5): 1 51 147 198
(3,1): 1 18 198 216
(2,6): 1 13 258 271
(7,9): 1 28 284 312
(8,7): 1 10 312 322
(9,8): 1 14 323 337
(1,9): 1 32 337 369
(5,9): 1 25 370 395
(9,0): 2 20 0 20
(8,0): 2 41 20 61
(0,2): 2 15 62 77
(7,5): 2 22 112 134
(6,4): 2 13 134 147
(2,3): 2 45 147 192
(4,5): 2 15 202 217
(5,4): 2 46 217 263
(3,5): 2 17 301 318
(1,8): 2 17 320 337
(1,1): 3 12 19 31
(6,1): 3 31 31 62
(7,3): 3 15 62 77
(0,3): 3 37 77 114
(2,2): 3 27 114 141
(9,5): 3 25 141 166
(4,3): 3 21 166 187
(3,2): 3 41 216 257
(5,5): 3 16 263 279
(8,6): 3 26 279 305
(7,0): 4 8 0 8
(6,0): 4 15 8 23
(5,0): 4 17 23 40
(1,2): 4 49 58 107
(0,4): 4 18 114 132
(8,4): 4 21 171 192
(2,5): 4 15 243 258
(9,7): 4 12 306 318
(3,6): 4 23 318 341
(4,9): 4 20 374 394
(9,2): 5 44 27 71
(0,5): 5 43 132 175
(4,4): 5 15 187 202
(7,7): 5 20 251 271
(2,7): 5 16 271 287
(3,4): 5 14 287 301
(1,7): 5 19 301 320
(8,8): 5 16 322 338
(5,8): 5 30 338 368
(6,9): 5 26 368 394
(7,1): 6 29 8 37
(8,1): 6 10 61 71
(4,1): 6 29 71 100
(9,4): 6 33 100 133
(5,2): 6 51 133 184
(0,6): 6 19 184 203
(1,5): 6 19 203 222
(2,4): 6 21 222 243
(6,8): 6 12 344 356
(3,8): 6 18 356 374
(2,1): 7 19 93 112
(7,6): 7 32 134 166
(8,3): 7 5 166 171
(9,6): 7 29 174 203
(0,7): 7 27 203 230
(1,6): 7 23 232 255
(6,7): 7 21 255 276
(4,7): 7 26 276 302
(5,7): 7 25 313 338
(3,7): 7 15 341 356
(9,3): 8 22 71 93
(7,4): 8 17 93 110
(1,3): 8 24 110 134
(8,2): 8 32 134 166
(5,3): 8 17 184 201
(6,6): 8 19 211 230
(0,8): 8 28 230 258
(3,3): 8 29 258 287
(2,8): 8 43 287 330
(4,8): 8 44 330 374
(9,1): 9 7 20 27
(7,2): 9 25 37 62
(6,3): 9 12 122 134
(1,4): 9 52 134 186
(8,5): 9 59 192 251
(4,6): 9 25 251 276
(5,6): 9 33 280 313
(0,9): 9 31 324 355
(2,9): 9 19 355 374
(3,9): 9 23 374 397

Time taken: 127.24760961532593 seconds
