(0,0): 0 32 124 156
(0,1): 1 14 185 199
(0,2): 2 15 218 233
(0,3): 3 37 233 270
(0,4): 4 18 270 288
(0,5): 5 43 288 331
(0,6): 6 19 331 350
(0,7): 7 27 350 377
(0,8): 8 28 377 405
(0,9): 9 31 405 436
(1,0): 0 8 51 59
(1,1): 3 12 59 71
(1,2): 4 49 71 120
(1,3): 8 24 159 183
(1,4): 9 52 233 285
(1,5): 6 19 285 304
(1,6): 7 23 327 350
(1,7): 5 19 351 370
(1,8): 2 17 370 387
(1,9): 1 32 400 432
(2,0): 0 25 59 84
(2,1): 7 19 92 111
(2,2): 3 27 113 140
(2,3): 2 45 140 185
(2,4): 6 21 192 213
(2,5): 4 15 213 228
(2,6): 1 13 228 241
(2,7): 5 16 241 257
(2,8): 8 43 257 300
(2,9): 9 19 308 327
(3,0): 0 24 27 51
(3,1): 1 18 51 69
(3,2): 3 41 72 113
(3,3): 8 29 130 159
(3,4): 5 14 183 197
(3,5): 2 17 201 218
(3,6): 4 23 228 251
(3,7): 7 15 251 266
(3,8): 6 18 266 284
(3,9): 9 23 285 308
(4,0): 0 27 0 27
(4,1): 6 29 37 66
(4,2): 1 39 69 108
(4,3): 3 21 147 168
(4,4): 5 15 168 183
(4,5): 2 15 185 200
(4,6): 9 25 200 225
(4,7): 7 26 225 251
(4,8): 8 44 333 377
(4,9): 4 20 413 433
(5,0): 4 17 23 40
(5,1): 0 15 109 124
(5,2): 6 51 124 175
(5,3): 8 17 221 238
(5,4): 2 46 255 301
(5,5): 3 16 301 317
(5,6): 9 33 327 360
(5,7): 7 25 377 402
(5,8): 5 30 402 432
(5,9): 1 25 432 457
(6,0): 4 15 8 23
(6,1): 3 31 23 54
(6,2): 0 25 84 109
(6,3): 9 12 109 121
(6,4): 2 13 121 134
(6,5): 1 51 134 185
(6,6): 8 19 185 204
(6,7): 7 21 204 225
(6,8): 6 12 250 262
(6,9): 5 26 262 288
(7,0): 4 8 0 8
(7,1): 6 29 8 37
(7,2): 9 25 37 62
(7,3): 3 15 168 183
(7,4): 8 17 204 221
(7,5): 2 22 233 255
(7,6): 7 32 266 298
(7,7): 5 20 331 351
(7,8): 0 11 351 362
(7,9): 1 28 372 400
(8,0): 2 41 20 61
(8,1): 6 10 66 76
(8,2): 8 32 76 108
(8,3): 7 5 111 116
(8,4): 4 21 120 141
(8,5): 9 59 141 200
(8,6): 3 26 336 362
(8,7): 1 10 362 372
(8,8): 5 16 385 401
(8,9): 0 29 428 457
(9,0): 2 20 0 20
(9,1): 9 7 20 27
(9,2): 5 44 27 71
(9,3): 8 22 108 130
(9,4): 6 33 213 246
(9,5): 3 25 270 295
(9,6): 7 29 298 327
(9,7): 4 12 336 348
(9,8): 1 14 348 362
(9,9): 0 0 374 374



(4,0): 0 27 0 27
(3,0): 0 24 27 51
(1,0): 0 8 51 59
(2,0): 0 25 59 84
(6,2): 0 25 84 109
(5,1): 0 15 109 124
(0,0): 0 32 124 156
(7,8): 0 11 351 362
(9,9): 0 0 374 374
(8,9): 0 29 428 457
(3,1): 1 18 51 69
(4,2): 1 39 69 108
(6,5): 1 51 134 185
(0,1): 1 14 185 199
(2,6): 1 13 228 241
(9,8): 1 14 348 362
(8,7): 1 10 362 372
(7,9): 1 28 372 400
(1,9): 1 32 400 432
(5,9): 1 25 432 457
(9,0): 2 20 0 20
(8,0): 2 41 20 61
(6,4): 2 13 121 134
(2,3): 2 45 140 185
(4,5): 2 15 185 200
(3,5): 2 17 201 218
(0,2): 2 15 218 233
(7,5): 2 22 233 255
(5,4): 2 46 255 301
(1,8): 2 17 370 387
(6,1): 3 31 23 54
(1,1): 3 12 59 71
(3,2): 3 41 72 113
(2,2): 3 27 113 140
(4,3): 3 21 147 168
(7,3): 3 15 168 183
(0,3): 3 37 233 270
(9,5): 3 25 270 295
(5,5): 3 16 301 317
(8,6): 3 26 336 362
(7,0): 4 8 0 8
(6,0): 4 15 8 23
(5,0): 4 17 23 40
(1,2): 4 49 71 120
(8,4): 4 21 120 141
(2,5): 4 15 213 228
(3,6): 4 23 228 251
(0,4): 4 18 270 288
(9,7): 4 12 336 348
(4,9): 4 20 413 433
(9,2): 5 44 27 71
(4,4): 5 15 168 183
(3,4): 5 14 183 197
(2,7): 5 16 241 257
(6,9): 5 26 262 288
(0,5): 5 43 288 331
(7,7): 5 20 331 351
(1,7): 5 19 351 370
(8,8): 5 16 385 401
(5,8): 5 30 402 432
(7,1): 6 29 8 37
(4,1): 6 29 37 66
(8,1): 6 10 66 76
(5,2): 6 51 124 175
(2,4): 6 21 192 213
(9,4): 6 33 213 246
(6,8): 6 12 250 262
(3,8): 6 18 266 284
(1,5): 6 19 285 304
(0,6): 6 19 331 350
(2,1): 7 19 92 111
(8,3): 7 5 111 116
(6,7): 7 21 204 225
(4,7): 7 26 225 251
(3,7): 7 15 251 266
(7,6): 7 32 266 298
(9,6): 7 29 298 327
(1,6): 7 23 327 350
(0,7): 7 27 350 377
(5,7): 7 25 377 402
(8,2): 8 32 76 108
(9,3): 8 22 108 130
(3,3): 8 29 130 159
(1,3): 8 24 159 183
(6,6): 8 19 185 204
(7,4): 8 17 204 221
(5,3): 8 17 221 238
(2,8): 8 43 257 300
(4,8): 8 44 333 377
(0,8): 8 28 377 405
(9,1): 9 7 20 27
(7,2): 9 25 37 62
(6,3): 9 12 109 121
(8,5): 9 59 141 200
(4,6): 9 25 200 225
(1,4): 9 52 233 285
(3,9): 9 23 285 308
(2,9): 9 19 308 327
(5,6): 9 33 327 360
(0,9): 9 31 405 436

Time taken: 84.06115198135376 seconds
