Pr(0,0,0,1) 1
Pr(0,1,0,2) 2
Pr(1,0,1,1) 3
Pr(1,1,1,2) 4
Pr(2,0,2,1) 5
Pr(2,1,2,2) 6
Pr(0,0,1,0) 7
Pr(1,0,0,0) 8
Pr(0,0,2,2) 9
Pr(2,2,0,0) 10
Pr(1,0,2,2) 11
Pr(2,2,1,0) 12
Pr(0,1,1,2) 13
Pr(1,2,0,1) 14
Pr(0,1,2,1) 15
Pr(2,1,0,1) 16
Pr(1,2,2,1) 17
Pr(2,1,1,2) 18
Pr(0,2,1,1) 19
Pr(1,1,0,2) 20
Pr(0,2,2,0) 21
Pr(2,0,0,2) 22
Pr(1,1,2,0) 23
Pr(2,0,1,1) 24
Sa(0,0,0) 25
Eb(0,0,-5) 26
Sa(0,1,2) 27
Eb(0,1,-4) 28
Sa(0,1,0) 29
Eb(0,1,0) 30
Sa(0,2,3) 31
Eb(0,2,0) 32
Sa(1,0,0) 33
Eb(1,0,-4) 34
Sa(1,1,3) 35
Eb(1,1,-2) 36
Sa(1,2,5) 37
Eb(1,2,0) 38
Sa(2,0,0) 39
Eb(2,0,-8) 40
Sa(2,1,4) 41
Eb(2,1,-5) 42
Sa(2,2,7) 43
Eb(2,2,0) 44
