D:\EncodingJSSP\abz9\L665>D:\minisat.exe abz9_L665_encoded.cnf abz9_L665_result.txt
============================[ Problem Statistics ]=============================
|                                                                             |
|  Number of variables:        405580                                         |
|  Number of clauses:         2679076                                         |
|  Parse time:                   4.51 s                                       |
|                                                                             |
============================[ Search Statistics ]==============================
| Conflicts |          ORIGINAL         |          LEARNT          | Progress |
|           |    Vars  Clauses Literals |    Limit  Clauses Lit/Cl |          |
===============================================================================
|       100 |  180866  1988873  5101867 |   729253      100     23 | 55.406 % |
|       250 |  180866  1988873  5101867 |   802178      250     20 | 55.406 % |
|       475 |  180866  1988873  5101867 |   882396      475     17 | 55.406 % |
|       812 |  180866  1988873  5101867 |   970636      812     15 | 55.406 % |
|      1318 |  180866  1988873  5101867 |  1067699     1318     15 | 55.406 % |
|      2077 |  180866  1988873  5101867 |  1174469     2077     14 | 55.406 % |
|      3216 |  180866  1988873  5101867 |  1291916     3216     14 | 55.406 % |
|      4924 |  180866  1988873  5101867 |  1421108     4924     14 | 55.406 % |
|      7486 |  180866  1988873  5101867 |  1563219     7486     14 | 55.406 % |
|     11330 |  180866  1988873  5101867 |  1719541    11330     14 | 55.406 % |
|     17096 |  180866  1988873  5101867 |  1891495    17096     15 | 55.406 % |
|     25745 |  180866  1988873  5101867 |  2080645    25745     15 | 55.406 % |
|     38719 |  180866  1988873  5101867 |  2288709    38719     15 | 55.406 % |
|     58180 |  180866  1988873  5101867 |  2517580    58180     16 | 55.406 % |
|     87372 |  180866  1988873  5101867 |  2769338    87372     17 | 55.406 % |
|    131161 |  180866  1988873  5101867 |  3046272   131161     18 | 55.406 % |
|    196845 |  180866  1988873  5101867 |  3350899   196845     19 | 55.406 % |
|    295371 |  180866  1988873  5101867 |  3685989   295371     20 | 55.406 % |
|    443160 |  180866  1988873  5101867 |  4054588   443160     21 | 55.406 % |
|    664843 |  180866  1988873  5101867 |  4460047   664843     23 | 55.406 % |
|    997368 |  180866  1988873  5101867 |  4906052   997368     25 | 55.406 % |
|   1496156 |  180864  1988506  5100985 |  5396657  1450211     28 | 55.406 % |
===============================================================================
restarts              : 3325
conflicts             : 1734022        (108 /sec)
decisions             : 2338804        (0.00 % random) (145 /sec)
propagations          : 16714481319    (1037550 /sec)
conflict literals     : 50818553       (43.38 % deleted)
CPU time              : 16109.6 s

UNSATISFIABLE