(0,0): 1 23 177 200
(0,1): 2 45 236 281
(0,2): 0 82 453 535
(0,3): 4 84 535 619
(0,4): 3 38 640 678
(1,0): 2 21 58 79
(1,1): 1 29 148 177
(1,2): 0 18 181 199
(1,3): 4 41 201 242
(1,4): 3 50 279 329
(2,0): 2 38 0 38
(2,1): 3 54 38 92
(2,2): 4 16 279 295
(2,3): 0 52 535 587
(2,4): 1 52 597 649
(3,0): 4 37 242 279
(3,1): 0 54 280 334
(3,2): 2 74 334 408
(3,3): 1 62 408 470
(3,4): 3 57 508 565
(4,0): 4 57 315 372
(4,1): 0 81 372 453
(4,2): 1 61 470 531
(4,3): 3 68 572 640
(4,4): 2 30 640 670
(5,0): 4 81 120 201
(5,1): 0 79 201 280
(5,2): 1 89 283 372
(5,3): 2 89 408 497
(5,4): 3 11 497 508
(6,0): 3 33 0 33
(6,1): 2 20 38 58
(6,2): 0 91 58 149
(6,3): 4 20 295 315
(6,4): 1 66 531 597
(7,0): 4 24 40 64
(7,1): 1 84 64 148
(7,2): 0 32 149 181
(7,3): 2 55 181 236
(7,4): 3 8 236 244
(8,0): 4 56 64 120
(8,1): 0 7 334 341
(8,2): 3 54 341 395
(8,3): 2 64 505 569
(8,4): 1 39 649 688
(9,0): 4 40 0 40
(9,1): 1 83 200 283
(9,2): 0 19 341 360
(9,3): 2 8 497 505
(9,4): 3 7 565 572



(6,2): 0 91 58 149
(7,2): 0 32 149 181
(1,2): 0 18 181 199
(5,1): 0 79 201 280
(3,1): 0 54 280 334
(8,1): 0 7 334 341
(9,2): 0 19 341 360
(4,1): 0 81 372 453
(0,2): 0 82 453 535
(2,3): 0 52 535 587
(7,1): 1 84 64 148
(1,1): 1 29 148 177
(0,0): 1 23 177 200
(9,1): 1 83 200 283
(5,2): 1 89 283 372
(3,3): 1 62 408 470
(4,2): 1 61 470 531
(6,4): 1 66 531 597
(2,4): 1 52 597 649
(8,4): 1 39 649 688
(2,0): 2 38 0 38
(6,1): 2 20 38 58
(1,0): 2 21 58 79
(7,3): 2 55 181 236
(0,1): 2 45 236 281
(3,2): 2 74 334 408
(5,3): 2 89 408 497
(9,3): 2 8 497 505
(8,3): 2 64 505 569
(4,4): 2 30 640 670
(6,0): 3 33 0 33
(2,1): 3 54 38 92
(7,4): 3 8 236 244
(1,4): 3 50 279 329
(8,2): 3 54 341 395
(5,4): 3 11 497 508
(3,4): 3 57 508 565
(9,4): 3 7 565 572
(4,3): 3 68 572 640
(0,4): 3 38 640 678
(9,0): 4 40 0 40
(7,0): 4 24 40 64
(8,0): 4 56 64 120
(5,0): 4 81 120 201
(1,3): 4 41 201 242
(3,0): 4 37 242 279
(2,2): 4 16 279 295
(6,3): 4 20 295 315
(4,0): 4 57 315 372
(0,3): 4 84 535 619

Time taken: 321.1027338504791 seconds
