Pr(0,0,0,1) 1
Pr(0,1,0,2) 2
Pr(0,2,0,3) 3
Pr(0,3,0,4) 4
Pr(0,4,0,5) 5
Pr(1,0,1,1) 6
Pr(1,1,1,2) 7
Pr(1,2,1,3) 8
Pr(1,3,1,4) 9
Pr(1,4,1,5) 10
Pr(2,0,2,1) 11
Pr(2,1,2,2) 12
Pr(2,2,2,3) 13
Pr(2,3,2,4) 14
Pr(2,4,2,5) 15
Pr(3,0,3,1) 16
Pr(3,1,3,2) 17
Pr(3,2,3,3) 18
Pr(3,3,3,4) 19
Pr(3,4,3,5) 20
Pr(4,0,4,1) 21
Pr(4,1,4,2) 22
Pr(4,2,4,3) 23
Pr(4,3,4,4) 24
Pr(4,4,4,5) 25
Pr(5,0,5,1) 26
Pr(5,1,5,2) 27
Pr(5,2,5,3) 28
Pr(5,3,5,4) 29
Pr(5,4,5,5) 30
Pr(0,0,1,1) 31
Pr(1,1,0,0) 32
Pr(0,0,2,0) 33
Pr(2,0,0,0) 34
Pr(0,0,3,2) 35
Pr(3,2,0,0) 36
Pr(0,0,4,0) 37
Pr(4,0,0,0) 38
Pr(0,0,5,5) 39
Pr(5,5,0,0) 40
Pr(1,1,2,0) 41
Pr(2,0,1,1) 42
Pr(1,1,3,2) 43
Pr(3,2,1,1) 44
Pr(1,1,4,0) 45
Pr(4,0,1,1) 46
Pr(1,1,5,5) 47
Pr(5,5,1,1) 48
Pr(2,0,3,2) 49
Pr(3,2,2,0) 50
Pr(2,0,4,0) 51
Pr(4,0,2,0) 52
Pr(2,0,5,5) 53
Pr(5,5,2,0) 54
Pr(3,2,4,0) 55
Pr(4,0,3,2) 56
Pr(3,2,5,5) 57
Pr(5,5,3,2) 58
Pr(4,0,5,5) 59
Pr(5,5,4,0) 60
Pr(0,1,1,4) 61
Pr(1,4,0,1) 62
Pr(0,1,2,3) 63
Pr(2,3,0,1) 64
Pr(0,1,3,1) 65
Pr(3,1,0,1) 66
Pr(0,1,4,4) 67
Pr(4,4,0,1) 68
Pr(0,1,5,3) 69
Pr(5,3,0,1) 70
Pr(1,4,2,3) 71
Pr(2,3,1,4) 72
Pr(1,4,3,1) 73
Pr(3,1,1,4) 74
Pr(1,4,4,4) 75
Pr(4,4,1,4) 76
Pr(1,4,5,3) 77
Pr(5,3,1,4) 78
Pr(2,3,3,1) 79
Pr(3,1,2,3) 80
Pr(2,3,4,4) 81
Pr(4,4,2,3) 82
Pr(2,3,5,3) 83
Pr(5,3,2,3) 84
Pr(3,1,4,4) 85
Pr(4,4,3,1) 86
Pr(3,1,5,3) 87
Pr(5,3,3,1) 88
Pr(4,4,5,3) 89
Pr(5,3,4,4) 90
Pr(0,2,1,0) 91
Pr(1,0,0,2) 92
Pr(0,2,2,4) 93
Pr(2,4,0,2) 94
Pr(0,2,3,0) 95
Pr(3,0,0,2) 96
Pr(0,2,4,1) 97
Pr(4,1,0,2) 98
Pr(0,2,5,0) 99
Pr(5,0,0,2) 100
Pr(1,0,2,4) 101
Pr(2,4,1,0) 102
Pr(1,0,3,0) 103
Pr(3,0,1,0) 104
Pr(1,0,4,1) 105
Pr(4,1,1,0) 106
Pr(1,0,5,0) 107
Pr(5,0,1,0) 108
Pr(2,4,3,0) 109
Pr(3,0,2,4) 110
Pr(2,4,4,1) 111
Pr(4,1,2,4) 112
Pr(2,4,5,0) 113
Pr(5,0,2,4) 114
Pr(3,0,4,1) 115
Pr(4,1,3,0) 116
Pr(3,0,5,0) 117
Pr(5,0,3,0) 118
Pr(4,1,5,0) 119
Pr(5,0,4,1) 120
Pr(0,3,1,5) 121
Pr(1,5,0,3) 122
Pr(0,3,2,1) 123
Pr(2,1,0,3) 124
Pr(0,3,3,3) 125
Pr(3,3,0,3) 126
Pr(0,3,4,5) 127
Pr(4,5,0,3) 128
Pr(0,3,5,1) 129
Pr(5,1,0,3) 130
Pr(1,5,2,1) 131
Pr(2,1,1,5) 132
Pr(1,5,3,3) 133
Pr(3,3,1,5) 134
Pr(1,5,4,5) 135
Pr(4,5,1,5) 136
Pr(1,5,5,1) 137
Pr(5,1,1,5) 138
Pr(2,1,3,3) 139
Pr(3,3,2,1) 140
Pr(2,1,4,5) 141
Pr(4,5,2,1) 142
Pr(2,1,5,1) 143
Pr(5,1,2,1) 144
Pr(3,3,4,5) 145
Pr(4,5,3,3) 146
Pr(3,3,5,1) 147
Pr(5,1,3,3) 148
Pr(4,5,5,1) 149
Pr(5,1,4,5) 150
Pr(0,4,1,3) 151
Pr(1,3,0,4) 152
Pr(0,4,2,2) 153
Pr(2,2,0,4) 154
Pr(0,4,3,5) 155
Pr(3,5,0,4) 156
Pr(0,4,4,3) 157
Pr(4,3,0,4) 158
Pr(0,4,5,2) 159
Pr(5,2,0,4) 160
Pr(1,3,2,2) 161
Pr(2,2,1,3) 162
Pr(1,3,3,5) 163
Pr(3,5,1,3) 164
Pr(1,3,4,3) 165
Pr(4,3,1,3) 166
Pr(1,3,5,2) 167
Pr(5,2,1,3) 168
Pr(2,2,3,5) 169
Pr(3,5,2,2) 170
Pr(2,2,4,3) 171
Pr(4,3,2,2) 172
Pr(2,2,5,2) 173
Pr(5,2,2,2) 174
Pr(3,5,4,3) 175
Pr(4,3,3,5) 176
Pr(3,5,5,2) 177
Pr(5,2,3,5) 178
Pr(4,3,5,2) 179
Pr(5,2,4,3) 180
Pr(0,5,1,2) 181
Pr(1,2,0,5) 182
Pr(0,5,2,5) 183
Pr(2,5,0,5) 184
Pr(0,5,3,4) 185
Pr(3,4,0,5) 186
Pr(0,5,4,2) 187
Pr(4,2,0,5) 188
Pr(0,5,5,4) 189
Pr(5,4,0,5) 190
Pr(1,2,2,5) 191
Pr(2,5,1,2) 192
Pr(1,2,3,4) 193
Pr(3,4,1,2) 194
Pr(1,2,4,2) 195
Pr(4,2,1,2) 196
Pr(1,2,5,4) 197
Pr(5,4,1,2) 198
Pr(2,5,3,4) 199
Pr(3,4,2,5) 200
Pr(2,5,4,2) 201
Pr(4,2,2,5) 202
Pr(2,5,5,4) 203
Pr(5,4,2,5) 204
Pr(3,4,4,2) 205
Pr(4,2,3,4) 206
Pr(3,4,5,4) 207
Pr(5,4,3,4) 208
Pr(4,2,5,4) 209
Pr(5,4,4,2) 210
Sa(0,0,0) 211
Eb(0,0,31) 212
Sa(0,0,1) 213
Sa(0,0,2) 214
Sa(0,0,3) 215
Sa(0,0,4) 216
Sa(0,0,5) 217
Sa(0,0,6) 218
Sa(0,0,7) 219
Sa(0,0,8) 220
Sa(0,0,9) 221
Sa(0,0,10) 222
Sa(0,0,11) 223
Sa(0,0,12) 224
Sa(0,0,13) 225
Sa(0,0,14) 226
Sa(0,0,15) 227
Sa(0,0,16) 228
Sa(0,0,17) 229
Sa(0,0,18) 230
Sa(0,0,19) 231
Sa(0,0,20) 232
Sa(0,0,21) 233
Sa(0,0,22) 234
Sa(0,0,23) 235
Sa(0,0,24) 236
Sa(0,0,25) 237
Sa(0,0,26) 238
Sa(0,0,27) 239
Sa(0,0,28) 240
Sa(0,0,29) 241
Sa(0,0,30) 242
Sa(0,0,31) 243
Sa(0,0,32) 244
Sa(0,0,33) 245
Sa(0,0,34) 246
Sa(0,0,35) 247
Sa(0,0,36) 248
Sa(0,0,37) 249
Sa(0,0,38) 250
Sa(0,0,39) 251
Sa(0,0,40) 252
Sa(0,0,41) 253
Sa(0,0,42) 254
Sa(0,0,43) 255
Sa(0,0,44) 256
Sa(0,0,45) 257
Sa(0,0,46) 258
Sa(0,0,47) 259
Sa(0,0,48) 260
Sa(0,0,49) 261
Sa(0,0,50) 262
Sa(0,0,51) 263
Sa(0,0,52) 264
Sa(0,0,53) 265
Sa(0,0,54) 266
Sa(0,0,55) 267
Sa(0,0,56) 268
Eb(0,0,0) 269
Eb(0,0,1) 270
Eb(0,0,2) 271
Eb(0,0,3) 272
Eb(0,0,4) 273
Eb(0,0,5) 274
Eb(0,0,6) 275
Eb(0,0,7) 276
Eb(0,0,8) 277
Eb(0,0,9) 278
Eb(0,0,10) 279
Eb(0,0,11) 280
Eb(0,0,12) 281
Eb(0,0,13) 282
Eb(0,0,14) 283
Eb(0,0,15) 284
Eb(0,0,16) 285
Eb(0,0,17) 286
Eb(0,0,18) 287
Eb(0,0,19) 288
Eb(0,0,20) 289
Eb(0,0,21) 290
Eb(0,0,22) 291
Eb(0,0,23) 292
Eb(0,0,24) 293
Eb(0,0,25) 294
Eb(0,0,26) 295
Eb(0,0,27) 296
Eb(0,0,28) 297
Eb(0,0,29) 298
Eb(0,0,30) 299
Eb(0,0,32) 300
Eb(0,0,33) 301
Eb(0,0,34) 302
Eb(0,0,35) 303
Eb(0,0,36) 304
Eb(0,0,37) 305
Eb(0,0,38) 306
Eb(0,0,39) 307
Eb(0,0,40) 308
Eb(0,0,41) 309
Eb(0,0,42) 310
Eb(0,0,43) 311
Eb(0,0,44) 312
Eb(0,0,45) 313
Eb(0,0,46) 314
Eb(0,0,47) 315
Eb(0,0,48) 316
Eb(0,0,49) 317
Eb(0,0,50) 318
Eb(0,0,51) 319
Eb(0,0,52) 320
Eb(0,0,53) 321
Eb(0,0,54) 322
Eb(0,0,55) 323
Eb(0,0,56) 324
Sa(0,1,1) 325
Sa(1,1,1) 326
Sa(2,0,1) 327
Sa(3,2,1) 328
Sa(4,0,1) 329
Sa(5,5,1) 330
Sa(0,1,2) 331
Sa(1,1,2) 332
Sa(2,0,2) 333
Sa(3,2,2) 334
Sa(4,0,2) 335
Sa(5,5,2) 336
Sa(0,1,3) 337
Sa(1,1,3) 338
Sa(2,0,3) 339
Sa(3,2,3) 340
Sa(4,0,3) 341
Sa(5,5,3) 342
Sa(0,1,4) 343
Sa(1,1,4) 344
Sa(2,0,4) 345
Sa(3,2,4) 346
Sa(4,0,4) 347
Sa(5,5,4) 348
Sa(0,1,5) 349
Sa(1,1,5) 350
Sa(2,0,5) 351
Sa(3,2,5) 352
Sa(4,0,5) 353
Sa(5,5,5) 354
Sa(0,1,6) 355
Sa(1,1,6) 356
Sa(2,0,6) 357
Sa(3,2,6) 358
Sa(4,0,6) 359
Sa(5,5,6) 360
Sa(0,1,7) 361
Sa(1,1,7) 362
Sa(2,0,7) 363
Sa(3,2,7) 364
Sa(4,0,7) 365
Sa(5,5,7) 366
Sa(0,1,8) 367
Sa(1,1,8) 368
Sa(2,0,8) 369
Sa(3,2,8) 370
Sa(4,0,8) 371
Sa(5,5,8) 372
Sa(0,1,9) 373
Sa(1,1,9) 374
Sa(2,0,9) 375
Sa(3,2,9) 376
Sa(4,0,9) 377
Sa(5,5,9) 378
Sa(0,1,10) 379
Sa(1,1,10) 380
Sa(2,0,10) 381
Sa(3,2,10) 382
Sa(4,0,10) 383
Sa(5,5,10) 384
Sa(0,1,11) 385
Sa(1,1,11) 386
Sa(2,0,11) 387
Sa(3,2,11) 388
Sa(4,0,11) 389
Sa(5,5,11) 390
Sa(0,1,12) 391
Sa(1,1,12) 392
Sa(2,0,12) 393
Sa(3,2,12) 394
Sa(4,0,12) 395
Sa(5,5,12) 396
Sa(0,1,13) 397
Sa(1,1,13) 398
Sa(2,0,13) 399
Sa(3,2,13) 400
Sa(4,0,13) 401
Sa(5,5,13) 402
Sa(0,1,14) 403
Sa(1,1,14) 404
Sa(2,0,14) 405
Sa(3,2,14) 406
Sa(4,0,14) 407
Sa(5,5,14) 408
Sa(0,1,15) 409
Sa(1,1,15) 410
Sa(2,0,15) 411
Sa(3,2,15) 412
Sa(4,0,15) 413
Sa(5,5,15) 414
Sa(0,1,16) 415
Sa(1,1,16) 416
Sa(2,0,16) 417
Sa(3,2,16) 418
Sa(4,0,16) 419
Sa(5,5,16) 420
Sa(0,1,17) 421
Sa(1,1,17) 422
Sa(2,0,17) 423
Sa(3,2,17) 424
Sa(4,0,17) 425
Sa(5,5,17) 426
Sa(0,1,18) 427
Sa(1,1,18) 428
Sa(2,0,18) 429
Sa(3,2,18) 430
Sa(4,0,18) 431
Sa(5,5,18) 432
Sa(0,1,19) 433
Sa(1,1,19) 434
Sa(2,0,19) 435
Sa(3,2,19) 436
Sa(4,0,19) 437
Sa(5,5,19) 438
Sa(0,1,20) 439
Sa(1,1,20) 440
Sa(2,0,20) 441
Sa(3,2,20) 442
Sa(4,0,20) 443
Sa(5,5,20) 444
Sa(0,1,21) 445
Sa(1,1,21) 446
Sa(2,0,21) 447
Sa(3,2,21) 448
Sa(4,0,21) 449
Sa(5,5,21) 450
Sa(0,1,22) 451
Sa(1,1,22) 452
Sa(2,0,22) 453
Sa(3,2,22) 454
Sa(4,0,22) 455
Sa(5,5,22) 456
Sa(0,1,23) 457
Sa(1,1,23) 458
Sa(2,0,23) 459
Sa(3,2,23) 460
Sa(4,0,23) 461
Sa(5,5,23) 462
Sa(0,1,24) 463
Sa(1,1,24) 464
Sa(2,0,24) 465
Sa(3,2,24) 466
Sa(4,0,24) 467
Sa(5,5,24) 468
Sa(0,1,25) 469
Sa(1,1,25) 470
Sa(2,0,25) 471
Sa(3,2,25) 472
Sa(4,0,25) 473
Sa(5,5,25) 474
Sa(0,1,26) 475
Sa(1,1,26) 476
Sa(2,0,26) 477
Sa(3,2,26) 478
Sa(4,0,26) 479
Sa(5,5,26) 480
Sa(0,1,27) 481
Sa(1,1,27) 482
Sa(2,0,27) 483
Sa(3,2,27) 484
Sa(4,0,27) 485
Sa(5,5,27) 486
Sa(0,1,28) 487
Sa(1,1,28) 488
Sa(2,0,28) 489
Sa(3,2,28) 490
Sa(4,0,28) 491
Sa(5,5,28) 492
Sa(0,1,29) 493
Sa(1,1,29) 494
Sa(2,0,29) 495
Sa(3,2,29) 496
Sa(4,0,29) 497
Sa(5,5,29) 498
Sa(0,1,30) 499
Sa(1,1,30) 500
Sa(2,0,30) 501
Sa(3,2,30) 502
Sa(4,0,30) 503
Sa(5,5,30) 504
Sa(0,1,31) 505
Sa(1,1,31) 506
Sa(2,0,31) 507
Sa(3,2,31) 508
Sa(4,0,31) 509
Sa(5,5,31) 510
Sa(0,1,32) 511
Sa(1,1,32) 512
Sa(2,0,32) 513
Sa(3,2,32) 514
Sa(4,0,32) 515
Sa(5,5,32) 516
Sa(0,1,33) 517
Sa(1,1,33) 518
Sa(2,0,33) 519
Sa(3,2,33) 520
Sa(4,0,33) 521
Sa(5,5,33) 522
Sa(0,1,34) 523
Sa(1,1,34) 524
Sa(2,0,34) 525
Sa(3,2,34) 526
Sa(4,0,34) 527
Sa(5,5,34) 528
Sa(0,1,35) 529
Sa(1,1,35) 530
Sa(2,0,35) 531
Sa(3,2,35) 532
Sa(4,0,35) 533
Sa(5,5,35) 534
Sa(0,1,36) 535
Sa(1,1,36) 536
Sa(2,0,36) 537
Sa(3,2,36) 538
Sa(4,0,36) 539
Sa(5,5,36) 540
Sa(0,1,37) 541
Sa(1,1,37) 542
Sa(2,0,37) 543
Sa(3,2,37) 544
Sa(4,0,37) 545
Sa(5,5,37) 546
Sa(0,1,38) 547
Sa(1,1,38) 548
Sa(2,0,38) 549
Sa(3,2,38) 550
Sa(4,0,38) 551
Sa(5,5,38) 552
Sa(0,1,39) 553
Sa(1,1,39) 554
Sa(2,0,39) 555
Sa(3,2,39) 556
Sa(4,0,39) 557
Sa(5,5,39) 558
Sa(0,1,40) 559
Sa(1,1,40) 560
Sa(2,0,40) 561
Sa(3,2,40) 562
Sa(4,0,40) 563
Sa(5,5,40) 564
Sa(0,1,41) 565
Sa(1,1,41) 566
Sa(2,0,41) 567
Sa(3,2,41) 568
Sa(4,0,41) 569
Sa(5,5,41) 570
Sa(0,1,42) 571
Sa(1,1,42) 572
Sa(2,0,42) 573
Sa(3,2,42) 574
Sa(4,0,42) 575
Sa(5,5,42) 576
Sa(0,1,43) 577
Sa(1,1,43) 578
Sa(2,0,43) 579
Sa(3,2,43) 580
Sa(4,0,43) 581
Sa(5,5,43) 582
Sa(0,1,44) 583
Sa(1,1,44) 584
Sa(2,0,44) 585
Sa(3,2,44) 586
Sa(4,0,44) 587
Sa(5,5,44) 588
Sa(0,1,45) 589
Sa(1,1,45) 590
Sa(2,0,45) 591
Sa(3,2,45) 592
Sa(4,0,45) 593
Sa(5,5,45) 594
Sa(0,1,46) 595
Sa(1,1,46) 596
Sa(2,0,46) 597
Sa(3,2,46) 598
Sa(4,0,46) 599
Sa(5,5,46) 600
Sa(0,1,47) 601
Sa(1,1,47) 602
Sa(2,0,47) 603
Sa(3,2,47) 604
Sa(4,0,47) 605
Sa(5,5,47) 606
Sa(0,1,48) 607
Sa(1,1,48) 608
Sa(2,0,48) 609
Sa(3,2,48) 610
Sa(4,0,48) 611
Sa(5,5,48) 612
Sa(0,1,49) 613
Sa(1,1,49) 614
Sa(2,0,49) 615
Sa(3,2,49) 616
Sa(4,0,49) 617
Sa(5,5,49) 618
Sa(0,1,50) 619
Sa(1,1,50) 620
Sa(2,0,50) 621
Sa(3,2,50) 622
Sa(4,0,50) 623
Sa(5,5,50) 624
Sa(0,1,51) 625
Sa(1,1,51) 626
Sa(2,0,51) 627
Sa(3,2,51) 628
Sa(4,0,51) 629
Sa(5,5,51) 630
Sa(0,1,52) 631
Sa(1,1,52) 632
Sa(2,0,52) 633
Sa(3,2,52) 634
Sa(4,0,52) 635
Sa(5,5,52) 636
Sa(0,1,53) 637
Sa(1,1,53) 638
Sa(2,0,53) 639
Sa(3,2,53) 640
Sa(4,0,53) 641
Sa(5,5,53) 642
Sa(0,1,54) 643
Sa(1,1,54) 644
Sa(2,0,54) 645
Sa(3,2,54) 646
Sa(4,0,54) 647
Sa(5,5,54) 648
Sa(0,1,55) 649
Sa(1,1,55) 650
Sa(2,0,55) 651
Sa(3,2,55) 652
Sa(4,0,55) 653
Sa(5,5,55) 654
Sa(0,1,56) 655
Sa(1,1,56) 656
Sa(2,0,56) 657
Sa(3,2,56) 658
Sa(4,0,56) 659
Sa(5,5,56) 660
Eb(0,1,34) 661
Sa(0,1,0) 662
Eb(0,1,0) 663
Eb(0,1,1) 664
Eb(0,1,2) 665
Eb(0,1,3) 666
Eb(0,1,4) 667
Eb(0,1,5) 668
Eb(0,1,6) 669
Eb(0,1,7) 670
Eb(0,1,8) 671
Eb(0,1,9) 672
Eb(0,1,10) 673
Eb(0,1,11) 674
Eb(0,1,12) 675
Eb(0,1,13) 676
Eb(0,1,14) 677
Eb(0,1,15) 678
Eb(0,1,16) 679
Eb(0,1,17) 680
Eb(0,1,18) 681
Eb(0,1,19) 682
Eb(0,1,20) 683
Eb(0,1,21) 684
Eb(0,1,22) 685
Eb(0,1,23) 686
Eb(0,1,24) 687
Eb(0,1,25) 688
Eb(0,1,26) 689
Eb(0,1,27) 690
Eb(0,1,28) 691
Eb(0,1,29) 692
Eb(0,1,30) 693
Eb(0,1,31) 694
Eb(0,1,32) 695
Eb(0,1,33) 696
Eb(0,1,35) 697
Eb(0,1,36) 698
Eb(0,1,37) 699
Eb(0,1,38) 700
Eb(0,1,39) 701
Eb(0,1,40) 702
Eb(0,1,41) 703
Eb(0,1,42) 704
Eb(0,1,43) 705
Eb(0,1,44) 706
Eb(0,1,45) 707
Eb(0,1,46) 708
Eb(0,1,47) 709
Eb(0,1,48) 710
Eb(0,1,49) 711
Eb(0,1,50) 712
Eb(0,1,51) 713
Eb(0,1,52) 714
Eb(0,1,53) 715
Eb(0,1,54) 716
Eb(0,1,55) 717
Eb(0,1,56) 718
Sa(0,2,3) 719
Sa(1,4,3) 720
Sa(2,3,3) 721
Sa(3,1,3) 722
Sa(4,4,3) 723
Sa(5,3,3) 724
Sa(0,2,4) 725
Sa(1,4,4) 726
Sa(2,3,4) 727
Sa(3,1,4) 728
Sa(4,4,4) 729
Sa(5,3,4) 730
Sa(0,2,5) 731
Sa(1,4,5) 732
Sa(2,3,5) 733
Sa(3,1,5) 734
Sa(4,4,5) 735
Sa(5,3,5) 736
Sa(0,2,6) 737
Sa(1,4,6) 738
Sa(2,3,6) 739
Sa(3,1,6) 740
Sa(4,4,6) 741
Sa(5,3,6) 742
Sa(0,2,7) 743
Sa(1,4,7) 744
Sa(2,3,7) 745
Sa(3,1,7) 746
Sa(4,4,7) 747
Sa(5,3,7) 748
Sa(0,2,8) 749
Sa(1,4,8) 750
Sa(2,3,8) 751
Sa(3,1,8) 752
Sa(4,4,8) 753
Sa(5,3,8) 754
Sa(0,2,9) 755
Sa(1,4,9) 756
Sa(2,3,9) 757
Sa(3,1,9) 758
Sa(4,4,9) 759
Sa(5,3,9) 760
Sa(0,2,10) 761
Sa(1,4,10) 762
Sa(2,3,10) 763
Sa(3,1,10) 764
Sa(4,4,10) 765
Sa(5,3,10) 766
Sa(0,2,11) 767
Sa(1,4,11) 768
Sa(2,3,11) 769
Sa(3,1,11) 770
Sa(4,4,11) 771
Sa(5,3,11) 772
Sa(0,2,12) 773
Sa(1,4,12) 774
Sa(2,3,12) 775
Sa(3,1,12) 776
Sa(4,4,12) 777
Sa(5,3,12) 778
Sa(0,2,13) 779
Sa(1,4,13) 780
Sa(2,3,13) 781
Sa(3,1,13) 782
Sa(4,4,13) 783
Sa(5,3,13) 784
Sa(0,2,14) 785
Sa(1,4,14) 786
Sa(2,3,14) 787
Sa(3,1,14) 788
Sa(4,4,14) 789
Sa(5,3,14) 790
Sa(0,2,15) 791
Sa(1,4,15) 792
Sa(2,3,15) 793
Sa(3,1,15) 794
Sa(4,4,15) 795
Sa(5,3,15) 796
Sa(0,2,16) 797
Sa(1,4,16) 798
Sa(2,3,16) 799
Sa(3,1,16) 800
Sa(4,4,16) 801
Sa(5,3,16) 802
Sa(0,2,17) 803
Sa(1,4,17) 804
Sa(2,3,17) 805
Sa(3,1,17) 806
Sa(4,4,17) 807
Sa(5,3,17) 808
Sa(0,2,18) 809
Sa(1,4,18) 810
Sa(2,3,18) 811
Sa(3,1,18) 812
Sa(4,4,18) 813
Sa(5,3,18) 814
Sa(0,2,19) 815
Sa(1,4,19) 816
Sa(2,3,19) 817
Sa(3,1,19) 818
Sa(4,4,19) 819
Sa(5,3,19) 820
Sa(0,2,20) 821
Sa(1,4,20) 822
Sa(2,3,20) 823
Sa(3,1,20) 824
Sa(4,4,20) 825
Sa(5,3,20) 826
Sa(0,2,21) 827
Sa(1,4,21) 828
Sa(2,3,21) 829
Sa(3,1,21) 830
Sa(4,4,21) 831
Sa(5,3,21) 832
Sa(0,2,22) 833
Sa(1,4,22) 834
Sa(2,3,22) 835
Sa(3,1,22) 836
Sa(4,4,22) 837
Sa(5,3,22) 838
Sa(0,2,23) 839
Sa(1,4,23) 840
Sa(2,3,23) 841
Sa(3,1,23) 842
Sa(4,4,23) 843
Sa(5,3,23) 844
Sa(0,2,24) 845
Sa(1,4,24) 846
Sa(2,3,24) 847
Sa(3,1,24) 848
Sa(4,4,24) 849
Sa(5,3,24) 850
Sa(0,2,25) 851
Sa(1,4,25) 852
Sa(2,3,25) 853
Sa(3,1,25) 854
Sa(4,4,25) 855
Sa(5,3,25) 856
Sa(0,2,26) 857
Sa(1,4,26) 858
Sa(2,3,26) 859
Sa(3,1,26) 860
Sa(4,4,26) 861
Sa(5,3,26) 862
Sa(0,2,27) 863
Sa(1,4,27) 864
Sa(2,3,27) 865
Sa(3,1,27) 866
Sa(4,4,27) 867
Sa(5,3,27) 868
Sa(0,2,28) 869
Sa(1,4,28) 870
Sa(2,3,28) 871
Sa(3,1,28) 872
Sa(4,4,28) 873
Sa(5,3,28) 874
Sa(0,2,29) 875
Sa(1,4,29) 876
Sa(2,3,29) 877
Sa(3,1,29) 878
Sa(4,4,29) 879
Sa(5,3,29) 880
Sa(0,2,30) 881
Sa(1,4,30) 882
Sa(2,3,30) 883
Sa(3,1,30) 884
Sa(4,4,30) 885
Sa(5,3,30) 886
Sa(0,2,31) 887
Sa(1,4,31) 888
Sa(2,3,31) 889
Sa(3,1,31) 890
Sa(4,4,31) 891
Sa(5,3,31) 892
Sa(0,2,32) 893
Sa(1,4,32) 894
Sa(2,3,32) 895
Sa(3,1,32) 896
Sa(4,4,32) 897
Sa(5,3,32) 898
Sa(0,2,33) 899
Sa(1,4,33) 900
Sa(2,3,33) 901
Sa(3,1,33) 902
Sa(4,4,33) 903
Sa(5,3,33) 904
Sa(0,2,34) 905
Sa(1,4,34) 906
Sa(2,3,34) 907
Sa(3,1,34) 908
Sa(4,4,34) 909
Sa(5,3,34) 910
Sa(0,2,35) 911
Sa(1,4,35) 912
Sa(2,3,35) 913
Sa(3,1,35) 914
Sa(4,4,35) 915
Sa(5,3,35) 916
Sa(0,2,36) 917
Sa(1,4,36) 918
Sa(2,3,36) 919
Sa(3,1,36) 920
Sa(4,4,36) 921
Sa(5,3,36) 922
Sa(0,2,37) 923
Sa(1,4,37) 924
Sa(2,3,37) 925
Sa(3,1,37) 926
Sa(4,4,37) 927
Sa(5,3,37) 928
Sa(0,2,38) 929
Sa(1,4,38) 930
Sa(2,3,38) 931
Sa(3,1,38) 932
Sa(4,4,38) 933
Sa(5,3,38) 934
Sa(0,2,39) 935
Sa(1,4,39) 936
Sa(2,3,39) 937
Sa(3,1,39) 938
Sa(4,4,39) 939
Sa(5,3,39) 940
Sa(0,2,40) 941
Sa(1,4,40) 942
Sa(2,3,40) 943
Sa(3,1,40) 944
Sa(4,4,40) 945
Sa(5,3,40) 946
Sa(0,2,41) 947
Sa(1,4,41) 948
Sa(2,3,41) 949
Sa(3,1,41) 950
Sa(4,4,41) 951
Sa(5,3,41) 952
Sa(0,2,42) 953
Sa(1,4,42) 954
Sa(2,3,42) 955
Sa(3,1,42) 956
Sa(4,4,42) 957
Sa(5,3,42) 958
Sa(0,2,43) 959
Sa(1,4,43) 960
Sa(2,3,43) 961
Sa(3,1,43) 962
Sa(4,4,43) 963
Sa(5,3,43) 964
Sa(0,2,44) 965
Sa(1,4,44) 966
Sa(2,3,44) 967
Sa(3,1,44) 968
Sa(4,4,44) 969
Sa(5,3,44) 970
Sa(0,2,45) 971
Sa(1,4,45) 972
Sa(2,3,45) 973
Sa(3,1,45) 974
Sa(4,4,45) 975
Sa(5,3,45) 976
Sa(0,2,46) 977
Sa(1,4,46) 978
Sa(2,3,46) 979
Sa(3,1,46) 980
Sa(4,4,46) 981
Sa(5,3,46) 982
Sa(0,2,47) 983
Sa(1,4,47) 984
Sa(2,3,47) 985
Sa(3,1,47) 986
Sa(4,4,47) 987
Sa(5,3,47) 988
Sa(0,2,48) 989
Sa(1,4,48) 990
Sa(2,3,48) 991
Sa(3,1,48) 992
Sa(4,4,48) 993
Sa(5,3,48) 994
Sa(0,2,49) 995
Sa(1,4,49) 996
Sa(2,3,49) 997
Sa(3,1,49) 998
Sa(4,4,49) 999
Sa(5,3,49) 1000
Sa(0,2,50) 1001
Sa(1,4,50) 1002
Sa(2,3,50) 1003
Sa(3,1,50) 1004
Sa(4,4,50) 1005
Sa(5,3,50) 1006
Sa(0,2,51) 1007
Sa(1,4,51) 1008
Sa(2,3,51) 1009
Sa(3,1,51) 1010
Sa(4,4,51) 1011
Sa(5,3,51) 1012
Sa(0,2,52) 1013
Sa(1,4,52) 1014
Sa(2,3,52) 1015
Sa(3,1,52) 1016
Sa(4,4,52) 1017
Sa(5,3,52) 1018
Sa(0,2,53) 1019
Sa(1,4,53) 1020
Sa(2,3,53) 1021
Sa(3,1,53) 1022
Sa(4,4,53) 1023
Sa(5,3,53) 1024
Sa(0,2,54) 1025
Sa(1,4,54) 1026
Sa(2,3,54) 1027
Sa(3,1,54) 1028
Sa(4,4,54) 1029
Sa(5,3,54) 1030
Sa(0,2,55) 1031
Sa(1,4,55) 1032
Sa(2,3,55) 1033
Sa(3,1,55) 1034
Sa(4,4,55) 1035
Sa(5,3,55) 1036
Sa(0,2,56) 1037
Sa(1,4,56) 1038
Sa(2,3,56) 1039
Sa(3,1,56) 1040
Sa(4,4,56) 1041
Sa(5,3,56) 1042
Eb(0,2,40) 1043
Sa(0,2,1) 1044
Sa(0,2,0) 1045
Sa(0,2,2) 1046
Eb(0,2,0) 1047
Eb(0,2,1) 1048
Eb(0,2,2) 1049
Eb(0,2,3) 1050
Eb(0,2,4) 1051
Eb(0,2,5) 1052
Eb(0,2,6) 1053
Eb(0,2,7) 1054
Eb(0,2,8) 1055
Eb(0,2,9) 1056
Eb(0,2,10) 1057
Eb(0,2,11) 1058
Eb(0,2,12) 1059
Eb(0,2,13) 1060
Eb(0,2,14) 1061
Eb(0,2,15) 1062
Eb(0,2,16) 1063
Eb(0,2,17) 1064
Eb(0,2,18) 1065
Eb(0,2,19) 1066
Eb(0,2,20) 1067
Eb(0,2,21) 1068
Eb(0,2,22) 1069
Eb(0,2,23) 1070
Eb(0,2,24) 1071
Eb(0,2,25) 1072
Eb(0,2,26) 1073
Eb(0,2,27) 1074
Eb(0,2,28) 1075
Eb(0,2,29) 1076
Eb(0,2,30) 1077
Eb(0,2,31) 1078
Eb(0,2,32) 1079
Eb(0,2,33) 1080
Eb(0,2,34) 1081
Eb(0,2,35) 1082
Eb(0,2,36) 1083
Eb(0,2,37) 1084
Eb(0,2,38) 1085
Eb(0,2,39) 1086
Eb(0,2,41) 1087
Eb(0,2,42) 1088
Eb(0,2,43) 1089
Eb(0,2,44) 1090
Eb(0,2,45) 1091
Eb(0,2,46) 1092
Eb(0,2,47) 1093
Eb(0,2,48) 1094
Eb(0,2,49) 1095
Eb(0,2,50) 1096
Eb(0,2,51) 1097
Eb(0,2,52) 1098
Eb(0,2,53) 1099
Eb(0,2,54) 1100
Eb(0,2,55) 1101
Eb(0,2,56) 1102
Sa(0,3,6) 1103
Sa(1,0,6) 1104
Sa(2,4,6) 1105
Sa(3,0,6) 1106
Sa(4,1,6) 1107
Sa(5,0,6) 1108
Sa(0,3,7) 1109
Sa(1,0,7) 1110
Sa(2,4,7) 1111
Sa(3,0,7) 1112
Sa(4,1,7) 1113
Sa(5,0,7) 1114
Sa(0,3,8) 1115
Sa(1,0,8) 1116
Sa(2,4,8) 1117
Sa(3,0,8) 1118
Sa(4,1,8) 1119
Sa(5,0,8) 1120
Sa(0,3,9) 1121
Sa(1,0,9) 1122
Sa(2,4,9) 1123
Sa(3,0,9) 1124
Sa(4,1,9) 1125
Sa(5,0,9) 1126
Sa(0,3,10) 1127
Sa(1,0,10) 1128
Sa(2,4,10) 1129
Sa(3,0,10) 1130
Sa(4,1,10) 1131
Sa(5,0,10) 1132
Sa(0,3,11) 1133
Sa(1,0,11) 1134
Sa(2,4,11) 1135
Sa(3,0,11) 1136
Sa(4,1,11) 1137
Sa(5,0,11) 1138
Sa(0,3,12) 1139
Sa(1,0,12) 1140
Sa(2,4,12) 1141
Sa(3,0,12) 1142
Sa(4,1,12) 1143
Sa(5,0,12) 1144
Sa(0,3,13) 1145
Sa(1,0,13) 1146
Sa(2,4,13) 1147
Sa(3,0,13) 1148
Sa(4,1,13) 1149
Sa(5,0,13) 1150
Sa(0,3,14) 1151
Sa(1,0,14) 1152
Sa(2,4,14) 1153
Sa(3,0,14) 1154
Sa(4,1,14) 1155
Sa(5,0,14) 1156
Sa(0,3,15) 1157
Sa(1,0,15) 1158
Sa(2,4,15) 1159
Sa(3,0,15) 1160
Sa(4,1,15) 1161
Sa(5,0,15) 1162
Sa(0,3,16) 1163
Sa(1,0,16) 1164
Sa(2,4,16) 1165
Sa(3,0,16) 1166
Sa(4,1,16) 1167
Sa(5,0,16) 1168
Sa(0,3,17) 1169
Sa(1,0,17) 1170
Sa(2,4,17) 1171
Sa(3,0,17) 1172
Sa(4,1,17) 1173
Sa(5,0,17) 1174
Sa(0,3,18) 1175
Sa(1,0,18) 1176
Sa(2,4,18) 1177
Sa(3,0,18) 1178
Sa(4,1,18) 1179
Sa(5,0,18) 1180
Sa(0,3,19) 1181
Sa(1,0,19) 1182
Sa(2,4,19) 1183
Sa(3,0,19) 1184
Sa(4,1,19) 1185
Sa(5,0,19) 1186
Sa(0,3,20) 1187
Sa(1,0,20) 1188
Sa(2,4,20) 1189
Sa(3,0,20) 1190
Sa(4,1,20) 1191
Sa(5,0,20) 1192
Sa(0,3,21) 1193
Sa(1,0,21) 1194
Sa(2,4,21) 1195
Sa(3,0,21) 1196
Sa(4,1,21) 1197
Sa(5,0,21) 1198
Sa(0,3,22) 1199
Sa(1,0,22) 1200
Sa(2,4,22) 1201
Sa(3,0,22) 1202
Sa(4,1,22) 1203
Sa(5,0,22) 1204
Sa(0,3,23) 1205
Sa(1,0,23) 1206
Sa(2,4,23) 1207
Sa(3,0,23) 1208
Sa(4,1,23) 1209
Sa(5,0,23) 1210
Sa(0,3,24) 1211
Sa(1,0,24) 1212
Sa(2,4,24) 1213
Sa(3,0,24) 1214
Sa(4,1,24) 1215
Sa(5,0,24) 1216
Sa(0,3,25) 1217
Sa(1,0,25) 1218
Sa(2,4,25) 1219
Sa(3,0,25) 1220
Sa(4,1,25) 1221
Sa(5,0,25) 1222
Sa(0,3,26) 1223
Sa(1,0,26) 1224
Sa(2,4,26) 1225
Sa(3,0,26) 1226
Sa(4,1,26) 1227
Sa(5,0,26) 1228
Sa(0,3,27) 1229
Sa(1,0,27) 1230
Sa(2,4,27) 1231
Sa(3,0,27) 1232
Sa(4,1,27) 1233
Sa(5,0,27) 1234
Sa(0,3,28) 1235
Sa(1,0,28) 1236
Sa(2,4,28) 1237
Sa(3,0,28) 1238
Sa(4,1,28) 1239
Sa(5,0,28) 1240
Sa(0,3,29) 1241
Sa(1,0,29) 1242
Sa(2,4,29) 1243
Sa(3,0,29) 1244
Sa(4,1,29) 1245
Sa(5,0,29) 1246
Sa(0,3,30) 1247
Sa(1,0,30) 1248
Sa(2,4,30) 1249
Sa(3,0,30) 1250
Sa(4,1,30) 1251
Sa(5,0,30) 1252
Sa(0,3,31) 1253
Sa(1,0,31) 1254
Sa(2,4,31) 1255
Sa(3,0,31) 1256
Sa(4,1,31) 1257
Sa(5,0,31) 1258
Sa(0,3,32) 1259
Sa(1,0,32) 1260
Sa(2,4,32) 1261
Sa(3,0,32) 1262
Sa(4,1,32) 1263
Sa(5,0,32) 1264
Sa(0,3,33) 1265
Sa(1,0,33) 1266
Sa(2,4,33) 1267
Sa(3,0,33) 1268
Sa(4,1,33) 1269
Sa(5,0,33) 1270
Sa(0,3,34) 1271
Sa(1,0,34) 1272
Sa(2,4,34) 1273
Sa(3,0,34) 1274
Sa(4,1,34) 1275
Sa(5,0,34) 1276
Sa(0,3,35) 1277
Sa(1,0,35) 1278
Sa(2,4,35) 1279
Sa(3,0,35) 1280
Sa(4,1,35) 1281
Sa(5,0,35) 1282
Sa(0,3,36) 1283
Sa(1,0,36) 1284
Sa(2,4,36) 1285
Sa(3,0,36) 1286
Sa(4,1,36) 1287
Sa(5,0,36) 1288
Sa(0,3,37) 1289
Sa(1,0,37) 1290
Sa(2,4,37) 1291
Sa(3,0,37) 1292
Sa(4,1,37) 1293
Sa(5,0,37) 1294
Sa(0,3,38) 1295
Sa(1,0,38) 1296
Sa(2,4,38) 1297
Sa(3,0,38) 1298
Sa(4,1,38) 1299
Sa(5,0,38) 1300
Sa(0,3,39) 1301
Sa(1,0,39) 1302
Sa(2,4,39) 1303
Sa(3,0,39) 1304
Sa(4,1,39) 1305
Sa(5,0,39) 1306
Sa(0,3,40) 1307
Sa(1,0,40) 1308
Sa(2,4,40) 1309
Sa(3,0,40) 1310
Sa(4,1,40) 1311
Sa(5,0,40) 1312
Sa(0,3,41) 1313
Sa(1,0,41) 1314
Sa(2,4,41) 1315
Sa(3,0,41) 1316
Sa(4,1,41) 1317
Sa(5,0,41) 1318
Sa(0,3,42) 1319
Sa(1,0,42) 1320
Sa(2,4,42) 1321
Sa(3,0,42) 1322
Sa(4,1,42) 1323
Sa(5,0,42) 1324
Sa(0,3,43) 1325
Sa(1,0,43) 1326
Sa(2,4,43) 1327
Sa(3,0,43) 1328
Sa(4,1,43) 1329
Sa(5,0,43) 1330
Sa(0,3,44) 1331
Sa(1,0,44) 1332
Sa(2,4,44) 1333
Sa(3,0,44) 1334
Sa(4,1,44) 1335
Sa(5,0,44) 1336
Sa(0,3,45) 1337
Sa(1,0,45) 1338
Sa(2,4,45) 1339
Sa(3,0,45) 1340
Sa(4,1,45) 1341
Sa(5,0,45) 1342
Sa(0,3,46) 1343
Sa(1,0,46) 1344
Sa(2,4,46) 1345
Sa(3,0,46) 1346
Sa(4,1,46) 1347
Sa(5,0,46) 1348
Sa(0,3,47) 1349
Sa(1,0,47) 1350
Sa(2,4,47) 1351
Sa(3,0,47) 1352
Sa(4,1,47) 1353
Sa(5,0,47) 1354
Sa(0,3,48) 1355
Sa(1,0,48) 1356
Sa(2,4,48) 1357
Sa(3,0,48) 1358
Sa(4,1,48) 1359
Sa(5,0,48) 1360
Sa(0,3,49) 1361
Sa(1,0,49) 1362
Sa(2,4,49) 1363
Sa(3,0,49) 1364
Sa(4,1,49) 1365
Sa(5,0,49) 1366
Sa(0,3,50) 1367
Sa(1,0,50) 1368
Sa(2,4,50) 1369
Sa(3,0,50) 1370
Sa(4,1,50) 1371
Sa(5,0,50) 1372
Sa(0,3,51) 1373
Sa(1,0,51) 1374
Sa(2,4,51) 1375
Sa(3,0,51) 1376
Sa(4,1,51) 1377
Sa(5,0,51) 1378
Sa(0,3,52) 1379
Sa(1,0,52) 1380
Sa(2,4,52) 1381
Sa(3,0,52) 1382
Sa(4,1,52) 1383
Sa(5,0,52) 1384
Sa(0,3,53) 1385
Sa(1,0,53) 1386
Sa(2,4,53) 1387
Sa(3,0,53) 1388
Sa(4,1,53) 1389
Sa(5,0,53) 1390
Sa(0,3,54) 1391
Sa(1,0,54) 1392
Sa(2,4,54) 1393
Sa(3,0,54) 1394
Sa(4,1,54) 1395
Sa(5,0,54) 1396
Sa(0,3,55) 1397
Sa(1,0,55) 1398
Sa(2,4,55) 1399
Sa(3,0,55) 1400
Sa(4,1,55) 1401
Sa(5,0,55) 1402
Sa(0,3,56) 1403
Sa(1,0,56) 1404
Sa(2,4,56) 1405
Sa(3,0,56) 1406
Sa(4,1,56) 1407
Sa(5,0,56) 1408
Eb(0,3,47) 1409
Sa(0,3,1) 1410
Sa(0,3,0) 1411
Sa(0,3,2) 1412
Sa(0,3,3) 1413
Sa(0,3,4) 1414
Sa(0,3,5) 1415
Eb(0,3,0) 1416
Eb(0,3,1) 1417
Eb(0,3,2) 1418
Eb(0,3,3) 1419
Eb(0,3,4) 1420
Eb(0,3,5) 1421
Eb(0,3,6) 1422
Eb(0,3,7) 1423
Eb(0,3,8) 1424
Eb(0,3,9) 1425
Eb(0,3,10) 1426
Eb(0,3,11) 1427
Eb(0,3,12) 1428
Eb(0,3,13) 1429
Eb(0,3,14) 1430
Eb(0,3,15) 1431
Eb(0,3,16) 1432
Eb(0,3,17) 1433
Eb(0,3,18) 1434
Eb(0,3,19) 1435
Eb(0,3,20) 1436
Eb(0,3,21) 1437
Eb(0,3,22) 1438
Eb(0,3,23) 1439
Eb(0,3,24) 1440
Eb(0,3,25) 1441
Eb(0,3,26) 1442
Eb(0,3,27) 1443
Eb(0,3,28) 1444
Eb(0,3,29) 1445
Eb(0,3,30) 1446
Eb(0,3,31) 1447
Eb(0,3,32) 1448
Eb(0,3,33) 1449
Eb(0,3,34) 1450
Eb(0,3,35) 1451
Eb(0,3,36) 1452
Eb(0,3,37) 1453
Eb(0,3,38) 1454
Eb(0,3,39) 1455
Eb(0,3,40) 1456
Eb(0,3,41) 1457
Eb(0,3,42) 1458
Eb(0,3,43) 1459
Eb(0,3,44) 1460
Eb(0,3,45) 1461
Eb(0,3,46) 1462
Eb(0,3,48) 1463
Eb(0,3,49) 1464
Eb(0,3,50) 1465
Eb(0,3,51) 1466
Eb(0,3,52) 1467
Eb(0,3,53) 1468
Eb(0,3,54) 1469
Eb(0,3,55) 1470
Eb(0,3,56) 1471
Sa(0,4,7) 1472
Sa(1,5,7) 1473
Sa(2,1,7) 1474
Sa(3,3,7) 1475
Sa(4,5,7) 1476
Sa(5,1,7) 1477
Sa(0,4,8) 1478
Sa(1,5,8) 1479
Sa(2,1,8) 1480
Sa(3,3,8) 1481
Sa(4,5,8) 1482
Sa(5,1,8) 1483
Sa(0,4,9) 1484
Sa(1,5,9) 1485
Sa(2,1,9) 1486
Sa(3,3,9) 1487
Sa(4,5,9) 1488
Sa(5,1,9) 1489
Sa(0,4,10) 1490
Sa(1,5,10) 1491
Sa(2,1,10) 1492
Sa(3,3,10) 1493
Sa(4,5,10) 1494
Sa(5,1,10) 1495
Sa(0,4,11) 1496
Sa(1,5,11) 1497
Sa(2,1,11) 1498
Sa(3,3,11) 1499
Sa(4,5,11) 1500
Sa(5,1,11) 1501
Sa(0,4,12) 1502
Sa(1,5,12) 1503
Sa(2,1,12) 1504
Sa(3,3,12) 1505
Sa(4,5,12) 1506
Sa(5,1,12) 1507
Sa(0,4,13) 1508
Sa(1,5,13) 1509
Sa(2,1,13) 1510
Sa(3,3,13) 1511
Sa(4,5,13) 1512
Sa(5,1,13) 1513
Sa(0,4,14) 1514
Sa(1,5,14) 1515
Sa(2,1,14) 1516
Sa(3,3,14) 1517
Sa(4,5,14) 1518
Sa(5,1,14) 1519
Sa(0,4,15) 1520
Sa(1,5,15) 1521
Sa(2,1,15) 1522
Sa(3,3,15) 1523
Sa(4,5,15) 1524
Sa(5,1,15) 1525
Sa(0,4,16) 1526
Sa(1,5,16) 1527
Sa(2,1,16) 1528
Sa(3,3,16) 1529
Sa(4,5,16) 1530
Sa(5,1,16) 1531
Sa(0,4,17) 1532
Sa(1,5,17) 1533
Sa(2,1,17) 1534
Sa(3,3,17) 1535
Sa(4,5,17) 1536
Sa(5,1,17) 1537
Sa(0,4,18) 1538
Sa(1,5,18) 1539
Sa(2,1,18) 1540
Sa(3,3,18) 1541
Sa(4,5,18) 1542
Sa(5,1,18) 1543
Sa(0,4,19) 1544
Sa(1,5,19) 1545
Sa(2,1,19) 1546
Sa(3,3,19) 1547
Sa(4,5,19) 1548
Sa(5,1,19) 1549
Sa(0,4,20) 1550
Sa(1,5,20) 1551
Sa(2,1,20) 1552
Sa(3,3,20) 1553
Sa(4,5,20) 1554
Sa(5,1,20) 1555
Sa(0,4,21) 1556
Sa(1,5,21) 1557
Sa(2,1,21) 1558
Sa(3,3,21) 1559
Sa(4,5,21) 1560
Sa(5,1,21) 1561
Sa(0,4,22) 1562
Sa(1,5,22) 1563
Sa(2,1,22) 1564
Sa(3,3,22) 1565
Sa(4,5,22) 1566
Sa(5,1,22) 1567
Sa(0,4,23) 1568
Sa(1,5,23) 1569
Sa(2,1,23) 1570
Sa(3,3,23) 1571
Sa(4,5,23) 1572
Sa(5,1,23) 1573
Sa(0,4,24) 1574
Sa(1,5,24) 1575
Sa(2,1,24) 1576
Sa(3,3,24) 1577
Sa(4,5,24) 1578
Sa(5,1,24) 1579
Sa(0,4,25) 1580
Sa(1,5,25) 1581
Sa(2,1,25) 1582
Sa(3,3,25) 1583
Sa(4,5,25) 1584
Sa(5,1,25) 1585
Sa(0,4,26) 1586
Sa(1,5,26) 1587
Sa(2,1,26) 1588
Sa(3,3,26) 1589
Sa(4,5,26) 1590
Sa(5,1,26) 1591
Sa(0,4,27) 1592
Sa(1,5,27) 1593
Sa(2,1,27) 1594
Sa(3,3,27) 1595
Sa(4,5,27) 1596
Sa(5,1,27) 1597
Sa(0,4,28) 1598
Sa(1,5,28) 1599
Sa(2,1,28) 1600
Sa(3,3,28) 1601
Sa(4,5,28) 1602
Sa(5,1,28) 1603
Sa(0,4,29) 1604
Sa(1,5,29) 1605
Sa(2,1,29) 1606
Sa(3,3,29) 1607
Sa(4,5,29) 1608
Sa(5,1,29) 1609
Sa(0,4,30) 1610
Sa(1,5,30) 1611
Sa(2,1,30) 1612
Sa(3,3,30) 1613
Sa(4,5,30) 1614
Sa(5,1,30) 1615
Sa(0,4,31) 1616
Sa(1,5,31) 1617
Sa(2,1,31) 1618
Sa(3,3,31) 1619
Sa(4,5,31) 1620
Sa(5,1,31) 1621
Sa(0,4,32) 1622
Sa(1,5,32) 1623
Sa(2,1,32) 1624
Sa(3,3,32) 1625
Sa(4,5,32) 1626
Sa(5,1,32) 1627
Sa(0,4,33) 1628
Sa(1,5,33) 1629
Sa(2,1,33) 1630
Sa(3,3,33) 1631
Sa(4,5,33) 1632
Sa(5,1,33) 1633
Sa(0,4,34) 1634
Sa(1,5,34) 1635
Sa(2,1,34) 1636
Sa(3,3,34) 1637
Sa(4,5,34) 1638
Sa(5,1,34) 1639
Sa(0,4,35) 1640
Sa(1,5,35) 1641
Sa(2,1,35) 1642
Sa(3,3,35) 1643
Sa(4,5,35) 1644
Sa(5,1,35) 1645
Sa(0,4,36) 1646
Sa(1,5,36) 1647
Sa(2,1,36) 1648
Sa(3,3,36) 1649
Sa(4,5,36) 1650
Sa(5,1,36) 1651
Sa(0,4,37) 1652
Sa(1,5,37) 1653
Sa(2,1,37) 1654
Sa(3,3,37) 1655
Sa(4,5,37) 1656
Sa(5,1,37) 1657
Sa(0,4,38) 1658
Sa(1,5,38) 1659
Sa(2,1,38) 1660
Sa(3,3,38) 1661
Sa(4,5,38) 1662
Sa(5,1,38) 1663
Sa(0,4,39) 1664
Sa(1,5,39) 1665
Sa(2,1,39) 1666
Sa(3,3,39) 1667
Sa(4,5,39) 1668
Sa(5,1,39) 1669
Sa(0,4,40) 1670
Sa(1,5,40) 1671
Sa(2,1,40) 1672
Sa(3,3,40) 1673
Sa(4,5,40) 1674
Sa(5,1,40) 1675
Sa(0,4,41) 1676
Sa(1,5,41) 1677
Sa(2,1,41) 1678
Sa(3,3,41) 1679
Sa(4,5,41) 1680
Sa(5,1,41) 1681
Sa(0,4,42) 1682
Sa(1,5,42) 1683
Sa(2,1,42) 1684
Sa(3,3,42) 1685
Sa(4,5,42) 1686
Sa(5,1,42) 1687
Sa(0,4,43) 1688
Sa(1,5,43) 1689
Sa(2,1,43) 1690
Sa(3,3,43) 1691
Sa(4,5,43) 1692
Sa(5,1,43) 1693
Sa(0,4,44) 1694
Sa(1,5,44) 1695
Sa(2,1,44) 1696
Sa(3,3,44) 1697
Sa(4,5,44) 1698
Sa(5,1,44) 1699
Sa(0,4,45) 1700
Sa(1,5,45) 1701
Sa(2,1,45) 1702
Sa(3,3,45) 1703
Sa(4,5,45) 1704
Sa(5,1,45) 1705
Sa(0,4,46) 1706
Sa(1,5,46) 1707
Sa(2,1,46) 1708
Sa(3,3,46) 1709
Sa(4,5,46) 1710
Sa(5,1,46) 1711
Sa(0,4,47) 1712
Sa(1,5,47) 1713
Sa(2,1,47) 1714
Sa(3,3,47) 1715
Sa(4,5,47) 1716
Sa(5,1,47) 1717
Sa(0,4,48) 1718
Sa(1,5,48) 1719
Sa(2,1,48) 1720
Sa(3,3,48) 1721
Sa(4,5,48) 1722
Sa(5,1,48) 1723
Sa(0,4,49) 1724
Sa(1,5,49) 1725
Sa(2,1,49) 1726
Sa(3,3,49) 1727
Sa(4,5,49) 1728
Sa(5,1,49) 1729
Sa(0,4,50) 1730
Sa(1,5,50) 1731
Sa(2,1,50) 1732
Sa(3,3,50) 1733
Sa(4,5,50) 1734
Sa(5,1,50) 1735
Sa(0,4,51) 1736
Sa(1,5,51) 1737
Sa(2,1,51) 1738
Sa(3,3,51) 1739
Sa(4,5,51) 1740
Sa(5,1,51) 1741
Sa(0,4,52) 1742
Sa(1,5,52) 1743
Sa(2,1,52) 1744
Sa(3,3,52) 1745
Sa(4,5,52) 1746
Sa(5,1,52) 1747
Sa(0,4,53) 1748
Sa(1,5,53) 1749
Sa(2,1,53) 1750
Sa(3,3,53) 1751
Sa(4,5,53) 1752
Sa(5,1,53) 1753
Sa(0,4,54) 1754
Sa(1,5,54) 1755
Sa(2,1,54) 1756
Sa(3,3,54) 1757
Sa(4,5,54) 1758
Sa(5,1,54) 1759
Sa(0,4,55) 1760
Sa(1,5,55) 1761
Sa(2,1,55) 1762
Sa(3,3,55) 1763
Sa(4,5,55) 1764
Sa(5,1,55) 1765
Sa(0,4,56) 1766
Sa(1,5,56) 1767
Sa(2,1,56) 1768
Sa(3,3,56) 1769
Sa(4,5,56) 1770
Sa(5,1,56) 1771
Eb(0,4,50) 1772
Sa(0,4,1) 1773
Sa(0,4,0) 1774
Sa(0,4,2) 1775
Sa(0,4,3) 1776
Sa(0,4,4) 1777
Sa(0,4,5) 1778
Sa(0,4,6) 1779
Eb(0,4,0) 1780
Eb(0,4,1) 1781
Eb(0,4,2) 1782
Eb(0,4,3) 1783
Eb(0,4,4) 1784
Eb(0,4,5) 1785
Eb(0,4,6) 1786
Eb(0,4,7) 1787
Eb(0,4,8) 1788
Eb(0,4,9) 1789
Eb(0,4,10) 1790
Eb(0,4,11) 1791
Eb(0,4,12) 1792
Eb(0,4,13) 1793
Eb(0,4,14) 1794
Eb(0,4,15) 1795
Eb(0,4,16) 1796
Eb(0,4,17) 1797
Eb(0,4,18) 1798
Eb(0,4,19) 1799
Eb(0,4,20) 1800
Eb(0,4,21) 1801
Eb(0,4,22) 1802
Eb(0,4,23) 1803
Eb(0,4,24) 1804
Eb(0,4,25) 1805
Eb(0,4,26) 1806
Eb(0,4,27) 1807
Eb(0,4,28) 1808
Eb(0,4,29) 1809
Eb(0,4,30) 1810
Eb(0,4,31) 1811
Eb(0,4,32) 1812
Eb(0,4,33) 1813
Eb(0,4,34) 1814
Eb(0,4,35) 1815
Eb(0,4,36) 1816
Eb(0,4,37) 1817
Eb(0,4,38) 1818
Eb(0,4,39) 1819
Eb(0,4,40) 1820
Eb(0,4,41) 1821
Eb(0,4,42) 1822
Eb(0,4,43) 1823
Eb(0,4,44) 1824
Eb(0,4,45) 1825
Eb(0,4,46) 1826
Eb(0,4,47) 1827
Eb(0,4,48) 1828
Eb(0,4,49) 1829
Eb(0,4,51) 1830
Eb(0,4,52) 1831
Eb(0,4,53) 1832
Eb(0,4,54) 1833
Eb(0,4,55) 1834
Eb(0,4,56) 1835
Sa(0,5,3) 1836
Sa(1,3,3) 1837
Sa(2,2,3) 1838
Sa(3,5,3) 1839
Sa(4,3,3) 1840
Sa(5,2,3) 1841
Sa(0,5,4) 1842
Sa(1,3,4) 1843
Sa(2,2,4) 1844
Sa(3,5,4) 1845
Sa(4,3,4) 1846
Sa(5,2,4) 1847
Sa(0,5,5) 1848
Sa(1,3,5) 1849
Sa(2,2,5) 1850
Sa(3,5,5) 1851
Sa(4,3,5) 1852
Sa(5,2,5) 1853
Sa(0,5,6) 1854
Sa(1,3,6) 1855
Sa(2,2,6) 1856
Sa(3,5,6) 1857
Sa(4,3,6) 1858
Sa(5,2,6) 1859
Sa(0,5,7) 1860
Sa(1,3,7) 1861
Sa(2,2,7) 1862
Sa(3,5,7) 1863
Sa(4,3,7) 1864
Sa(5,2,7) 1865
Sa(0,5,8) 1866
Sa(1,3,8) 1867
Sa(2,2,8) 1868
Sa(3,5,8) 1869
Sa(4,3,8) 1870
Sa(5,2,8) 1871
Sa(0,5,9) 1872
Sa(1,3,9) 1873
Sa(2,2,9) 1874
Sa(3,5,9) 1875
Sa(4,3,9) 1876
Sa(5,2,9) 1877
Sa(0,5,10) 1878
Sa(1,3,10) 1879
Sa(2,2,10) 1880
Sa(3,5,10) 1881
Sa(4,3,10) 1882
Sa(5,2,10) 1883
Sa(0,5,11) 1884
Sa(1,3,11) 1885
Sa(2,2,11) 1886
Sa(3,5,11) 1887
Sa(4,3,11) 1888
Sa(5,2,11) 1889
Sa(0,5,12) 1890
Sa(1,3,12) 1891
Sa(2,2,12) 1892
Sa(3,5,12) 1893
Sa(4,3,12) 1894
Sa(5,2,12) 1895
Sa(0,5,13) 1896
Sa(1,3,13) 1897
Sa(2,2,13) 1898
Sa(3,5,13) 1899
Sa(4,3,13) 1900
Sa(5,2,13) 1901
Sa(0,5,14) 1902
Sa(1,3,14) 1903
Sa(2,2,14) 1904
Sa(3,5,14) 1905
Sa(4,3,14) 1906
Sa(5,2,14) 1907
Sa(0,5,15) 1908
Sa(1,3,15) 1909
Sa(2,2,15) 1910
Sa(3,5,15) 1911
Sa(4,3,15) 1912
Sa(5,2,15) 1913
Sa(0,5,16) 1914
Sa(1,3,16) 1915
Sa(2,2,16) 1916
Sa(3,5,16) 1917
Sa(4,3,16) 1918
Sa(5,2,16) 1919
Sa(0,5,17) 1920
Sa(1,3,17) 1921
Sa(2,2,17) 1922
Sa(3,5,17) 1923
Sa(4,3,17) 1924
Sa(5,2,17) 1925
Sa(0,5,18) 1926
Sa(1,3,18) 1927
Sa(2,2,18) 1928
Sa(3,5,18) 1929
Sa(4,3,18) 1930
Sa(5,2,18) 1931
Sa(0,5,19) 1932
Sa(1,3,19) 1933
Sa(2,2,19) 1934
Sa(3,5,19) 1935
Sa(4,3,19) 1936
Sa(5,2,19) 1937
Sa(0,5,20) 1938
Sa(1,3,20) 1939
Sa(2,2,20) 1940
Sa(3,5,20) 1941
Sa(4,3,20) 1942
Sa(5,2,20) 1943
Sa(0,5,21) 1944
Sa(1,3,21) 1945
Sa(2,2,21) 1946
Sa(3,5,21) 1947
Sa(4,3,21) 1948
Sa(5,2,21) 1949
Sa(0,5,22) 1950
Sa(1,3,22) 1951
Sa(2,2,22) 1952
Sa(3,5,22) 1953
Sa(4,3,22) 1954
Sa(5,2,22) 1955
Sa(0,5,23) 1956
Sa(1,3,23) 1957
Sa(2,2,23) 1958
Sa(3,5,23) 1959
Sa(4,3,23) 1960
Sa(5,2,23) 1961
Sa(0,5,24) 1962
Sa(1,3,24) 1963
Sa(2,2,24) 1964
Sa(3,5,24) 1965
Sa(4,3,24) 1966
Sa(5,2,24) 1967
Sa(0,5,25) 1968
Sa(1,3,25) 1969
Sa(2,2,25) 1970
Sa(3,5,25) 1971
Sa(4,3,25) 1972
Sa(5,2,25) 1973
Sa(0,5,26) 1974
Sa(1,3,26) 1975
Sa(2,2,26) 1976
Sa(3,5,26) 1977
Sa(4,3,26) 1978
Sa(5,2,26) 1979
Sa(0,5,27) 1980
Sa(1,3,27) 1981
Sa(2,2,27) 1982
Sa(3,5,27) 1983
Sa(4,3,27) 1984
Sa(5,2,27) 1985
Sa(0,5,28) 1986
Sa(1,3,28) 1987
Sa(2,2,28) 1988
Sa(3,5,28) 1989
Sa(4,3,28) 1990
Sa(5,2,28) 1991
Sa(0,5,29) 1992
Sa(1,3,29) 1993
Sa(2,2,29) 1994
Sa(3,5,29) 1995
Sa(4,3,29) 1996
Sa(5,2,29) 1997
Sa(0,5,30) 1998
Sa(1,3,30) 1999
Sa(2,2,30) 2000
Sa(3,5,30) 2001
Sa(4,3,30) 2002
Sa(5,2,30) 2003
Sa(0,5,31) 2004
Sa(1,3,31) 2005
Sa(2,2,31) 2006
Sa(3,5,31) 2007
Sa(4,3,31) 2008
Sa(5,2,31) 2009
Sa(0,5,32) 2010
Sa(1,3,32) 2011
Sa(2,2,32) 2012
Sa(3,5,32) 2013
Sa(4,3,32) 2014
Sa(5,2,32) 2015
Sa(0,5,33) 2016
Sa(1,3,33) 2017
Sa(2,2,33) 2018
Sa(3,5,33) 2019
Sa(4,3,33) 2020
Sa(5,2,33) 2021
Sa(0,5,34) 2022
Sa(1,3,34) 2023
Sa(2,2,34) 2024
Sa(3,5,34) 2025
Sa(4,3,34) 2026
Sa(5,2,34) 2027
Sa(0,5,35) 2028
Sa(1,3,35) 2029
Sa(2,2,35) 2030
Sa(3,5,35) 2031
Sa(4,3,35) 2032
Sa(5,2,35) 2033
Sa(0,5,36) 2034
Sa(1,3,36) 2035
Sa(2,2,36) 2036
Sa(3,5,36) 2037
Sa(4,3,36) 2038
Sa(5,2,36) 2039
Sa(0,5,37) 2040
Sa(1,3,37) 2041
Sa(2,2,37) 2042
Sa(3,5,37) 2043
Sa(4,3,37) 2044
Sa(5,2,37) 2045
Sa(0,5,38) 2046
Sa(1,3,38) 2047
Sa(2,2,38) 2048
Sa(3,5,38) 2049
Sa(4,3,38) 2050
Sa(5,2,38) 2051
Sa(0,5,39) 2052
Sa(1,3,39) 2053
Sa(2,2,39) 2054
Sa(3,5,39) 2055
Sa(4,3,39) 2056
Sa(5,2,39) 2057
Sa(0,5,40) 2058
Sa(1,3,40) 2059
Sa(2,2,40) 2060
Sa(3,5,40) 2061
Sa(4,3,40) 2062
Sa(5,2,40) 2063
Sa(0,5,41) 2064
Sa(1,3,41) 2065
Sa(2,2,41) 2066
Sa(3,5,41) 2067
Sa(4,3,41) 2068
Sa(5,2,41) 2069
Sa(0,5,42) 2070
Sa(1,3,42) 2071
Sa(2,2,42) 2072
Sa(3,5,42) 2073
Sa(4,3,42) 2074
Sa(5,2,42) 2075
Sa(0,5,43) 2076
Sa(1,3,43) 2077
Sa(2,2,43) 2078
Sa(3,5,43) 2079
Sa(4,3,43) 2080
Sa(5,2,43) 2081
Sa(0,5,44) 2082
Sa(1,3,44) 2083
Sa(2,2,44) 2084
Sa(3,5,44) 2085
Sa(4,3,44) 2086
Sa(5,2,44) 2087
Sa(0,5,45) 2088
Sa(1,3,45) 2089
Sa(2,2,45) 2090
Sa(3,5,45) 2091
Sa(4,3,45) 2092
Sa(5,2,45) 2093
Sa(0,5,46) 2094
Sa(1,3,46) 2095
Sa(2,2,46) 2096
Sa(3,5,46) 2097
Sa(4,3,46) 2098
Sa(5,2,46) 2099
Sa(0,5,47) 2100
Sa(1,3,47) 2101
Sa(2,2,47) 2102
Sa(3,5,47) 2103
Sa(4,3,47) 2104
Sa(5,2,47) 2105
Sa(0,5,48) 2106
Sa(1,3,48) 2107
Sa(2,2,48) 2108
Sa(3,5,48) 2109
Sa(4,3,48) 2110
Sa(5,2,48) 2111
Sa(0,5,49) 2112
Sa(1,3,49) 2113
Sa(2,2,49) 2114
Sa(3,5,49) 2115
Sa(4,3,49) 2116
Sa(5,2,49) 2117
Sa(0,5,50) 2118
Sa(1,3,50) 2119
Sa(2,2,50) 2120
Sa(3,5,50) 2121
Sa(4,3,50) 2122
Sa(5,2,50) 2123
Sa(0,5,51) 2124
Sa(1,3,51) 2125
Sa(2,2,51) 2126
Sa(3,5,51) 2127
Sa(4,3,51) 2128
Sa(5,2,51) 2129
Sa(0,5,52) 2130
Sa(1,3,52) 2131
Sa(2,2,52) 2132
Sa(3,5,52) 2133
Sa(4,3,52) 2134
Sa(5,2,52) 2135
Sa(0,5,53) 2136
Sa(1,3,53) 2137
Sa(2,2,53) 2138
Sa(3,5,53) 2139
Sa(4,3,53) 2140
Sa(5,2,53) 2141
Sa(0,5,54) 2142
Sa(1,3,54) 2143
Sa(2,2,54) 2144
Sa(3,5,54) 2145
Sa(4,3,54) 2146
Sa(5,2,54) 2147
Sa(0,5,55) 2148
Sa(1,3,55) 2149
Sa(2,2,55) 2150
Sa(3,5,55) 2151
Sa(4,3,55) 2152
Sa(5,2,55) 2153
Sa(0,5,56) 2154
Sa(1,3,56) 2155
Sa(2,2,56) 2156
Sa(3,5,56) 2157
Sa(4,3,56) 2158
Sa(5,2,56) 2159
Eb(0,5,56) 2160
Sa(0,5,1) 2161
Sa(0,5,0) 2162
Sa(0,5,2) 2163
Eb(0,5,0) 2164
Eb(0,5,1) 2165
Eb(0,5,2) 2166
Eb(0,5,3) 2167
Eb(0,5,4) 2168
Eb(0,5,5) 2169
Eb(0,5,6) 2170
Eb(0,5,7) 2171
Eb(0,5,8) 2172
Eb(0,5,9) 2173
Eb(0,5,10) 2174
Eb(0,5,11) 2175
Eb(0,5,12) 2176
Eb(0,5,13) 2177
Eb(0,5,14) 2178
Eb(0,5,15) 2179
Eb(0,5,16) 2180
Eb(0,5,17) 2181
Eb(0,5,18) 2182
Eb(0,5,19) 2183
Eb(0,5,20) 2184
Eb(0,5,21) 2185
Eb(0,5,22) 2186
Eb(0,5,23) 2187
Eb(0,5,24) 2188
Eb(0,5,25) 2189
Eb(0,5,26) 2190
Eb(0,5,27) 2191
Eb(0,5,28) 2192
Eb(0,5,29) 2193
Eb(0,5,30) 2194
Eb(0,5,31) 2195
Eb(0,5,32) 2196
Eb(0,5,33) 2197
Eb(0,5,34) 2198
Eb(0,5,35) 2199
Eb(0,5,36) 2200
Eb(0,5,37) 2201
Eb(0,5,38) 2202
Eb(0,5,39) 2203
Eb(0,5,40) 2204
Eb(0,5,41) 2205
Eb(0,5,42) 2206
Eb(0,5,43) 2207
Eb(0,5,44) 2208
Eb(0,5,45) 2209
Eb(0,5,46) 2210
Eb(0,5,47) 2211
Eb(0,5,48) 2212
Eb(0,5,49) 2213
Eb(0,5,50) 2214
Eb(0,5,51) 2215
Eb(0,5,52) 2216
Eb(0,5,53) 2217
Eb(0,5,54) 2218
Eb(0,5,55) 2219
Sa(1,2,6) 2220
Sa(2,5,6) 2221
Sa(3,4,6) 2222
Sa(4,2,6) 2223
Sa(5,4,6) 2224
Sa(1,2,7) 2225
Sa(2,5,7) 2226
Sa(3,4,7) 2227
Sa(4,2,7) 2228
Sa(5,4,7) 2229
Sa(1,2,8) 2230
Sa(2,5,8) 2231
Sa(3,4,8) 2232
Sa(4,2,8) 2233
Sa(5,4,8) 2234
Sa(1,2,9) 2235
Sa(2,5,9) 2236
Sa(3,4,9) 2237
Sa(4,2,9) 2238
Sa(5,4,9) 2239
Sa(1,2,10) 2240
Sa(2,5,10) 2241
Sa(3,4,10) 2242
Sa(4,2,10) 2243
Sa(5,4,10) 2244
Sa(1,2,11) 2245
Sa(2,5,11) 2246
Sa(3,4,11) 2247
Sa(4,2,11) 2248
Sa(5,4,11) 2249
Sa(1,2,12) 2250
Sa(2,5,12) 2251
Sa(3,4,12) 2252
Sa(4,2,12) 2253
Sa(5,4,12) 2254
Sa(1,2,13) 2255
Sa(2,5,13) 2256
Sa(3,4,13) 2257
Sa(4,2,13) 2258
Sa(5,4,13) 2259
Sa(1,2,14) 2260
Sa(2,5,14) 2261
Sa(3,4,14) 2262
Sa(4,2,14) 2263
Sa(5,4,14) 2264
Sa(1,2,15) 2265
Sa(2,5,15) 2266
Sa(3,4,15) 2267
Sa(4,2,15) 2268
Sa(5,4,15) 2269
Sa(1,2,16) 2270
Sa(2,5,16) 2271
Sa(3,4,16) 2272
Sa(4,2,16) 2273
Sa(5,4,16) 2274
Sa(1,2,17) 2275
Sa(2,5,17) 2276
Sa(3,4,17) 2277
Sa(4,2,17) 2278
Sa(5,4,17) 2279
Sa(1,2,18) 2280
Sa(2,5,18) 2281
Sa(3,4,18) 2282
Sa(4,2,18) 2283
Sa(5,4,18) 2284
Sa(1,2,19) 2285
Sa(2,5,19) 2286
Sa(3,4,19) 2287
Sa(4,2,19) 2288
Sa(5,4,19) 2289
Sa(1,2,20) 2290
Sa(2,5,20) 2291
Sa(3,4,20) 2292
Sa(4,2,20) 2293
Sa(5,4,20) 2294
Sa(1,2,21) 2295
Sa(2,5,21) 2296
Sa(3,4,21) 2297
Sa(4,2,21) 2298
Sa(5,4,21) 2299
Sa(1,2,22) 2300
Sa(2,5,22) 2301
Sa(3,4,22) 2302
Sa(4,2,22) 2303
Sa(5,4,22) 2304
Sa(1,2,23) 2305
Sa(2,5,23) 2306
Sa(3,4,23) 2307
Sa(4,2,23) 2308
Sa(5,4,23) 2309
Sa(1,2,24) 2310
Sa(2,5,24) 2311
Sa(3,4,24) 2312
Sa(4,2,24) 2313
Sa(5,4,24) 2314
Sa(1,2,25) 2315
Sa(2,5,25) 2316
Sa(3,4,25) 2317
Sa(4,2,25) 2318
Sa(5,4,25) 2319
Sa(1,2,26) 2320
Sa(2,5,26) 2321
Sa(3,4,26) 2322
Sa(4,2,26) 2323
Sa(5,4,26) 2324
Sa(1,2,27) 2325
Sa(2,5,27) 2326
Sa(3,4,27) 2327
Sa(4,2,27) 2328
Sa(5,4,27) 2329
Sa(1,2,28) 2330
Sa(2,5,28) 2331
Sa(3,4,28) 2332
Sa(4,2,28) 2333
Sa(5,4,28) 2334
Sa(1,2,29) 2335
Sa(2,5,29) 2336
Sa(3,4,29) 2337
Sa(4,2,29) 2338
Sa(5,4,29) 2339
Sa(1,2,30) 2340
Sa(2,5,30) 2341
Sa(3,4,30) 2342
Sa(4,2,30) 2343
Sa(5,4,30) 2344
Sa(1,2,31) 2345
Sa(2,5,31) 2346
Sa(3,4,31) 2347
Sa(4,2,31) 2348
Sa(5,4,31) 2349
Sa(1,2,32) 2350
Sa(2,5,32) 2351
Sa(3,4,32) 2352
Sa(4,2,32) 2353
Sa(5,4,32) 2354
Sa(1,2,33) 2355
Sa(2,5,33) 2356
Sa(3,4,33) 2357
Sa(4,2,33) 2358
Sa(5,4,33) 2359
Sa(1,2,34) 2360
Sa(2,5,34) 2361
Sa(3,4,34) 2362
Sa(4,2,34) 2363
Sa(5,4,34) 2364
Sa(1,2,35) 2365
Sa(2,5,35) 2366
Sa(3,4,35) 2367
Sa(4,2,35) 2368
Sa(5,4,35) 2369
Sa(1,2,36) 2370
Sa(2,5,36) 2371
Sa(3,4,36) 2372
Sa(4,2,36) 2373
Sa(5,4,36) 2374
Sa(1,2,37) 2375
Sa(2,5,37) 2376
Sa(3,4,37) 2377
Sa(4,2,37) 2378
Sa(5,4,37) 2379
Sa(1,2,38) 2380
Sa(2,5,38) 2381
Sa(3,4,38) 2382
Sa(4,2,38) 2383
Sa(5,4,38) 2384
Sa(1,2,39) 2385
Sa(2,5,39) 2386
Sa(3,4,39) 2387
Sa(4,2,39) 2388
Sa(5,4,39) 2389
Sa(1,2,40) 2390
Sa(2,5,40) 2391
Sa(3,4,40) 2392
Sa(4,2,40) 2393
Sa(5,4,40) 2394
Sa(1,2,41) 2395
Sa(2,5,41) 2396
Sa(3,4,41) 2397
Sa(4,2,41) 2398
Sa(5,4,41) 2399
Sa(1,2,42) 2400
Sa(2,5,42) 2401
Sa(3,4,42) 2402
Sa(4,2,42) 2403
Sa(5,4,42) 2404
Sa(1,2,43) 2405
Sa(2,5,43) 2406
Sa(3,4,43) 2407
Sa(4,2,43) 2408
Sa(5,4,43) 2409
Sa(1,2,44) 2410
Sa(2,5,44) 2411
Sa(3,4,44) 2412
Sa(4,2,44) 2413
Sa(5,4,44) 2414
Sa(1,2,45) 2415
Sa(2,5,45) 2416
Sa(3,4,45) 2417
Sa(4,2,45) 2418
Sa(5,4,45) 2419
Sa(1,2,46) 2420
Sa(2,5,46) 2421
Sa(3,4,46) 2422
Sa(4,2,46) 2423
Sa(5,4,46) 2424
Sa(1,2,47) 2425
Sa(2,5,47) 2426
Sa(3,4,47) 2427
Sa(4,2,47) 2428
Sa(5,4,47) 2429
Sa(1,2,48) 2430
Sa(2,5,48) 2431
Sa(3,4,48) 2432
Sa(4,2,48) 2433
Sa(5,4,48) 2434
Sa(1,2,49) 2435
Sa(2,5,49) 2436
Sa(3,4,49) 2437
Sa(4,2,49) 2438
Sa(5,4,49) 2439
Sa(1,2,50) 2440
Sa(2,5,50) 2441
Sa(3,4,50) 2442
Sa(4,2,50) 2443
Sa(5,4,50) 2444
Sa(1,2,51) 2445
Sa(2,5,51) 2446
Sa(3,4,51) 2447
Sa(4,2,51) 2448
Sa(5,4,51) 2449
Sa(1,2,52) 2450
Sa(2,5,52) 2451
Sa(3,4,52) 2452
Sa(4,2,52) 2453
Sa(5,4,52) 2454
Sa(1,2,53) 2455
Sa(2,5,53) 2456
Sa(3,4,53) 2457
Sa(4,2,53) 2458
Sa(5,4,53) 2459
Sa(1,2,54) 2460
Sa(2,5,54) 2461
Sa(3,4,54) 2462
Sa(4,2,54) 2463
Sa(5,4,54) 2464
Sa(1,2,55) 2465
Sa(2,5,55) 2466
Sa(3,4,55) 2467
Sa(4,2,55) 2468
Sa(5,4,55) 2469
Sa(1,2,56) 2470
Sa(2,5,56) 2471
Sa(3,4,56) 2472
Sa(4,2,56) 2473
Sa(5,4,56) 2474
Sa(1,0,0) 2475
Eb(1,0,17) 2476
Sa(1,0,1) 2477
Sa(1,0,2) 2478
Sa(1,0,3) 2479
Sa(1,0,4) 2480
Sa(1,0,5) 2481
Eb(1,0,0) 2482
Eb(1,0,1) 2483
Eb(1,0,2) 2484
Eb(1,0,3) 2485
Eb(1,0,4) 2486
Eb(1,0,5) 2487
Eb(1,0,6) 2488
Eb(1,0,7) 2489
Eb(1,0,8) 2490
Eb(1,0,9) 2491
Eb(1,0,10) 2492
Eb(1,0,11) 2493
Eb(1,0,12) 2494
Eb(1,0,13) 2495
Eb(1,0,14) 2496
Eb(1,0,15) 2497
Eb(1,0,16) 2498
Eb(1,0,18) 2499
Eb(1,0,19) 2500
Eb(1,0,20) 2501
Eb(1,0,21) 2502
Eb(1,0,22) 2503
Eb(1,0,23) 2504
Eb(1,0,24) 2505
Eb(1,0,25) 2506
Eb(1,0,26) 2507
Eb(1,0,27) 2508
Eb(1,0,28) 2509
Eb(1,0,29) 2510
Eb(1,0,30) 2511
Eb(1,0,31) 2512
Eb(1,0,32) 2513
Eb(1,0,33) 2514
Eb(1,0,34) 2515
Eb(1,0,35) 2516
Eb(1,0,36) 2517
Eb(1,0,37) 2518
Eb(1,0,38) 2519
Eb(1,0,39) 2520
Eb(1,0,40) 2521
Eb(1,0,41) 2522
Eb(1,0,42) 2523
Eb(1,0,43) 2524
Eb(1,0,44) 2525
Eb(1,0,45) 2526
Eb(1,0,46) 2527
Eb(1,0,47) 2528
Eb(1,0,48) 2529
Eb(1,0,49) 2530
Eb(1,0,50) 2531
Eb(1,0,51) 2532
Eb(1,0,52) 2533
Eb(1,0,53) 2534
Eb(1,0,54) 2535
Eb(1,0,55) 2536
Eb(1,0,56) 2537
Eb(1,1,22) 2538
Sa(1,1,0) 2539
Eb(1,1,0) 2540
Eb(1,1,1) 2541
Eb(1,1,2) 2542
Eb(1,1,3) 2543
Eb(1,1,4) 2544
Eb(1,1,5) 2545
Eb(1,1,6) 2546
Eb(1,1,7) 2547
Eb(1,1,8) 2548
Eb(1,1,9) 2549
Eb(1,1,10) 2550
Eb(1,1,11) 2551
Eb(1,1,12) 2552
Eb(1,1,13) 2553
Eb(1,1,14) 2554
Eb(1,1,15) 2555
Eb(1,1,16) 2556
Eb(1,1,17) 2557
Eb(1,1,18) 2558
Eb(1,1,19) 2559
Eb(1,1,20) 2560
Eb(1,1,21) 2561
Eb(1,1,23) 2562
Eb(1,1,24) 2563
Eb(1,1,25) 2564
Eb(1,1,26) 2565
Eb(1,1,27) 2566
Eb(1,1,28) 2567
Eb(1,1,29) 2568
Eb(1,1,30) 2569
Eb(1,1,31) 2570
Eb(1,1,32) 2571
Eb(1,1,33) 2572
Eb(1,1,34) 2573
Eb(1,1,35) 2574
Eb(1,1,36) 2575
Eb(1,1,37) 2576
Eb(1,1,38) 2577
Eb(1,1,39) 2578
Eb(1,1,40) 2579
Eb(1,1,41) 2580
Eb(1,1,42) 2581
Eb(1,1,43) 2582
Eb(1,1,44) 2583
Eb(1,1,45) 2584
Eb(1,1,46) 2585
Eb(1,1,47) 2586
Eb(1,1,48) 2587
Eb(1,1,49) 2588
Eb(1,1,50) 2589
Eb(1,1,51) 2590
Eb(1,1,52) 2591
Eb(1,1,53) 2592
Eb(1,1,54) 2593
Eb(1,1,55) 2594
Eb(1,1,56) 2595
Sa(1,2,5) 2596
Eb(1,2,32) 2597
Sa(1,2,1) 2598
Sa(1,2,0) 2599
Sa(1,2,2) 2600
Sa(1,2,3) 2601
Sa(1,2,4) 2602
Eb(1,2,0) 2603
Eb(1,2,1) 2604
Eb(1,2,2) 2605
Eb(1,2,3) 2606
Eb(1,2,4) 2607
Eb(1,2,5) 2608
Eb(1,2,6) 2609
Eb(1,2,7) 2610
Eb(1,2,8) 2611
Eb(1,2,9) 2612
Eb(1,2,10) 2613
Eb(1,2,11) 2614
Eb(1,2,12) 2615
Eb(1,2,13) 2616
Eb(1,2,14) 2617
Eb(1,2,15) 2618
Eb(1,2,16) 2619
Eb(1,2,17) 2620
Eb(1,2,18) 2621
Eb(1,2,19) 2622
Eb(1,2,20) 2623
Eb(1,2,21) 2624
Eb(1,2,22) 2625
Eb(1,2,23) 2626
Eb(1,2,24) 2627
Eb(1,2,25) 2628
Eb(1,2,26) 2629
Eb(1,2,27) 2630
Eb(1,2,28) 2631
Eb(1,2,29) 2632
Eb(1,2,30) 2633
Eb(1,2,31) 2634
Eb(1,2,33) 2635
Eb(1,2,34) 2636
Eb(1,2,35) 2637
Eb(1,2,36) 2638
Eb(1,2,37) 2639
Eb(1,2,38) 2640
Eb(1,2,39) 2641
Eb(1,2,40) 2642
Eb(1,2,41) 2643
Eb(1,2,42) 2644
Eb(1,2,43) 2645
Eb(1,2,44) 2646
Eb(1,2,45) 2647
Eb(1,2,46) 2648
Eb(1,2,47) 2649
Eb(1,2,48) 2650
Eb(1,2,49) 2651
Eb(1,2,50) 2652
Eb(1,2,51) 2653
Eb(1,2,52) 2654
Eb(1,2,53) 2655
Eb(1,2,54) 2656
Eb(1,2,55) 2657
Eb(1,2,56) 2658
Eb(1,3,42) 2659
Sa(1,3,1) 2660
Sa(1,3,0) 2661
Sa(1,3,2) 2662
Eb(1,3,0) 2663
Eb(1,3,1) 2664
Eb(1,3,2) 2665
Eb(1,3,3) 2666
Eb(1,3,4) 2667
Eb(1,3,5) 2668
Eb(1,3,6) 2669
Eb(1,3,7) 2670
Eb(1,3,8) 2671
Eb(1,3,9) 2672
Eb(1,3,10) 2673
Eb(1,3,11) 2674
Eb(1,3,12) 2675
Eb(1,3,13) 2676
Eb(1,3,14) 2677
Eb(1,3,15) 2678
Eb(1,3,16) 2679
Eb(1,3,17) 2680
Eb(1,3,18) 2681
Eb(1,3,19) 2682
Eb(1,3,20) 2683
Eb(1,3,21) 2684
Eb(1,3,22) 2685
Eb(1,3,23) 2686
Eb(1,3,24) 2687
Eb(1,3,25) 2688
Eb(1,3,26) 2689
Eb(1,3,27) 2690
Eb(1,3,28) 2691
Eb(1,3,29) 2692
Eb(1,3,30) 2693
Eb(1,3,31) 2694
Eb(1,3,32) 2695
Eb(1,3,33) 2696
Eb(1,3,34) 2697
Eb(1,3,35) 2698
Eb(1,3,36) 2699
Eb(1,3,37) 2700
Eb(1,3,38) 2701
Eb(1,3,39) 2702
Eb(1,3,40) 2703
Eb(1,3,41) 2704
Eb(1,3,43) 2705
Eb(1,3,44) 2706
Eb(1,3,45) 2707
Eb(1,3,46) 2708
Eb(1,3,47) 2709
Eb(1,3,48) 2710
Eb(1,3,49) 2711
Eb(1,3,50) 2712
Eb(1,3,51) 2713
Eb(1,3,52) 2714
Eb(1,3,53) 2715
Eb(1,3,54) 2716
Eb(1,3,55) 2717
Eb(1,3,56) 2718
Eb(1,4,52) 2719
Sa(1,4,1) 2720
Sa(1,4,0) 2721
Sa(1,4,2) 2722
Eb(1,4,0) 2723
Eb(1,4,1) 2724
Eb(1,4,2) 2725
Eb(1,4,3) 2726
Eb(1,4,4) 2727
Eb(1,4,5) 2728
Eb(1,4,6) 2729
Eb(1,4,7) 2730
Eb(1,4,8) 2731
Eb(1,4,9) 2732
Eb(1,4,10) 2733
Eb(1,4,11) 2734
Eb(1,4,12) 2735
Eb(1,4,13) 2736
Eb(1,4,14) 2737
Eb(1,4,15) 2738
Eb(1,4,16) 2739
Eb(1,4,17) 2740
Eb(1,4,18) 2741
Eb(1,4,19) 2742
Eb(1,4,20) 2743
Eb(1,4,21) 2744
Eb(1,4,22) 2745
Eb(1,4,23) 2746
Eb(1,4,24) 2747
Eb(1,4,25) 2748
Eb(1,4,26) 2749
Eb(1,4,27) 2750
Eb(1,4,28) 2751
Eb(1,4,29) 2752
Eb(1,4,30) 2753
Eb(1,4,31) 2754
Eb(1,4,32) 2755
Eb(1,4,33) 2756
Eb(1,4,34) 2757
Eb(1,4,35) 2758
Eb(1,4,36) 2759
Eb(1,4,37) 2760
Eb(1,4,38) 2761
Eb(1,4,39) 2762
Eb(1,4,40) 2763
Eb(1,4,41) 2764
Eb(1,4,42) 2765
Eb(1,4,43) 2766
Eb(1,4,44) 2767
Eb(1,4,45) 2768
Eb(1,4,46) 2769
Eb(1,4,47) 2770
Eb(1,4,48) 2771
Eb(1,4,49) 2772
Eb(1,4,50) 2773
Eb(1,4,51) 2774
Eb(1,4,53) 2775
Eb(1,4,54) 2776
Eb(1,4,55) 2777
Eb(1,4,56) 2778
Eb(1,5,56) 2779
Sa(1,5,1) 2780
Sa(1,5,0) 2781
Sa(1,5,2) 2782
Sa(1,5,3) 2783
Sa(1,5,4) 2784
Sa(1,5,5) 2785
Sa(1,5,6) 2786
Eb(1,5,0) 2787
Eb(1,5,1) 2788
Eb(1,5,2) 2789
Eb(1,5,3) 2790
Eb(1,5,4) 2791
Eb(1,5,5) 2792
Eb(1,5,6) 2793
Eb(1,5,7) 2794
Eb(1,5,8) 2795
Eb(1,5,9) 2796
Eb(1,5,10) 2797
Eb(1,5,11) 2798
Eb(1,5,12) 2799
Eb(1,5,13) 2800
Eb(1,5,14) 2801
Eb(1,5,15) 2802
Eb(1,5,16) 2803
Eb(1,5,17) 2804
Eb(1,5,18) 2805
Eb(1,5,19) 2806
Eb(1,5,20) 2807
Eb(1,5,21) 2808
Eb(1,5,22) 2809
Eb(1,5,23) 2810
Eb(1,5,24) 2811
Eb(1,5,25) 2812
Eb(1,5,26) 2813
Eb(1,5,27) 2814
Eb(1,5,28) 2815
Eb(1,5,29) 2816
Eb(1,5,30) 2817
Eb(1,5,31) 2818
Eb(1,5,32) 2819
Eb(1,5,33) 2820
Eb(1,5,34) 2821
Eb(1,5,35) 2822
Eb(1,5,36) 2823
Eb(1,5,37) 2824
Eb(1,5,38) 2825
Eb(1,5,39) 2826
Eb(1,5,40) 2827
Eb(1,5,41) 2828
Eb(1,5,42) 2829
Eb(1,5,43) 2830
Eb(1,5,44) 2831
Eb(1,5,45) 2832
Eb(1,5,46) 2833
Eb(1,5,47) 2834
Eb(1,5,48) 2835
Eb(1,5,49) 2836
Eb(1,5,50) 2837
Eb(1,5,51) 2838
Eb(1,5,52) 2839
Eb(1,5,53) 2840
Eb(1,5,54) 2841
Eb(1,5,55) 2842
Sa(2,1,4) 2843
Sa(3,3,4) 2844
Sa(4,5,4) 2845
Sa(5,1,4) 2846
Sa(2,1,5) 2847
Sa(3,3,5) 2848
Sa(4,5,5) 2849
Sa(5,1,5) 2850
Sa(2,1,6) 2851
Sa(3,3,6) 2852
Sa(4,5,6) 2853
Sa(5,1,6) 2854
Sa(2,0,0) 2855
Eb(2,0,27) 2856
Eb(2,0,0) 2857
Eb(2,0,1) 2858
Eb(2,0,2) 2859
Eb(2,0,3) 2860
Eb(2,0,4) 2861
Eb(2,0,5) 2862
Eb(2,0,6) 2863
Eb(2,0,7) 2864
Eb(2,0,8) 2865
Eb(2,0,9) 2866
Eb(2,0,10) 2867
Eb(2,0,11) 2868
Eb(2,0,12) 2869
Eb(2,0,13) 2870
Eb(2,0,14) 2871
Eb(2,0,15) 2872
Eb(2,0,16) 2873
Eb(2,0,17) 2874
Eb(2,0,18) 2875
Eb(2,0,19) 2876
Eb(2,0,20) 2877
Eb(2,0,21) 2878
Eb(2,0,22) 2879
Eb(2,0,23) 2880
Eb(2,0,24) 2881
Eb(2,0,25) 2882
Eb(2,0,26) 2883
Eb(2,0,28) 2884
Eb(2,0,29) 2885
Eb(2,0,30) 2886
Eb(2,0,31) 2887
Eb(2,0,32) 2888
Eb(2,0,33) 2889
Eb(2,0,34) 2890
Eb(2,0,35) 2891
Eb(2,0,36) 2892
Eb(2,0,37) 2893
Eb(2,0,38) 2894
Eb(2,0,39) 2895
Eb(2,0,40) 2896
Eb(2,0,41) 2897
Eb(2,0,42) 2898
Eb(2,0,43) 2899
Eb(2,0,44) 2900
Eb(2,0,45) 2901
Eb(2,0,46) 2902
Eb(2,0,47) 2903
Eb(2,0,48) 2904
Eb(2,0,49) 2905
Eb(2,0,50) 2906
Eb(2,0,51) 2907
Eb(2,0,52) 2908
Eb(2,0,53) 2909
Eb(2,0,54) 2910
Eb(2,0,55) 2911
Eb(2,0,56) 2912
Eb(2,1,31) 2913
Sa(2,1,1) 2914
Sa(2,1,0) 2915
Sa(2,1,2) 2916
Sa(2,1,3) 2917
Eb(2,1,0) 2918
Eb(2,1,1) 2919
Eb(2,1,2) 2920
Eb(2,1,3) 2921
Eb(2,1,4) 2922
Eb(2,1,5) 2923
Eb(2,1,6) 2924
Eb(2,1,7) 2925
Eb(2,1,8) 2926
Eb(2,1,9) 2927
Eb(2,1,10) 2928
Eb(2,1,11) 2929
Eb(2,1,12) 2930
Eb(2,1,13) 2931
Eb(2,1,14) 2932
Eb(2,1,15) 2933
Eb(2,1,16) 2934
Eb(2,1,17) 2935
Eb(2,1,18) 2936
Eb(2,1,19) 2937
Eb(2,1,20) 2938
Eb(2,1,21) 2939
Eb(2,1,22) 2940
Eb(2,1,23) 2941
Eb(2,1,24) 2942
Eb(2,1,25) 2943
Eb(2,1,26) 2944
Eb(2,1,27) 2945
Eb(2,1,28) 2946
Eb(2,1,29) 2947
Eb(2,1,30) 2948
Eb(2,1,32) 2949
Eb(2,1,33) 2950
Eb(2,1,34) 2951
Eb(2,1,35) 2952
Eb(2,1,36) 2953
Eb(2,1,37) 2954
Eb(2,1,38) 2955
Eb(2,1,39) 2956
Eb(2,1,40) 2957
Eb(2,1,41) 2958
Eb(2,1,42) 2959
Eb(2,1,43) 2960
Eb(2,1,44) 2961
Eb(2,1,45) 2962
Eb(2,1,46) 2963
Eb(2,1,47) 2964
Eb(2,1,48) 2965
Eb(2,1,49) 2966
Eb(2,1,50) 2967
Eb(2,1,51) 2968
Eb(2,1,52) 2969
Eb(2,1,53) 2970
Eb(2,1,54) 2971
Eb(2,1,55) 2972
Eb(2,1,56) 2973
Eb(2,2,39) 2974
Sa(2,2,1) 2975
Sa(2,2,0) 2976
Sa(2,2,2) 2977
Eb(2,2,0) 2978
Eb(2,2,1) 2979
Eb(2,2,2) 2980
Eb(2,2,3) 2981
Eb(2,2,4) 2982
Eb(2,2,5) 2983
Eb(2,2,6) 2984
Eb(2,2,7) 2985
Eb(2,2,8) 2986
Eb(2,2,9) 2987
Eb(2,2,10) 2988
Eb(2,2,11) 2989
Eb(2,2,12) 2990
Eb(2,2,13) 2991
Eb(2,2,14) 2992
Eb(2,2,15) 2993
Eb(2,2,16) 2994
Eb(2,2,17) 2995
Eb(2,2,18) 2996
Eb(2,2,19) 2997
Eb(2,2,20) 2998
Eb(2,2,21) 2999
Eb(2,2,22) 3000
Eb(2,2,23) 3001
Eb(2,2,24) 3002
Eb(2,2,25) 3003
Eb(2,2,26) 3004
Eb(2,2,27) 3005
Eb(2,2,28) 3006
Eb(2,2,29) 3007
Eb(2,2,30) 3008
Eb(2,2,31) 3009
Eb(2,2,32) 3010
Eb(2,2,33) 3011
Eb(2,2,34) 3012
Eb(2,2,35) 3013
Eb(2,2,36) 3014
Eb(2,2,37) 3015
Eb(2,2,38) 3016
Eb(2,2,40) 3017
Eb(2,2,41) 3018
Eb(2,2,42) 3019
Eb(2,2,43) 3020
Eb(2,2,44) 3021
Eb(2,2,45) 3022
Eb(2,2,46) 3023
Eb(2,2,47) 3024
Eb(2,2,48) 3025
Eb(2,2,49) 3026
Eb(2,2,50) 3027
Eb(2,2,51) 3028
Eb(2,2,52) 3029
Eb(2,2,53) 3030
Eb(2,2,54) 3031
Eb(2,2,55) 3032
Eb(2,2,56) 3033
Eb(2,3,48) 3034
Sa(2,3,1) 3035
Sa(2,3,0) 3036
Sa(2,3,2) 3037
Eb(2,3,0) 3038
Eb(2,3,1) 3039
Eb(2,3,2) 3040
Eb(2,3,3) 3041
Eb(2,3,4) 3042
Eb(2,3,5) 3043
Eb(2,3,6) 3044
Eb(2,3,7) 3045
Eb(2,3,8) 3046
Eb(2,3,9) 3047
Eb(2,3,10) 3048
Eb(2,3,11) 3049
Eb(2,3,12) 3050
Eb(2,3,13) 3051
Eb(2,3,14) 3052
Eb(2,3,15) 3053
Eb(2,3,16) 3054
Eb(2,3,17) 3055
Eb(2,3,18) 3056
Eb(2,3,19) 3057
Eb(2,3,20) 3058
Eb(2,3,21) 3059
Eb(2,3,22) 3060
Eb(2,3,23) 3061
Eb(2,3,24) 3062
Eb(2,3,25) 3063
Eb(2,3,26) 3064
Eb(2,3,27) 3065
Eb(2,3,28) 3066
Eb(2,3,29) 3067
Eb(2,3,30) 3068
Eb(2,3,31) 3069
Eb(2,3,32) 3070
Eb(2,3,33) 3071
Eb(2,3,34) 3072
Eb(2,3,35) 3073
Eb(2,3,36) 3074
Eb(2,3,37) 3075
Eb(2,3,38) 3076
Eb(2,3,39) 3077
Eb(2,3,40) 3078
Eb(2,3,41) 3079
Eb(2,3,42) 3080
Eb(2,3,43) 3081
Eb(2,3,44) 3082
Eb(2,3,45) 3083
Eb(2,3,46) 3084
Eb(2,3,47) 3085
Eb(2,3,49) 3086
Eb(2,3,50) 3087
Eb(2,3,51) 3088
Eb(2,3,52) 3089
Eb(2,3,53) 3090
Eb(2,3,54) 3091
Eb(2,3,55) 3092
Eb(2,3,56) 3093
Eb(2,4,49) 3094
Sa(2,4,1) 3095
Sa(2,4,0) 3096
Sa(2,4,2) 3097
Sa(2,4,3) 3098
Sa(2,4,4) 3099
Sa(2,4,5) 3100
Eb(2,4,0) 3101
Eb(2,4,1) 3102
Eb(2,4,2) 3103
Eb(2,4,3) 3104
Eb(2,4,4) 3105
Eb(2,4,5) 3106
Eb(2,4,6) 3107
Eb(2,4,7) 3108
Eb(2,4,8) 3109
Eb(2,4,9) 3110
Eb(2,4,10) 3111
Eb(2,4,11) 3112
Eb(2,4,12) 3113
Eb(2,4,13) 3114
Eb(2,4,14) 3115
Eb(2,4,15) 3116
Eb(2,4,16) 3117
Eb(2,4,17) 3118
Eb(2,4,18) 3119
Eb(2,4,19) 3120
Eb(2,4,20) 3121
Eb(2,4,21) 3122
Eb(2,4,22) 3123
Eb(2,4,23) 3124
Eb(2,4,24) 3125
Eb(2,4,25) 3126
Eb(2,4,26) 3127
Eb(2,4,27) 3128
Eb(2,4,28) 3129
Eb(2,4,29) 3130
Eb(2,4,30) 3131
Eb(2,4,31) 3132
Eb(2,4,32) 3133
Eb(2,4,33) 3134
Eb(2,4,34) 3135
Eb(2,4,35) 3136
Eb(2,4,36) 3137
Eb(2,4,37) 3138
Eb(2,4,38) 3139
Eb(2,4,39) 3140
Eb(2,4,40) 3141
Eb(2,4,41) 3142
Eb(2,4,42) 3143
Eb(2,4,43) 3144
Eb(2,4,44) 3145
Eb(2,4,45) 3146
Eb(2,4,46) 3147
Eb(2,4,47) 3148
Eb(2,4,48) 3149
Eb(2,4,50) 3150
Eb(2,4,51) 3151
Eb(2,4,52) 3152
Eb(2,4,53) 3153
Eb(2,4,54) 3154
Eb(2,4,55) 3155
Eb(2,4,56) 3156
Sa(2,5,1) 3157
Sa(3,0,1) 3158
Sa(4,1,1) 3159
Sa(5,0,1) 3160
Sa(2,5,2) 3161
Sa(3,0,2) 3162
Sa(4,1,2) 3163
Sa(5,0,2) 3164
Sa(2,5,3) 3165
Sa(3,0,3) 3166
Sa(4,1,3) 3167
Sa(5,0,3) 3168
Sa(2,5,4) 3169
Sa(3,0,4) 3170
Sa(4,1,4) 3171
Sa(5,0,4) 3172
Sa(2,5,5) 3173
Sa(3,0,5) 3174
Sa(4,1,5) 3175
Sa(5,0,5) 3176
Eb(2,5,56) 3177
Sa(2,5,0) 3178
Eb(2,5,0) 3179
Eb(2,5,1) 3180
Eb(2,5,2) 3181
Eb(2,5,3) 3182
Eb(2,5,4) 3183
Eb(2,5,5) 3184
Eb(2,5,6) 3185
Eb(2,5,7) 3186
Eb(2,5,8) 3187
Eb(2,5,9) 3188
Eb(2,5,10) 3189
Eb(2,5,11) 3190
Eb(2,5,12) 3191
Eb(2,5,13) 3192
Eb(2,5,14) 3193
Eb(2,5,15) 3194
Eb(2,5,16) 3195
Eb(2,5,17) 3196
Eb(2,5,18) 3197
Eb(2,5,19) 3198
Eb(2,5,20) 3199
Eb(2,5,21) 3200
Eb(2,5,22) 3201
Eb(2,5,23) 3202
Eb(2,5,24) 3203
Eb(2,5,25) 3204
Eb(2,5,26) 3205
Eb(2,5,27) 3206
Eb(2,5,28) 3207
Eb(2,5,29) 3208
Eb(2,5,30) 3209
Eb(2,5,31) 3210
Eb(2,5,32) 3211
Eb(2,5,33) 3212
Eb(2,5,34) 3213
Eb(2,5,35) 3214
Eb(2,5,36) 3215
Eb(2,5,37) 3216
Eb(2,5,38) 3217
Eb(2,5,39) 3218
Eb(2,5,40) 3219
Eb(2,5,41) 3220
Eb(2,5,42) 3221
Eb(2,5,43) 3222
Eb(2,5,44) 3223
Eb(2,5,45) 3224
Eb(2,5,46) 3225
Eb(2,5,47) 3226
Eb(2,5,48) 3227
Eb(2,5,49) 3228
Eb(2,5,50) 3229
Eb(2,5,51) 3230
Eb(2,5,52) 3231
Eb(2,5,53) 3232
Eb(2,5,54) 3233
Eb(2,5,55) 3234
Sa(3,0,0) 3235
Eb(3,0,26) 3236
Eb(3,0,0) 3237
Eb(3,0,1) 3238
Eb(3,0,2) 3239
Eb(3,0,3) 3240
Eb(3,0,4) 3241
Eb(3,0,5) 3242
Eb(3,0,6) 3243
Eb(3,0,7) 3244
Eb(3,0,8) 3245
Eb(3,0,9) 3246
Eb(3,0,10) 3247
Eb(3,0,11) 3248
Eb(3,0,12) 3249
Eb(3,0,13) 3250
Eb(3,0,14) 3251
Eb(3,0,15) 3252
Eb(3,0,16) 3253
Eb(3,0,17) 3254
Eb(3,0,18) 3255
Eb(3,0,19) 3256
Eb(3,0,20) 3257
Eb(3,0,21) 3258
Eb(3,0,22) 3259
Eb(3,0,23) 3260
Eb(3,0,24) 3261
Eb(3,0,25) 3262
Eb(3,0,27) 3263
Eb(3,0,28) 3264
Eb(3,0,29) 3265
Eb(3,0,30) 3266
Eb(3,0,31) 3267
Eb(3,0,32) 3268
Eb(3,0,33) 3269
Eb(3,0,34) 3270
Eb(3,0,35) 3271
Eb(3,0,36) 3272
Eb(3,0,37) 3273
Eb(3,0,38) 3274
Eb(3,0,39) 3275
Eb(3,0,40) 3276
Eb(3,0,41) 3277
Eb(3,0,42) 3278
Eb(3,0,43) 3279
Eb(3,0,44) 3280
Eb(3,0,45) 3281
Eb(3,0,46) 3282
Eb(3,0,47) 3283
Eb(3,0,48) 3284
Eb(3,0,49) 3285
Eb(3,0,50) 3286
Eb(3,0,51) 3287
Eb(3,0,52) 3288
Eb(3,0,53) 3289
Eb(3,0,54) 3290
Eb(3,0,55) 3291
Eb(3,0,56) 3292
Eb(3,1,31) 3293
Sa(3,1,1) 3294
Sa(3,1,0) 3295
Sa(3,1,2) 3296
Eb(3,1,0) 3297
Eb(3,1,1) 3298
Eb(3,1,2) 3299
Eb(3,1,3) 3300
Eb(3,1,4) 3301
Eb(3,1,5) 3302
Eb(3,1,6) 3303
Eb(3,1,7) 3304
Eb(3,1,8) 3305
Eb(3,1,9) 3306
Eb(3,1,10) 3307
Eb(3,1,11) 3308
Eb(3,1,12) 3309
Eb(3,1,13) 3310
Eb(3,1,14) 3311
Eb(3,1,15) 3312
Eb(3,1,16) 3313
Eb(3,1,17) 3314
Eb(3,1,18) 3315
Eb(3,1,19) 3316
Eb(3,1,20) 3317
Eb(3,1,21) 3318
Eb(3,1,22) 3319
Eb(3,1,23) 3320
Eb(3,1,24) 3321
Eb(3,1,25) 3322
Eb(3,1,26) 3323
Eb(3,1,27) 3324
Eb(3,1,28) 3325
Eb(3,1,29) 3326
Eb(3,1,30) 3327
Eb(3,1,32) 3328
Eb(3,1,33) 3329
Eb(3,1,34) 3330
Eb(3,1,35) 3331
Eb(3,1,36) 3332
Eb(3,1,37) 3333
Eb(3,1,38) 3334
Eb(3,1,39) 3335
Eb(3,1,40) 3336
Eb(3,1,41) 3337
Eb(3,1,42) 3338
Eb(3,1,43) 3339
Eb(3,1,44) 3340
Eb(3,1,45) 3341
Eb(3,1,46) 3342
Eb(3,1,47) 3343
Eb(3,1,48) 3344
Eb(3,1,49) 3345
Eb(3,1,50) 3346
Eb(3,1,51) 3347
Eb(3,1,52) 3348
Eb(3,1,53) 3349
Eb(3,1,54) 3350
Eb(3,1,55) 3351
Eb(3,1,56) 3352
Eb(3,2,36) 3353
Sa(3,2,0) 3354
Eb(3,2,0) 3355
Eb(3,2,1) 3356
Eb(3,2,2) 3357
Eb(3,2,3) 3358
Eb(3,2,4) 3359
Eb(3,2,5) 3360
Eb(3,2,6) 3361
Eb(3,2,7) 3362
Eb(3,2,8) 3363
Eb(3,2,9) 3364
Eb(3,2,10) 3365
Eb(3,2,11) 3366
Eb(3,2,12) 3367
Eb(3,2,13) 3368
Eb(3,2,14) 3369
Eb(3,2,15) 3370
Eb(3,2,16) 3371
Eb(3,2,17) 3372
Eb(3,2,18) 3373
Eb(3,2,19) 3374
Eb(3,2,20) 3375
Eb(3,2,21) 3376
Eb(3,2,22) 3377
Eb(3,2,23) 3378
Eb(3,2,24) 3379
Eb(3,2,25) 3380
Eb(3,2,26) 3381
Eb(3,2,27) 3382
Eb(3,2,28) 3383
Eb(3,2,29) 3384
Eb(3,2,30) 3385
Eb(3,2,31) 3386
Eb(3,2,32) 3387
Eb(3,2,33) 3388
Eb(3,2,34) 3389
Eb(3,2,35) 3390
Eb(3,2,37) 3391
Eb(3,2,38) 3392
Eb(3,2,39) 3393
Eb(3,2,40) 3394
Eb(3,2,41) 3395
Eb(3,2,42) 3396
Eb(3,2,43) 3397
Eb(3,2,44) 3398
Eb(3,2,45) 3399
Eb(3,2,46) 3400
Eb(3,2,47) 3401
Eb(3,2,48) 3402
Eb(3,2,49) 3403
Eb(3,2,50) 3404
Eb(3,2,51) 3405
Eb(3,2,52) 3406
Eb(3,2,53) 3407
Eb(3,2,54) 3408
Eb(3,2,55) 3409
Eb(3,2,56) 3410
Eb(3,3,39) 3411
Sa(3,3,1) 3412
Sa(3,3,0) 3413
Sa(3,3,2) 3414
Sa(3,3,3) 3415
Eb(3,3,0) 3416
Eb(3,3,1) 3417
Eb(3,3,2) 3418
Eb(3,3,3) 3419
Eb(3,3,4) 3420
Eb(3,3,5) 3421
Eb(3,3,6) 3422
Eb(3,3,7) 3423
Eb(3,3,8) 3424
Eb(3,3,9) 3425
Eb(3,3,10) 3426
Eb(3,3,11) 3427
Eb(3,3,12) 3428
Eb(3,3,13) 3429
Eb(3,3,14) 3430
Eb(3,3,15) 3431
Eb(3,3,16) 3432
Eb(3,3,17) 3433
Eb(3,3,18) 3434
Eb(3,3,19) 3435
Eb(3,3,20) 3436
Eb(3,3,21) 3437
Eb(3,3,22) 3438
Eb(3,3,23) 3439
Eb(3,3,24) 3440
Eb(3,3,25) 3441
Eb(3,3,26) 3442
Eb(3,3,27) 3443
Eb(3,3,28) 3444
Eb(3,3,29) 3445
Eb(3,3,30) 3446
Eb(3,3,31) 3447
Eb(3,3,32) 3448
Eb(3,3,33) 3449
Eb(3,3,34) 3450
Eb(3,3,35) 3451
Eb(3,3,36) 3452
Eb(3,3,37) 3453
Eb(3,3,38) 3454
Eb(3,3,40) 3455
Eb(3,3,41) 3456
Eb(3,3,42) 3457
Eb(3,3,43) 3458
Eb(3,3,44) 3459
Eb(3,3,45) 3460
Eb(3,3,46) 3461
Eb(3,3,47) 3462
Eb(3,3,48) 3463
Eb(3,3,49) 3464
Eb(3,3,50) 3465
Eb(3,3,51) 3466
Eb(3,3,52) 3467
Eb(3,3,53) 3468
Eb(3,3,54) 3469
Eb(3,3,55) 3470
Eb(3,3,56) 3471
Sa(3,4,3) 3472
Sa(4,5,3) 3473
Sa(5,1,3) 3474
Sa(3,4,4) 3475
Sa(3,4,5) 3476
Eb(3,4,47) 3477
Sa(3,4,1) 3478
Sa(3,4,0) 3479
Sa(3,4,2) 3480
Eb(3,4,0) 3481
Eb(3,4,1) 3482
Eb(3,4,2) 3483
Eb(3,4,3) 3484
Eb(3,4,4) 3485
Eb(3,4,5) 3486
Eb(3,4,6) 3487
Eb(3,4,7) 3488
Eb(3,4,8) 3489
Eb(3,4,9) 3490
Eb(3,4,10) 3491
Eb(3,4,11) 3492
Eb(3,4,12) 3493
Eb(3,4,13) 3494
Eb(3,4,14) 3495
Eb(3,4,15) 3496
Eb(3,4,16) 3497
Eb(3,4,17) 3498
Eb(3,4,18) 3499
Eb(3,4,19) 3500
Eb(3,4,20) 3501
Eb(3,4,21) 3502
Eb(3,4,22) 3503
Eb(3,4,23) 3504
Eb(3,4,24) 3505
Eb(3,4,25) 3506
Eb(3,4,26) 3507
Eb(3,4,27) 3508
Eb(3,4,28) 3509
Eb(3,4,29) 3510
Eb(3,4,30) 3511
Eb(3,4,31) 3512
Eb(3,4,32) 3513
Eb(3,4,33) 3514
Eb(3,4,34) 3515
Eb(3,4,35) 3516
Eb(3,4,36) 3517
Eb(3,4,37) 3518
Eb(3,4,38) 3519
Eb(3,4,39) 3520
Eb(3,4,40) 3521
Eb(3,4,41) 3522
Eb(3,4,42) 3523
Eb(3,4,43) 3524
Eb(3,4,44) 3525
Eb(3,4,45) 3526
Eb(3,4,46) 3527
Eb(3,4,48) 3528
Eb(3,4,49) 3529
Eb(3,4,50) 3530
Eb(3,4,51) 3531
Eb(3,4,52) 3532
Eb(3,4,53) 3533
Eb(3,4,54) 3534
Eb(3,4,55) 3535
Eb(3,4,56) 3536
Eb(3,5,56) 3537
Sa(3,5,1) 3538
Sa(3,5,0) 3539
Sa(3,5,2) 3540
Eb(3,5,0) 3541
Eb(3,5,1) 3542
Eb(3,5,2) 3543
Eb(3,5,3) 3544
Eb(3,5,4) 3545
Eb(3,5,5) 3546
Eb(3,5,6) 3547
Eb(3,5,7) 3548
Eb(3,5,8) 3549
Eb(3,5,9) 3550
Eb(3,5,10) 3551
Eb(3,5,11) 3552
Eb(3,5,12) 3553
Eb(3,5,13) 3554
Eb(3,5,14) 3555
Eb(3,5,15) 3556
Eb(3,5,16) 3557
Eb(3,5,17) 3558
Eb(3,5,18) 3559
Eb(3,5,19) 3560
Eb(3,5,20) 3561
Eb(3,5,21) 3562
Eb(3,5,22) 3563
Eb(3,5,23) 3564
Eb(3,5,24) 3565
Eb(3,5,25) 3566
Eb(3,5,26) 3567
Eb(3,5,27) 3568
Eb(3,5,28) 3569
Eb(3,5,29) 3570
Eb(3,5,30) 3571
Eb(3,5,31) 3572
Eb(3,5,32) 3573
Eb(3,5,33) 3574
Eb(3,5,34) 3575
Eb(3,5,35) 3576
Eb(3,5,36) 3577
Eb(3,5,37) 3578
Eb(3,5,38) 3579
Eb(3,5,39) 3580
Eb(3,5,40) 3581
Eb(3,5,41) 3582
Eb(3,5,42) 3583
Eb(3,5,43) 3584
Eb(3,5,44) 3585
Eb(3,5,45) 3586
Eb(3,5,46) 3587
Eb(3,5,47) 3588
Eb(3,5,48) 3589
Eb(3,5,49) 3590
Eb(3,5,50) 3591
Eb(3,5,51) 3592
Eb(3,5,52) 3593
Eb(3,5,53) 3594
Eb(3,5,54) 3595
Eb(3,5,55) 3596
Sa(4,0,0) 3597
Eb(4,0,40) 3598
Eb(4,0,0) 3599
Eb(4,0,1) 3600
Eb(4,0,2) 3601
Eb(4,0,3) 3602
Eb(4,0,4) 3603
Eb(4,0,5) 3604
Eb(4,0,6) 3605
Eb(4,0,7) 3606
Eb(4,0,8) 3607
Eb(4,0,9) 3608
Eb(4,0,10) 3609
Eb(4,0,11) 3610
Eb(4,0,12) 3611
Eb(4,0,13) 3612
Eb(4,0,14) 3613
Eb(4,0,15) 3614
Eb(4,0,16) 3615
Eb(4,0,17) 3616
Eb(4,0,18) 3617
Eb(4,0,19) 3618
Eb(4,0,20) 3619
Eb(4,0,21) 3620
Eb(4,0,22) 3621
Eb(4,0,23) 3622
Eb(4,0,24) 3623
Eb(4,0,25) 3624
Eb(4,0,26) 3625
Eb(4,0,27) 3626
Eb(4,0,28) 3627
Eb(4,0,29) 3628
Eb(4,0,30) 3629
Eb(4,0,31) 3630
Eb(4,0,32) 3631
Eb(4,0,33) 3632
Eb(4,0,34) 3633
Eb(4,0,35) 3634
Eb(4,0,36) 3635
Eb(4,0,37) 3636
Eb(4,0,38) 3637
Eb(4,0,39) 3638
Eb(4,0,41) 3639
Eb(4,0,42) 3640
Eb(4,0,43) 3641
Eb(4,0,44) 3642
Eb(4,0,45) 3643
Eb(4,0,46) 3644
Eb(4,0,47) 3645
Eb(4,0,48) 3646
Eb(4,0,49) 3647
Eb(4,0,50) 3648
Eb(4,0,51) 3649
Eb(4,0,52) 3650
Eb(4,0,53) 3651
Eb(4,0,54) 3652
Eb(4,0,55) 3653
Eb(4,0,56) 3654
Eb(4,1,43) 3655
Sa(4,1,0) 3656
Eb(4,1,0) 3657
Eb(4,1,1) 3658
Eb(4,1,2) 3659
Eb(4,1,3) 3660
Eb(4,1,4) 3661
Eb(4,1,5) 3662
Eb(4,1,6) 3663
Eb(4,1,7) 3664
Eb(4,1,8) 3665
Eb(4,1,9) 3666
Eb(4,1,10) 3667
Eb(4,1,11) 3668
Eb(4,1,12) 3669
Eb(4,1,13) 3670
Eb(4,1,14) 3671
Eb(4,1,15) 3672
Eb(4,1,16) 3673
Eb(4,1,17) 3674
Eb(4,1,18) 3675
Eb(4,1,19) 3676
Eb(4,1,20) 3677
Eb(4,1,21) 3678
Eb(4,1,22) 3679
Eb(4,1,23) 3680
Eb(4,1,24) 3681
Eb(4,1,25) 3682
Eb(4,1,26) 3683
Eb(4,1,27) 3684
Eb(4,1,28) 3685
Eb(4,1,29) 3686
Eb(4,1,30) 3687
Eb(4,1,31) 3688
Eb(4,1,32) 3689
Eb(4,1,33) 3690
Eb(4,1,34) 3691
Eb(4,1,35) 3692
Eb(4,1,36) 3693
Eb(4,1,37) 3694
Eb(4,1,38) 3695
Eb(4,1,39) 3696
Eb(4,1,40) 3697
Eb(4,1,41) 3698
Eb(4,1,42) 3699
Eb(4,1,44) 3700
Eb(4,1,45) 3701
Eb(4,1,46) 3702
Eb(4,1,47) 3703
Eb(4,1,48) 3704
Eb(4,1,49) 3705
Eb(4,1,50) 3706
Eb(4,1,51) 3707
Eb(4,1,52) 3708
Eb(4,1,53) 3709
Eb(4,1,54) 3710
Eb(4,1,55) 3711
Eb(4,1,56) 3712
Sa(4,2,3) 3713
Sa(4,2,4) 3714
Sa(4,2,5) 3715
Eb(4,2,48) 3716
Sa(4,2,1) 3717
Sa(4,2,0) 3718
Sa(4,2,2) 3719
Eb(4,2,0) 3720
Eb(4,2,1) 3721
Eb(4,2,2) 3722
Eb(4,2,3) 3723
Eb(4,2,4) 3724
Eb(4,2,5) 3725
Eb(4,2,6) 3726
Eb(4,2,7) 3727
Eb(4,2,8) 3728
Eb(4,2,9) 3729
Eb(4,2,10) 3730
Eb(4,2,11) 3731
Eb(4,2,12) 3732
Eb(4,2,13) 3733
Eb(4,2,14) 3734
Eb(4,2,15) 3735
Eb(4,2,16) 3736
Eb(4,2,17) 3737
Eb(4,2,18) 3738
Eb(4,2,19) 3739
Eb(4,2,20) 3740
Eb(4,2,21) 3741
Eb(4,2,22) 3742
Eb(4,2,23) 3743
Eb(4,2,24) 3744
Eb(4,2,25) 3745
Eb(4,2,26) 3746
Eb(4,2,27) 3747
Eb(4,2,28) 3748
Eb(4,2,29) 3749
Eb(4,2,30) 3750
Eb(4,2,31) 3751
Eb(4,2,32) 3752
Eb(4,2,33) 3753
Eb(4,2,34) 3754
Eb(4,2,35) 3755
Eb(4,2,36) 3756
Eb(4,2,37) 3757
Eb(4,2,38) 3758
Eb(4,2,39) 3759
Eb(4,2,40) 3760
Eb(4,2,41) 3761
Eb(4,2,42) 3762
Eb(4,2,43) 3763
Eb(4,2,44) 3764
Eb(4,2,45) 3765
Eb(4,2,46) 3766
Eb(4,2,47) 3767
Eb(4,2,49) 3768
Eb(4,2,50) 3769
Eb(4,2,51) 3770
Eb(4,2,52) 3771
Eb(4,2,53) 3772
Eb(4,2,54) 3773
Eb(4,2,55) 3774
Eb(4,2,56) 3775
Sa(5,4,5) 3776
Eb(4,3,52) 3777
Sa(4,3,1) 3778
Sa(4,3,0) 3779
Sa(4,3,2) 3780
Eb(4,3,0) 3781
Eb(4,3,1) 3782
Eb(4,3,2) 3783
Eb(4,3,3) 3784
Eb(4,3,4) 3785
Eb(4,3,5) 3786
Eb(4,3,6) 3787
Eb(4,3,7) 3788
Eb(4,3,8) 3789
Eb(4,3,9) 3790
Eb(4,3,10) 3791
Eb(4,3,11) 3792
Eb(4,3,12) 3793
Eb(4,3,13) 3794
Eb(4,3,14) 3795
Eb(4,3,15) 3796
Eb(4,3,16) 3797
Eb(4,3,17) 3798
Eb(4,3,18) 3799
Eb(4,3,19) 3800
Eb(4,3,20) 3801
Eb(4,3,21) 3802
Eb(4,3,22) 3803
Eb(4,3,23) 3804
Eb(4,3,24) 3805
Eb(4,3,25) 3806
Eb(4,3,26) 3807
Eb(4,3,27) 3808
Eb(4,3,28) 3809
Eb(4,3,29) 3810
Eb(4,3,30) 3811
Eb(4,3,31) 3812
Eb(4,3,32) 3813
Eb(4,3,33) 3814
Eb(4,3,34) 3815
Eb(4,3,35) 3816
Eb(4,3,36) 3817
Eb(4,3,37) 3818
Eb(4,3,38) 3819
Eb(4,3,39) 3820
Eb(4,3,40) 3821
Eb(4,3,41) 3822
Eb(4,3,42) 3823
Eb(4,3,43) 3824
Eb(4,3,44) 3825
Eb(4,3,45) 3826
Eb(4,3,46) 3827
Eb(4,3,47) 3828
Eb(4,3,48) 3829
Eb(4,3,49) 3830
Eb(4,3,50) 3831
Eb(4,3,51) 3832
Eb(4,3,53) 3833
Eb(4,3,54) 3834
Eb(4,3,55) 3835
Eb(4,3,56) 3836
Eb(4,4,55) 3837
Sa(4,4,1) 3838
Sa(4,4,0) 3839
Sa(4,4,2) 3840
Eb(4,4,0) 3841
Eb(4,4,1) 3842
Eb(4,4,2) 3843
Eb(4,4,3) 3844
Eb(4,4,4) 3845
Eb(4,4,5) 3846
Eb(4,4,6) 3847
Eb(4,4,7) 3848
Eb(4,4,8) 3849
Eb(4,4,9) 3850
Eb(4,4,10) 3851
Eb(4,4,11) 3852
Eb(4,4,12) 3853
Eb(4,4,13) 3854
Eb(4,4,14) 3855
Eb(4,4,15) 3856
Eb(4,4,16) 3857
Eb(4,4,17) 3858
Eb(4,4,18) 3859
Eb(4,4,19) 3860
Eb(4,4,20) 3861
Eb(4,4,21) 3862
Eb(4,4,22) 3863
Eb(4,4,23) 3864
Eb(4,4,24) 3865
Eb(4,4,25) 3866
Eb(4,4,26) 3867
Eb(4,4,27) 3868
Eb(4,4,28) 3869
Eb(4,4,29) 3870
Eb(4,4,30) 3871
Eb(4,4,31) 3872
Eb(4,4,32) 3873
Eb(4,4,33) 3874
Eb(4,4,34) 3875
Eb(4,4,35) 3876
Eb(4,4,36) 3877
Eb(4,4,37) 3878
Eb(4,4,38) 3879
Eb(4,4,39) 3880
Eb(4,4,40) 3881
Eb(4,4,41) 3882
Eb(4,4,42) 3883
Eb(4,4,43) 3884
Eb(4,4,44) 3885
Eb(4,4,45) 3886
Eb(4,4,46) 3887
Eb(4,4,47) 3888
Eb(4,4,48) 3889
Eb(4,4,49) 3890
Eb(4,4,50) 3891
Eb(4,4,51) 3892
Eb(4,4,52) 3893
Eb(4,4,53) 3894
Eb(4,4,54) 3895
Eb(4,4,56) 3896
Eb(4,5,56) 3897
Sa(4,5,1) 3898
Sa(4,5,0) 3899
Sa(4,5,2) 3900
Eb(4,5,0) 3901
Eb(4,5,1) 3902
Eb(4,5,2) 3903
Eb(4,5,3) 3904
Eb(4,5,4) 3905
Eb(4,5,5) 3906
Eb(4,5,6) 3907
Eb(4,5,7) 3908
Eb(4,5,8) 3909
Eb(4,5,9) 3910
Eb(4,5,10) 3911
Eb(4,5,11) 3912
Eb(4,5,12) 3913
Eb(4,5,13) 3914
Eb(4,5,14) 3915
Eb(4,5,15) 3916
Eb(4,5,16) 3917
Eb(4,5,17) 3918
Eb(4,5,18) 3919
Eb(4,5,19) 3920
Eb(4,5,20) 3921
Eb(4,5,21) 3922
Eb(4,5,22) 3923
Eb(4,5,23) 3924
Eb(4,5,24) 3925
Eb(4,5,25) 3926
Eb(4,5,26) 3927
Eb(4,5,27) 3928
Eb(4,5,28) 3929
Eb(4,5,29) 3930
Eb(4,5,30) 3931
Eb(4,5,31) 3932
Eb(4,5,32) 3933
Eb(4,5,33) 3934
Eb(4,5,34) 3935
Eb(4,5,35) 3936
Eb(4,5,36) 3937
Eb(4,5,37) 3938
Eb(4,5,38) 3939
Eb(4,5,39) 3940
Eb(4,5,40) 3941
Eb(4,5,41) 3942
Eb(4,5,42) 3943
Eb(4,5,43) 3944
Eb(4,5,44) 3945
Eb(4,5,45) 3946
Eb(4,5,46) 3947
Eb(4,5,47) 3948
Eb(4,5,48) 3949
Eb(4,5,49) 3950
Eb(4,5,50) 3951
Eb(4,5,51) 3952
Eb(4,5,52) 3953
Eb(4,5,53) 3954
Eb(4,5,54) 3955
Eb(4,5,55) 3956
Sa(5,1,1) 3957
Sa(5,1,2) 3958
Sa(5,0,0) 3959
Eb(5,0,29) 3960
Eb(5,0,0) 3961
Eb(5,0,1) 3962
Eb(5,0,2) 3963
Eb(5,0,3) 3964
Eb(5,0,4) 3965
Eb(5,0,5) 3966
Eb(5,0,6) 3967
Eb(5,0,7) 3968
Eb(5,0,8) 3969
Eb(5,0,9) 3970
Eb(5,0,10) 3971
Eb(5,0,11) 3972
Eb(5,0,12) 3973
Eb(5,0,13) 3974
Eb(5,0,14) 3975
Eb(5,0,15) 3976
Eb(5,0,16) 3977
Eb(5,0,17) 3978
Eb(5,0,18) 3979
Eb(5,0,19) 3980
Eb(5,0,20) 3981
Eb(5,0,21) 3982
Eb(5,0,22) 3983
Eb(5,0,23) 3984
Eb(5,0,24) 3985
Eb(5,0,25) 3986
Eb(5,0,26) 3987
Eb(5,0,27) 3988
Eb(5,0,28) 3989
Eb(5,0,30) 3990
Eb(5,0,31) 3991
Eb(5,0,32) 3992
Eb(5,0,33) 3993
Eb(5,0,34) 3994
Eb(5,0,35) 3995
Eb(5,0,36) 3996
Eb(5,0,37) 3997
Eb(5,0,38) 3998
Eb(5,0,39) 3999
Eb(5,0,40) 4000
Eb(5,0,41) 4001
Eb(5,0,42) 4002
Eb(5,0,43) 4003
Eb(5,0,44) 4004
Eb(5,0,45) 4005
Eb(5,0,46) 4006
Eb(5,0,47) 4007
Eb(5,0,48) 4008
Eb(5,0,49) 4009
Eb(5,0,50) 4010
Eb(5,0,51) 4011
Eb(5,0,52) 4012
Eb(5,0,53) 4013
Eb(5,0,54) 4014
Eb(5,0,55) 4015
Eb(5,0,56) 4016
Eb(5,1,32) 4017
Sa(5,1,0) 4018
Eb(5,1,0) 4019
Eb(5,1,1) 4020
Eb(5,1,2) 4021
Eb(5,1,3) 4022
Eb(5,1,4) 4023
Eb(5,1,5) 4024
Eb(5,1,6) 4025
Eb(5,1,7) 4026
Eb(5,1,8) 4027
Eb(5,1,9) 4028
Eb(5,1,10) 4029
Eb(5,1,11) 4030
Eb(5,1,12) 4031
Eb(5,1,13) 4032
Eb(5,1,14) 4033
Eb(5,1,15) 4034
Eb(5,1,16) 4035
Eb(5,1,17) 4036
Eb(5,1,18) 4037
Eb(5,1,19) 4038
Eb(5,1,20) 4039
Eb(5,1,21) 4040
Eb(5,1,22) 4041
Eb(5,1,23) 4042
Eb(5,1,24) 4043
Eb(5,1,25) 4044
Eb(5,1,26) 4045
Eb(5,1,27) 4046
Eb(5,1,28) 4047
Eb(5,1,29) 4048
Eb(5,1,30) 4049
Eb(5,1,31) 4050
Eb(5,1,33) 4051
Eb(5,1,34) 4052
Eb(5,1,35) 4053
Eb(5,1,36) 4054
Eb(5,1,37) 4055
Eb(5,1,38) 4056
Eb(5,1,39) 4057
Eb(5,1,40) 4058
Eb(5,1,41) 4059
Eb(5,1,42) 4060
Eb(5,1,43) 4061
Eb(5,1,44) 4062
Eb(5,1,45) 4063
Eb(5,1,46) 4064
Eb(5,1,47) 4065
Eb(5,1,48) 4066
Eb(5,1,49) 4067
Eb(5,1,50) 4068
Eb(5,1,51) 4069
Eb(5,1,52) 4070
Eb(5,1,53) 4071
Eb(5,1,54) 4072
Eb(5,1,55) 4073
Eb(5,1,56) 4074
Eb(5,2,41) 4075
Sa(5,2,1) 4076
Sa(5,2,0) 4077
Sa(5,2,2) 4078
Eb(5,2,0) 4079
Eb(5,2,1) 4080
Eb(5,2,2) 4081
Eb(5,2,3) 4082
Eb(5,2,4) 4083
Eb(5,2,5) 4084
Eb(5,2,6) 4085
Eb(5,2,7) 4086
Eb(5,2,8) 4087
Eb(5,2,9) 4088
Eb(5,2,10) 4089
Eb(5,2,11) 4090
Eb(5,2,12) 4091
Eb(5,2,13) 4092
Eb(5,2,14) 4093
Eb(5,2,15) 4094
Eb(5,2,16) 4095
Eb(5,2,17) 4096
Eb(5,2,18) 4097
Eb(5,2,19) 4098
Eb(5,2,20) 4099
Eb(5,2,21) 4100
Eb(5,2,22) 4101
Eb(5,2,23) 4102
Eb(5,2,24) 4103
Eb(5,2,25) 4104
Eb(5,2,26) 4105
Eb(5,2,27) 4106
Eb(5,2,28) 4107
Eb(5,2,29) 4108
Eb(5,2,30) 4109
Eb(5,2,31) 4110
Eb(5,2,32) 4111
Eb(5,2,33) 4112
Eb(5,2,34) 4113
Eb(5,2,35) 4114
Eb(5,2,36) 4115
Eb(5,2,37) 4116
Eb(5,2,38) 4117
Eb(5,2,39) 4118
Eb(5,2,40) 4119
Eb(5,2,42) 4120
Eb(5,2,43) 4121
Eb(5,2,44) 4122
Eb(5,2,45) 4123
Eb(5,2,46) 4124
Eb(5,2,47) 4125
Eb(5,2,48) 4126
Eb(5,2,49) 4127
Eb(5,2,50) 4128
Eb(5,2,51) 4129
Eb(5,2,52) 4130
Eb(5,2,53) 4131
Eb(5,2,54) 4132
Eb(5,2,55) 4133
Eb(5,2,56) 4134
Eb(5,3,51) 4135
Sa(5,3,1) 4136
Sa(5,3,0) 4137
Sa(5,3,2) 4138
Eb(5,3,0) 4139
Eb(5,3,1) 4140
Eb(5,3,2) 4141
Eb(5,3,3) 4142
Eb(5,3,4) 4143
Eb(5,3,5) 4144
Eb(5,3,6) 4145
Eb(5,3,7) 4146
Eb(5,3,8) 4147
Eb(5,3,9) 4148
Eb(5,3,10) 4149
Eb(5,3,11) 4150
Eb(5,3,12) 4151
Eb(5,3,13) 4152
Eb(5,3,14) 4153
Eb(5,3,15) 4154
Eb(5,3,16) 4155
Eb(5,3,17) 4156
Eb(5,3,18) 4157
Eb(5,3,19) 4158
Eb(5,3,20) 4159
Eb(5,3,21) 4160
Eb(5,3,22) 4161
Eb(5,3,23) 4162
Eb(5,3,24) 4163
Eb(5,3,25) 4164
Eb(5,3,26) 4165
Eb(5,3,27) 4166
Eb(5,3,28) 4167
Eb(5,3,29) 4168
Eb(5,3,30) 4169
Eb(5,3,31) 4170
Eb(5,3,32) 4171
Eb(5,3,33) 4172
Eb(5,3,34) 4173
Eb(5,3,35) 4174
Eb(5,3,36) 4175
Eb(5,3,37) 4176
Eb(5,3,38) 4177
Eb(5,3,39) 4178
Eb(5,3,40) 4179
Eb(5,3,41) 4180
Eb(5,3,42) 4181
Eb(5,3,43) 4182
Eb(5,3,44) 4183
Eb(5,3,45) 4184
Eb(5,3,46) 4185
Eb(5,3,47) 4186
Eb(5,3,48) 4187
Eb(5,3,49) 4188
Eb(5,3,50) 4189
Eb(5,3,52) 4190
Eb(5,3,53) 4191
Eb(5,3,54) 4192
Eb(5,3,55) 4193
Eb(5,3,56) 4194
Eb(5,4,55) 4195
Sa(5,4,1) 4196
Sa(5,4,0) 4197
Sa(5,4,2) 4198
Sa(5,4,3) 4199
Sa(5,4,4) 4200
Eb(5,4,0) 4201
Eb(5,4,1) 4202
Eb(5,4,2) 4203
Eb(5,4,3) 4204
Eb(5,4,4) 4205
Eb(5,4,5) 4206
Eb(5,4,6) 4207
Eb(5,4,7) 4208
Eb(5,4,8) 4209
Eb(5,4,9) 4210
Eb(5,4,10) 4211
Eb(5,4,11) 4212
Eb(5,4,12) 4213
Eb(5,4,13) 4214
Eb(5,4,14) 4215
Eb(5,4,15) 4216
Eb(5,4,16) 4217
Eb(5,4,17) 4218
Eb(5,4,18) 4219
Eb(5,4,19) 4220
Eb(5,4,20) 4221
Eb(5,4,21) 4222
Eb(5,4,22) 4223
Eb(5,4,23) 4224
Eb(5,4,24) 4225
Eb(5,4,25) 4226
Eb(5,4,26) 4227
Eb(5,4,27) 4228
Eb(5,4,28) 4229
Eb(5,4,29) 4230
Eb(5,4,30) 4231
Eb(5,4,31) 4232
Eb(5,4,32) 4233
Eb(5,4,33) 4234
Eb(5,4,34) 4235
Eb(5,4,35) 4236
Eb(5,4,36) 4237
Eb(5,4,37) 4238
Eb(5,4,38) 4239
Eb(5,4,39) 4240
Eb(5,4,40) 4241
Eb(5,4,41) 4242
Eb(5,4,42) 4243
Eb(5,4,43) 4244
Eb(5,4,44) 4245
Eb(5,4,45) 4246
Eb(5,4,46) 4247
Eb(5,4,47) 4248
Eb(5,4,48) 4249
Eb(5,4,49) 4250
Eb(5,4,50) 4251
Eb(5,4,51) 4252
Eb(5,4,52) 4253
Eb(5,4,53) 4254
Eb(5,4,54) 4255
Eb(5,4,56) 4256
Eb(5,5,56) 4257
Sa(5,5,0) 4258
Eb(5,5,0) 4259
Eb(5,5,1) 4260
Eb(5,5,2) 4261
Eb(5,5,3) 4262
Eb(5,5,4) 4263
Eb(5,5,5) 4264
Eb(5,5,6) 4265
Eb(5,5,7) 4266
Eb(5,5,8) 4267
Eb(5,5,9) 4268
Eb(5,5,10) 4269
Eb(5,5,11) 4270
Eb(5,5,12) 4271
Eb(5,5,13) 4272
Eb(5,5,14) 4273
Eb(5,5,15) 4274
Eb(5,5,16) 4275
Eb(5,5,17) 4276
Eb(5,5,18) 4277
Eb(5,5,19) 4278
Eb(5,5,20) 4279
Eb(5,5,21) 4280
Eb(5,5,22) 4281
Eb(5,5,23) 4282
Eb(5,5,24) 4283
Eb(5,5,25) 4284
Eb(5,5,26) 4285
Eb(5,5,27) 4286
Eb(5,5,28) 4287
Eb(5,5,29) 4288
Eb(5,5,30) 4289
Eb(5,5,31) 4290
Eb(5,5,32) 4291
Eb(5,5,33) 4292
Eb(5,5,34) 4293
Eb(5,5,35) 4294
Eb(5,5,36) 4295
Eb(5,5,37) 4296
Eb(5,5,38) 4297
Eb(5,5,39) 4298
Eb(5,5,40) 4299
Eb(5,5,41) 4300
Eb(5,5,42) 4301
Eb(5,5,43) 4302
Eb(5,5,44) 4303
Eb(5,5,45) 4304
Eb(5,5,46) 4305
Eb(5,5,47) 4306
Eb(5,5,48) 4307
Eb(5,5,49) 4308
Eb(5,5,50) 4309
Eb(5,5,51) 4310
Eb(5,5,52) 4311
Eb(5,5,53) 4312
Eb(5,5,54) 4313
Eb(5,5,55) 4314
