Pr(0,0,0,1) 1
Pr(0,1,0,2) 2
Pr(0,2,0,3) 3
Pr(0,3,0,4) 4
Pr(0,4,0,5) 5
Pr(1,0,1,1) 6
Pr(1,1,1,2) 7
Pr(1,2,1,3) 8
Pr(1,3,1,4) 9
Pr(1,4,1,5) 10
Pr(2,0,2,1) 11
Pr(2,1,2,2) 12
Pr(2,2,2,3) 13
Pr(2,3,2,4) 14
Pr(2,4,2,5) 15
Pr(3,0,3,1) 16
Pr(3,1,3,2) 17
Pr(3,2,3,3) 18
Pr(3,3,3,4) 19
Pr(3,4,3,5) 20
Pr(4,0,4,1) 21
Pr(4,1,4,2) 22
Pr(4,2,4,3) 23
Pr(4,3,4,4) 24
Pr(4,4,4,5) 25
Pr(5,0,5,1) 26
Pr(5,1,5,2) 27
Pr(5,2,5,3) 28
Pr(5,3,5,4) 29
Pr(5,4,5,5) 30
Pr(0,0,1,1) 31
Pr(1,1,0,0) 32
Pr(0,0,2,0) 33
Pr(2,0,0,0) 34
Pr(0,0,3,2) 35
Pr(3,2,0,0) 36
Pr(0,0,4,0) 37
Pr(4,0,0,0) 38
Pr(0,0,5,5) 39
Pr(5,5,0,0) 40
Pr(1,1,2,0) 41
Pr(2,0,1,1) 42
Pr(1,1,3,2) 43
Pr(3,2,1,1) 44
Pr(1,1,4,0) 45
Pr(4,0,1,1) 46
Pr(1,1,5,5) 47
Pr(5,5,1,1) 48
Pr(2,0,3,2) 49
Pr(3,2,2,0) 50
Pr(2,0,4,0) 51
Pr(4,0,2,0) 52
Pr(2,0,5,5) 53
Pr(5,5,2,0) 54
Pr(3,2,4,0) 55
Pr(4,0,3,2) 56
Pr(3,2,5,5) 57
Pr(5,5,3,2) 58
Pr(4,0,5,5) 59
Pr(5,5,4,0) 60
Pr(0,1,1,4) 61
Pr(1,4,0,1) 62
Pr(0,1,2,3) 63
Pr(2,3,0,1) 64
Pr(0,1,3,1) 65
Pr(3,1,0,1) 66
Pr(0,1,4,4) 67
Pr(4,4,0,1) 68
Pr(0,1,5,3) 69
Pr(5,3,0,1) 70
Pr(1,4,2,3) 71
Pr(2,3,1,4) 72
Pr(1,4,3,1) 73
Pr(3,1,1,4) 74
Pr(1,4,4,4) 75
Pr(4,4,1,4) 76
Pr(1,4,5,3) 77
Pr(5,3,1,4) 78
Pr(2,3,3,1) 79
Pr(3,1,2,3) 80
Pr(2,3,4,4) 81
Pr(4,4,2,3) 82
Pr(2,3,5,3) 83
Pr(5,3,2,3) 84
Pr(3,1,4,4) 85
Pr(4,4,3,1) 86
Pr(3,1,5,3) 87
Pr(5,3,3,1) 88
Pr(4,4,5,3) 89
Pr(5,3,4,4) 90
Pr(0,2,1,0) 91
Pr(1,0,0,2) 92
Pr(0,2,2,4) 93
Pr(2,4,0,2) 94
Pr(0,2,3,0) 95
Pr(3,0,0,2) 96
Pr(0,2,4,1) 97
Pr(4,1,0,2) 98
Pr(0,2,5,0) 99
Pr(5,0,0,2) 100
Pr(1,0,2,4) 101
Pr(2,4,1,0) 102
Pr(1,0,3,0) 103
Pr(3,0,1,0) 104
Pr(1,0,4,1) 105
Pr(4,1,1,0) 106
Pr(1,0,5,0) 107
Pr(5,0,1,0) 108
Pr(2,4,3,0) 109
Pr(3,0,2,4) 110
Pr(2,4,4,1) 111
Pr(4,1,2,4) 112
Pr(2,4,5,0) 113
Pr(5,0,2,4) 114
Pr(3,0,4,1) 115
Pr(4,1,3,0) 116
Pr(3,0,5,0) 117
Pr(5,0,3,0) 118
Pr(4,1,5,0) 119
Pr(5,0,4,1) 120
Pr(0,3,1,5) 121
Pr(1,5,0,3) 122
Pr(0,3,2,1) 123
Pr(2,1,0,3) 124
Pr(0,3,3,3) 125
Pr(3,3,0,3) 126
Pr(0,3,4,5) 127
Pr(4,5,0,3) 128
Pr(0,3,5,1) 129
Pr(5,1,0,3) 130
Pr(1,5,2,1) 131
Pr(2,1,1,5) 132
Pr(1,5,3,3) 133
Pr(3,3,1,5) 134
Pr(1,5,4,5) 135
Pr(4,5,1,5) 136
Pr(1,5,5,1) 137
Pr(5,1,1,5) 138
Pr(2,1,3,3) 139
Pr(3,3,2,1) 140
Pr(2,1,4,5) 141
Pr(4,5,2,1) 142
Pr(2,1,5,1) 143
Pr(5,1,2,1) 144
Pr(3,3,4,5) 145
Pr(4,5,3,3) 146
Pr(3,3,5,1) 147
Pr(5,1,3,3) 148
Pr(4,5,5,1) 149
Pr(5,1,4,5) 150
Pr(0,4,1,3) 151
Pr(1,3,0,4) 152
Pr(0,4,2,2) 153
Pr(2,2,0,4) 154
Pr(0,4,3,5) 155
Pr(3,5,0,4) 156
Pr(0,4,4,3) 157
Pr(4,3,0,4) 158
Pr(0,4,5,2) 159
Pr(5,2,0,4) 160
Pr(1,3,2,2) 161
Pr(2,2,1,3) 162
Pr(1,3,3,5) 163
Pr(3,5,1,3) 164
Pr(1,3,4,3) 165
Pr(4,3,1,3) 166
Pr(1,3,5,2) 167
Pr(5,2,1,3) 168
Pr(2,2,3,5) 169
Pr(3,5,2,2) 170
Pr(2,2,4,3) 171
Pr(4,3,2,2) 172
Pr(2,2,5,2) 173
Pr(5,2,2,2) 174
Pr(3,5,4,3) 175
Pr(4,3,3,5) 176
Pr(3,5,5,2) 177
Pr(5,2,3,5) 178
Pr(4,3,5,2) 179
Pr(5,2,4,3) 180
Pr(0,5,1,2) 181
Pr(1,2,0,5) 182
Pr(0,5,2,5) 183
Pr(2,5,0,5) 184
Pr(0,5,3,4) 185
Pr(3,4,0,5) 186
Pr(0,5,4,2) 187
Pr(4,2,0,5) 188
Pr(0,5,5,4) 189
Pr(5,4,0,5) 190
Pr(1,2,2,5) 191
Pr(2,5,1,2) 192
Pr(1,2,3,4) 193
Pr(3,4,1,2) 194
Pr(1,2,4,2) 195
Pr(4,2,1,2) 196
Pr(1,2,5,4) 197
Pr(5,4,1,2) 198
Pr(2,5,3,4) 199
Pr(3,4,2,5) 200
Pr(2,5,4,2) 201
Pr(4,2,2,5) 202
Pr(2,5,5,4) 203
Pr(5,4,2,5) 204
Pr(3,4,4,2) 205
Pr(4,2,3,4) 206
Pr(3,4,5,4) 207
Pr(5,4,3,4) 208
Pr(4,2,5,4) 209
Pr(5,4,4,2) 210
Sa(0,0,0) 211
Eb(0,0,30) 212
Sa(0,0,1) 213
Sa(0,0,2) 214
Sa(0,0,3) 215
Sa(0,0,4) 216
Sa(0,0,5) 217
Sa(0,0,6) 218
Sa(0,0,7) 219
Sa(0,0,8) 220
Sa(0,0,9) 221
Sa(0,0,10) 222
Sa(0,0,11) 223
Sa(0,0,12) 224
Sa(0,0,13) 225
Sa(0,0,14) 226
Sa(0,0,15) 227
Sa(0,0,16) 228
Sa(0,0,17) 229
Sa(0,0,18) 230
Sa(0,0,19) 231
Sa(0,0,20) 232
Sa(0,0,21) 233
Sa(0,0,22) 234
Sa(0,0,23) 235
Sa(0,0,24) 236
Sa(0,0,25) 237
Sa(0,0,26) 238
Sa(0,0,27) 239
Sa(0,0,28) 240
Sa(0,0,29) 241
Sa(0,0,30) 242
Sa(0,0,31) 243
Sa(0,0,32) 244
Sa(0,0,33) 245
Sa(0,0,34) 246
Sa(0,0,35) 247
Sa(0,0,36) 248
Sa(0,0,37) 249
Sa(0,0,38) 250
Sa(0,0,39) 251
Sa(0,0,40) 252
Sa(0,0,41) 253
Sa(0,0,42) 254
Sa(0,0,43) 255
Sa(0,0,44) 256
Sa(0,0,45) 257
Sa(0,0,46) 258
Sa(0,0,47) 259
Sa(0,0,48) 260
Sa(0,0,49) 261
Sa(0,0,50) 262
Sa(0,0,51) 263
Sa(0,0,52) 264
Sa(0,0,53) 265
Sa(0,0,54) 266
Sa(0,0,55) 267
Eb(0,0,0) 268
Eb(0,0,1) 269
Eb(0,0,2) 270
Eb(0,0,3) 271
Eb(0,0,4) 272
Eb(0,0,5) 273
Eb(0,0,6) 274
Eb(0,0,7) 275
Eb(0,0,8) 276
Eb(0,0,9) 277
Eb(0,0,10) 278
Eb(0,0,11) 279
Eb(0,0,12) 280
Eb(0,0,13) 281
Eb(0,0,14) 282
Eb(0,0,15) 283
Eb(0,0,16) 284
Eb(0,0,17) 285
Eb(0,0,18) 286
Eb(0,0,19) 287
Eb(0,0,20) 288
Eb(0,0,21) 289
Eb(0,0,22) 290
Eb(0,0,23) 291
Eb(0,0,24) 292
Eb(0,0,25) 293
Eb(0,0,26) 294
Eb(0,0,27) 295
Eb(0,0,28) 296
Eb(0,0,29) 297
Eb(0,0,31) 298
Eb(0,0,32) 299
Eb(0,0,33) 300
Eb(0,0,34) 301
Eb(0,0,35) 302
Eb(0,0,36) 303
Eb(0,0,37) 304
Eb(0,0,38) 305
Eb(0,0,39) 306
Eb(0,0,40) 307
Eb(0,0,41) 308
Eb(0,0,42) 309
Eb(0,0,43) 310
Eb(0,0,44) 311
Eb(0,0,45) 312
Eb(0,0,46) 313
Eb(0,0,47) 314
Eb(0,0,48) 315
Eb(0,0,49) 316
Eb(0,0,50) 317
Eb(0,0,51) 318
Eb(0,0,52) 319
Eb(0,0,53) 320
Eb(0,0,54) 321
Eb(0,0,55) 322
Sa(0,1,1) 323
Sa(1,1,1) 324
Sa(2,0,1) 325
Sa(3,2,1) 326
Sa(4,0,1) 327
Sa(5,5,1) 328
Sa(0,1,2) 329
Sa(1,1,2) 330
Sa(2,0,2) 331
Sa(3,2,2) 332
Sa(4,0,2) 333
Sa(5,5,2) 334
Sa(0,1,3) 335
Sa(1,1,3) 336
Sa(2,0,3) 337
Sa(3,2,3) 338
Sa(4,0,3) 339
Sa(5,5,3) 340
Sa(0,1,4) 341
Sa(1,1,4) 342
Sa(2,0,4) 343
Sa(3,2,4) 344
Sa(4,0,4) 345
Sa(5,5,4) 346
Sa(0,1,5) 347
Sa(1,1,5) 348
Sa(2,0,5) 349
Sa(3,2,5) 350
Sa(4,0,5) 351
Sa(5,5,5) 352
Sa(0,1,6) 353
Sa(1,1,6) 354
Sa(2,0,6) 355
Sa(3,2,6) 356
Sa(4,0,6) 357
Sa(5,5,6) 358
Sa(0,1,7) 359
Sa(1,1,7) 360
Sa(2,0,7) 361
Sa(3,2,7) 362
Sa(4,0,7) 363
Sa(5,5,7) 364
Sa(0,1,8) 365
Sa(1,1,8) 366
Sa(2,0,8) 367
Sa(3,2,8) 368
Sa(4,0,8) 369
Sa(5,5,8) 370
Sa(0,1,9) 371
Sa(1,1,9) 372
Sa(2,0,9) 373
Sa(3,2,9) 374
Sa(4,0,9) 375
Sa(5,5,9) 376
Sa(0,1,10) 377
Sa(1,1,10) 378
Sa(2,0,10) 379
Sa(3,2,10) 380
Sa(4,0,10) 381
Sa(5,5,10) 382
Sa(0,1,11) 383
Sa(1,1,11) 384
Sa(2,0,11) 385
Sa(3,2,11) 386
Sa(4,0,11) 387
Sa(5,5,11) 388
Sa(0,1,12) 389
Sa(1,1,12) 390
Sa(2,0,12) 391
Sa(3,2,12) 392
Sa(4,0,12) 393
Sa(5,5,12) 394
Sa(0,1,13) 395
Sa(1,1,13) 396
Sa(2,0,13) 397
Sa(3,2,13) 398
Sa(4,0,13) 399
Sa(5,5,13) 400
Sa(0,1,14) 401
Sa(1,1,14) 402
Sa(2,0,14) 403
Sa(3,2,14) 404
Sa(4,0,14) 405
Sa(5,5,14) 406
Sa(0,1,15) 407
Sa(1,1,15) 408
Sa(2,0,15) 409
Sa(3,2,15) 410
Sa(4,0,15) 411
Sa(5,5,15) 412
Sa(0,1,16) 413
Sa(1,1,16) 414
Sa(2,0,16) 415
Sa(3,2,16) 416
Sa(4,0,16) 417
Sa(5,5,16) 418
Sa(0,1,17) 419
Sa(1,1,17) 420
Sa(2,0,17) 421
Sa(3,2,17) 422
Sa(4,0,17) 423
Sa(5,5,17) 424
Sa(0,1,18) 425
Sa(1,1,18) 426
Sa(2,0,18) 427
Sa(3,2,18) 428
Sa(4,0,18) 429
Sa(5,5,18) 430
Sa(0,1,19) 431
Sa(1,1,19) 432
Sa(2,0,19) 433
Sa(3,2,19) 434
Sa(4,0,19) 435
Sa(5,5,19) 436
Sa(0,1,20) 437
Sa(1,1,20) 438
Sa(2,0,20) 439
Sa(3,2,20) 440
Sa(4,0,20) 441
Sa(5,5,20) 442
Sa(0,1,21) 443
Sa(1,1,21) 444
Sa(2,0,21) 445
Sa(3,2,21) 446
Sa(4,0,21) 447
Sa(5,5,21) 448
Sa(0,1,22) 449
Sa(1,1,22) 450
Sa(2,0,22) 451
Sa(3,2,22) 452
Sa(4,0,22) 453
Sa(5,5,22) 454
Sa(0,1,23) 455
Sa(1,1,23) 456
Sa(2,0,23) 457
Sa(3,2,23) 458
Sa(4,0,23) 459
Sa(5,5,23) 460
Sa(0,1,24) 461
Sa(1,1,24) 462
Sa(2,0,24) 463
Sa(3,2,24) 464
Sa(4,0,24) 465
Sa(5,5,24) 466
Sa(0,1,25) 467
Sa(1,1,25) 468
Sa(2,0,25) 469
Sa(3,2,25) 470
Sa(4,0,25) 471
Sa(5,5,25) 472
Sa(0,1,26) 473
Sa(1,1,26) 474
Sa(2,0,26) 475
Sa(3,2,26) 476
Sa(4,0,26) 477
Sa(5,5,26) 478
Sa(0,1,27) 479
Sa(1,1,27) 480
Sa(2,0,27) 481
Sa(3,2,27) 482
Sa(4,0,27) 483
Sa(5,5,27) 484
Sa(0,1,28) 485
Sa(1,1,28) 486
Sa(2,0,28) 487
Sa(3,2,28) 488
Sa(4,0,28) 489
Sa(5,5,28) 490
Sa(0,1,29) 491
Sa(1,1,29) 492
Sa(2,0,29) 493
Sa(3,2,29) 494
Sa(4,0,29) 495
Sa(5,5,29) 496
Sa(0,1,30) 497
Sa(1,1,30) 498
Sa(2,0,30) 499
Sa(3,2,30) 500
Sa(4,0,30) 501
Sa(5,5,30) 502
Sa(0,1,31) 503
Sa(1,1,31) 504
Sa(2,0,31) 505
Sa(3,2,31) 506
Sa(4,0,31) 507
Sa(5,5,31) 508
Sa(0,1,32) 509
Sa(1,1,32) 510
Sa(2,0,32) 511
Sa(3,2,32) 512
Sa(4,0,32) 513
Sa(5,5,32) 514
Sa(0,1,33) 515
Sa(1,1,33) 516
Sa(2,0,33) 517
Sa(3,2,33) 518
Sa(4,0,33) 519
Sa(5,5,33) 520
Sa(0,1,34) 521
Sa(1,1,34) 522
Sa(2,0,34) 523
Sa(3,2,34) 524
Sa(4,0,34) 525
Sa(5,5,34) 526
Sa(0,1,35) 527
Sa(1,1,35) 528
Sa(2,0,35) 529
Sa(3,2,35) 530
Sa(4,0,35) 531
Sa(5,5,35) 532
Sa(0,1,36) 533
Sa(1,1,36) 534
Sa(2,0,36) 535
Sa(3,2,36) 536
Sa(4,0,36) 537
Sa(5,5,36) 538
Sa(0,1,37) 539
Sa(1,1,37) 540
Sa(2,0,37) 541
Sa(3,2,37) 542
Sa(4,0,37) 543
Sa(5,5,37) 544
Sa(0,1,38) 545
Sa(1,1,38) 546
Sa(2,0,38) 547
Sa(3,2,38) 548
Sa(4,0,38) 549
Sa(5,5,38) 550
Sa(0,1,39) 551
Sa(1,1,39) 552
Sa(2,0,39) 553
Sa(3,2,39) 554
Sa(4,0,39) 555
Sa(5,5,39) 556
Sa(0,1,40) 557
Sa(1,1,40) 558
Sa(2,0,40) 559
Sa(3,2,40) 560
Sa(4,0,40) 561
Sa(5,5,40) 562
Sa(0,1,41) 563
Sa(1,1,41) 564
Sa(2,0,41) 565
Sa(3,2,41) 566
Sa(4,0,41) 567
Sa(5,5,41) 568
Sa(0,1,42) 569
Sa(1,1,42) 570
Sa(2,0,42) 571
Sa(3,2,42) 572
Sa(4,0,42) 573
Sa(5,5,42) 574
Sa(0,1,43) 575
Sa(1,1,43) 576
Sa(2,0,43) 577
Sa(3,2,43) 578
Sa(4,0,43) 579
Sa(5,5,43) 580
Sa(0,1,44) 581
Sa(1,1,44) 582
Sa(2,0,44) 583
Sa(3,2,44) 584
Sa(4,0,44) 585
Sa(5,5,44) 586
Sa(0,1,45) 587
Sa(1,1,45) 588
Sa(2,0,45) 589
Sa(3,2,45) 590
Sa(4,0,45) 591
Sa(5,5,45) 592
Sa(0,1,46) 593
Sa(1,1,46) 594
Sa(2,0,46) 595
Sa(3,2,46) 596
Sa(4,0,46) 597
Sa(5,5,46) 598
Sa(0,1,47) 599
Sa(1,1,47) 600
Sa(2,0,47) 601
Sa(3,2,47) 602
Sa(4,0,47) 603
Sa(5,5,47) 604
Sa(0,1,48) 605
Sa(1,1,48) 606
Sa(2,0,48) 607
Sa(3,2,48) 608
Sa(4,0,48) 609
Sa(5,5,48) 610
Sa(0,1,49) 611
Sa(1,1,49) 612
Sa(2,0,49) 613
Sa(3,2,49) 614
Sa(4,0,49) 615
Sa(5,5,49) 616
Sa(0,1,50) 617
Sa(1,1,50) 618
Sa(2,0,50) 619
Sa(3,2,50) 620
Sa(4,0,50) 621
Sa(5,5,50) 622
Sa(0,1,51) 623
Sa(1,1,51) 624
Sa(2,0,51) 625
Sa(3,2,51) 626
Sa(4,0,51) 627
Sa(5,5,51) 628
Sa(0,1,52) 629
Sa(1,1,52) 630
Sa(2,0,52) 631
Sa(3,2,52) 632
Sa(4,0,52) 633
Sa(5,5,52) 634
Sa(0,1,53) 635
Sa(1,1,53) 636
Sa(2,0,53) 637
Sa(3,2,53) 638
Sa(4,0,53) 639
Sa(5,5,53) 640
Sa(0,1,54) 641
Sa(1,1,54) 642
Sa(2,0,54) 643
Sa(3,2,54) 644
Sa(4,0,54) 645
Sa(5,5,54) 646
Sa(0,1,55) 647
Sa(1,1,55) 648
Sa(2,0,55) 649
Sa(3,2,55) 650
Sa(4,0,55) 651
Sa(5,5,55) 652
Eb(0,1,33) 653
Sa(0,1,0) 654
Eb(0,1,0) 655
Eb(0,1,1) 656
Eb(0,1,2) 657
Eb(0,1,3) 658
Eb(0,1,4) 659
Eb(0,1,5) 660
Eb(0,1,6) 661
Eb(0,1,7) 662
Eb(0,1,8) 663
Eb(0,1,9) 664
Eb(0,1,10) 665
Eb(0,1,11) 666
Eb(0,1,12) 667
Eb(0,1,13) 668
Eb(0,1,14) 669
Eb(0,1,15) 670
Eb(0,1,16) 671
Eb(0,1,17) 672
Eb(0,1,18) 673
Eb(0,1,19) 674
Eb(0,1,20) 675
Eb(0,1,21) 676
Eb(0,1,22) 677
Eb(0,1,23) 678
Eb(0,1,24) 679
Eb(0,1,25) 680
Eb(0,1,26) 681
Eb(0,1,27) 682
Eb(0,1,28) 683
Eb(0,1,29) 684
Eb(0,1,30) 685
Eb(0,1,31) 686
Eb(0,1,32) 687
Eb(0,1,34) 688
Eb(0,1,35) 689
Eb(0,1,36) 690
Eb(0,1,37) 691
Eb(0,1,38) 692
Eb(0,1,39) 693
Eb(0,1,40) 694
Eb(0,1,41) 695
Eb(0,1,42) 696
Eb(0,1,43) 697
Eb(0,1,44) 698
Eb(0,1,45) 699
Eb(0,1,46) 700
Eb(0,1,47) 701
Eb(0,1,48) 702
Eb(0,1,49) 703
Eb(0,1,50) 704
Eb(0,1,51) 705
Eb(0,1,52) 706
Eb(0,1,53) 707
Eb(0,1,54) 708
Eb(0,1,55) 709
Sa(0,2,3) 710
Sa(1,4,3) 711
Sa(2,3,3) 712
Sa(3,1,3) 713
Sa(4,4,3) 714
Sa(5,3,3) 715
Sa(0,2,4) 716
Sa(1,4,4) 717
Sa(2,3,4) 718
Sa(3,1,4) 719
Sa(4,4,4) 720
Sa(5,3,4) 721
Sa(0,2,5) 722
Sa(1,4,5) 723
Sa(2,3,5) 724
Sa(3,1,5) 725
Sa(4,4,5) 726
Sa(5,3,5) 727
Sa(0,2,6) 728
Sa(1,4,6) 729
Sa(2,3,6) 730
Sa(3,1,6) 731
Sa(4,4,6) 732
Sa(5,3,6) 733
Sa(0,2,7) 734
Sa(1,4,7) 735
Sa(2,3,7) 736
Sa(3,1,7) 737
Sa(4,4,7) 738
Sa(5,3,7) 739
Sa(0,2,8) 740
Sa(1,4,8) 741
Sa(2,3,8) 742
Sa(3,1,8) 743
Sa(4,4,8) 744
Sa(5,3,8) 745
Sa(0,2,9) 746
Sa(1,4,9) 747
Sa(2,3,9) 748
Sa(3,1,9) 749
Sa(4,4,9) 750
Sa(5,3,9) 751
Sa(0,2,10) 752
Sa(1,4,10) 753
Sa(2,3,10) 754
Sa(3,1,10) 755
Sa(4,4,10) 756
Sa(5,3,10) 757
Sa(0,2,11) 758
Sa(1,4,11) 759
Sa(2,3,11) 760
Sa(3,1,11) 761
Sa(4,4,11) 762
Sa(5,3,11) 763
Sa(0,2,12) 764
Sa(1,4,12) 765
Sa(2,3,12) 766
Sa(3,1,12) 767
Sa(4,4,12) 768
Sa(5,3,12) 769
Sa(0,2,13) 770
Sa(1,4,13) 771
Sa(2,3,13) 772
Sa(3,1,13) 773
Sa(4,4,13) 774
Sa(5,3,13) 775
Sa(0,2,14) 776
Sa(1,4,14) 777
Sa(2,3,14) 778
Sa(3,1,14) 779
Sa(4,4,14) 780
Sa(5,3,14) 781
Sa(0,2,15) 782
Sa(1,4,15) 783
Sa(2,3,15) 784
Sa(3,1,15) 785
Sa(4,4,15) 786
Sa(5,3,15) 787
Sa(0,2,16) 788
Sa(1,4,16) 789
Sa(2,3,16) 790
Sa(3,1,16) 791
Sa(4,4,16) 792
Sa(5,3,16) 793
Sa(0,2,17) 794
Sa(1,4,17) 795
Sa(2,3,17) 796
Sa(3,1,17) 797
Sa(4,4,17) 798
Sa(5,3,17) 799
Sa(0,2,18) 800
Sa(1,4,18) 801
Sa(2,3,18) 802
Sa(3,1,18) 803
Sa(4,4,18) 804
Sa(5,3,18) 805
Sa(0,2,19) 806
Sa(1,4,19) 807
Sa(2,3,19) 808
Sa(3,1,19) 809
Sa(4,4,19) 810
Sa(5,3,19) 811
Sa(0,2,20) 812
Sa(1,4,20) 813
Sa(2,3,20) 814
Sa(3,1,20) 815
Sa(4,4,20) 816
Sa(5,3,20) 817
Sa(0,2,21) 818
Sa(1,4,21) 819
Sa(2,3,21) 820
Sa(3,1,21) 821
Sa(4,4,21) 822
Sa(5,3,21) 823
Sa(0,2,22) 824
Sa(1,4,22) 825
Sa(2,3,22) 826
Sa(3,1,22) 827
Sa(4,4,22) 828
Sa(5,3,22) 829
Sa(0,2,23) 830
Sa(1,4,23) 831
Sa(2,3,23) 832
Sa(3,1,23) 833
Sa(4,4,23) 834
Sa(5,3,23) 835
Sa(0,2,24) 836
Sa(1,4,24) 837
Sa(2,3,24) 838
Sa(3,1,24) 839
Sa(4,4,24) 840
Sa(5,3,24) 841
Sa(0,2,25) 842
Sa(1,4,25) 843
Sa(2,3,25) 844
Sa(3,1,25) 845
Sa(4,4,25) 846
Sa(5,3,25) 847
Sa(0,2,26) 848
Sa(1,4,26) 849
Sa(2,3,26) 850
Sa(3,1,26) 851
Sa(4,4,26) 852
Sa(5,3,26) 853
Sa(0,2,27) 854
Sa(1,4,27) 855
Sa(2,3,27) 856
Sa(3,1,27) 857
Sa(4,4,27) 858
Sa(5,3,27) 859
Sa(0,2,28) 860
Sa(1,4,28) 861
Sa(2,3,28) 862
Sa(3,1,28) 863
Sa(4,4,28) 864
Sa(5,3,28) 865
Sa(0,2,29) 866
Sa(1,4,29) 867
Sa(2,3,29) 868
Sa(3,1,29) 869
Sa(4,4,29) 870
Sa(5,3,29) 871
Sa(0,2,30) 872
Sa(1,4,30) 873
Sa(2,3,30) 874
Sa(3,1,30) 875
Sa(4,4,30) 876
Sa(5,3,30) 877
Sa(0,2,31) 878
Sa(1,4,31) 879
Sa(2,3,31) 880
Sa(3,1,31) 881
Sa(4,4,31) 882
Sa(5,3,31) 883
Sa(0,2,32) 884
Sa(1,4,32) 885
Sa(2,3,32) 886
Sa(3,1,32) 887
Sa(4,4,32) 888
Sa(5,3,32) 889
Sa(0,2,33) 890
Sa(1,4,33) 891
Sa(2,3,33) 892
Sa(3,1,33) 893
Sa(4,4,33) 894
Sa(5,3,33) 895
Sa(0,2,34) 896
Sa(1,4,34) 897
Sa(2,3,34) 898
Sa(3,1,34) 899
Sa(4,4,34) 900
Sa(5,3,34) 901
Sa(0,2,35) 902
Sa(1,4,35) 903
Sa(2,3,35) 904
Sa(3,1,35) 905
Sa(4,4,35) 906
Sa(5,3,35) 907
Sa(0,2,36) 908
Sa(1,4,36) 909
Sa(2,3,36) 910
Sa(3,1,36) 911
Sa(4,4,36) 912
Sa(5,3,36) 913
Sa(0,2,37) 914
Sa(1,4,37) 915
Sa(2,3,37) 916
Sa(3,1,37) 917
Sa(4,4,37) 918
Sa(5,3,37) 919
Sa(0,2,38) 920
Sa(1,4,38) 921
Sa(2,3,38) 922
Sa(3,1,38) 923
Sa(4,4,38) 924
Sa(5,3,38) 925
Sa(0,2,39) 926
Sa(1,4,39) 927
Sa(2,3,39) 928
Sa(3,1,39) 929
Sa(4,4,39) 930
Sa(5,3,39) 931
Sa(0,2,40) 932
Sa(1,4,40) 933
Sa(2,3,40) 934
Sa(3,1,40) 935
Sa(4,4,40) 936
Sa(5,3,40) 937
Sa(0,2,41) 938
Sa(1,4,41) 939
Sa(2,3,41) 940
Sa(3,1,41) 941
Sa(4,4,41) 942
Sa(5,3,41) 943
Sa(0,2,42) 944
Sa(1,4,42) 945
Sa(2,3,42) 946
Sa(3,1,42) 947
Sa(4,4,42) 948
Sa(5,3,42) 949
Sa(0,2,43) 950
Sa(1,4,43) 951
Sa(2,3,43) 952
Sa(3,1,43) 953
Sa(4,4,43) 954
Sa(5,3,43) 955
Sa(0,2,44) 956
Sa(1,4,44) 957
Sa(2,3,44) 958
Sa(3,1,44) 959
Sa(4,4,44) 960
Sa(5,3,44) 961
Sa(0,2,45) 962
Sa(1,4,45) 963
Sa(2,3,45) 964
Sa(3,1,45) 965
Sa(4,4,45) 966
Sa(5,3,45) 967
Sa(0,2,46) 968
Sa(1,4,46) 969
Sa(2,3,46) 970
Sa(3,1,46) 971
Sa(4,4,46) 972
Sa(5,3,46) 973
Sa(0,2,47) 974
Sa(1,4,47) 975
Sa(2,3,47) 976
Sa(3,1,47) 977
Sa(4,4,47) 978
Sa(5,3,47) 979
Sa(0,2,48) 980
Sa(1,4,48) 981
Sa(2,3,48) 982
Sa(3,1,48) 983
Sa(4,4,48) 984
Sa(5,3,48) 985
Sa(0,2,49) 986
Sa(1,4,49) 987
Sa(2,3,49) 988
Sa(3,1,49) 989
Sa(4,4,49) 990
Sa(5,3,49) 991
Sa(0,2,50) 992
Sa(1,4,50) 993
Sa(2,3,50) 994
Sa(3,1,50) 995
Sa(4,4,50) 996
Sa(5,3,50) 997
Sa(0,2,51) 998
Sa(1,4,51) 999
Sa(2,3,51) 1000
Sa(3,1,51) 1001
Sa(4,4,51) 1002
Sa(5,3,51) 1003
Sa(0,2,52) 1004
Sa(1,4,52) 1005
Sa(2,3,52) 1006
Sa(3,1,52) 1007
Sa(4,4,52) 1008
Sa(5,3,52) 1009
Sa(0,2,53) 1010
Sa(1,4,53) 1011
Sa(2,3,53) 1012
Sa(3,1,53) 1013
Sa(4,4,53) 1014
Sa(5,3,53) 1015
Sa(0,2,54) 1016
Sa(1,4,54) 1017
Sa(2,3,54) 1018
Sa(3,1,54) 1019
Sa(4,4,54) 1020
Sa(5,3,54) 1021
Sa(0,2,55) 1022
Sa(1,4,55) 1023
Sa(2,3,55) 1024
Sa(3,1,55) 1025
Sa(4,4,55) 1026
Sa(5,3,55) 1027
Eb(0,2,39) 1028
Sa(0,2,1) 1029
Sa(0,2,0) 1030
Sa(0,2,2) 1031
Eb(0,2,0) 1032
Eb(0,2,1) 1033
Eb(0,2,2) 1034
Eb(0,2,3) 1035
Eb(0,2,4) 1036
Eb(0,2,5) 1037
Eb(0,2,6) 1038
Eb(0,2,7) 1039
Eb(0,2,8) 1040
Eb(0,2,9) 1041
Eb(0,2,10) 1042
Eb(0,2,11) 1043
Eb(0,2,12) 1044
Eb(0,2,13) 1045
Eb(0,2,14) 1046
Eb(0,2,15) 1047
Eb(0,2,16) 1048
Eb(0,2,17) 1049
Eb(0,2,18) 1050
Eb(0,2,19) 1051
Eb(0,2,20) 1052
Eb(0,2,21) 1053
Eb(0,2,22) 1054
Eb(0,2,23) 1055
Eb(0,2,24) 1056
Eb(0,2,25) 1057
Eb(0,2,26) 1058
Eb(0,2,27) 1059
Eb(0,2,28) 1060
Eb(0,2,29) 1061
Eb(0,2,30) 1062
Eb(0,2,31) 1063
Eb(0,2,32) 1064
Eb(0,2,33) 1065
Eb(0,2,34) 1066
Eb(0,2,35) 1067
Eb(0,2,36) 1068
Eb(0,2,37) 1069
Eb(0,2,38) 1070
Eb(0,2,40) 1071
Eb(0,2,41) 1072
Eb(0,2,42) 1073
Eb(0,2,43) 1074
Eb(0,2,44) 1075
Eb(0,2,45) 1076
Eb(0,2,46) 1077
Eb(0,2,47) 1078
Eb(0,2,48) 1079
Eb(0,2,49) 1080
Eb(0,2,50) 1081
Eb(0,2,51) 1082
Eb(0,2,52) 1083
Eb(0,2,53) 1084
Eb(0,2,54) 1085
Eb(0,2,55) 1086
Sa(0,3,6) 1087
Sa(1,0,6) 1088
Sa(2,4,6) 1089
Sa(3,0,6) 1090
Sa(4,1,6) 1091
Sa(5,0,6) 1092
Sa(0,3,7) 1093
Sa(1,0,7) 1094
Sa(2,4,7) 1095
Sa(3,0,7) 1096
Sa(4,1,7) 1097
Sa(5,0,7) 1098
Sa(0,3,8) 1099
Sa(1,0,8) 1100
Sa(2,4,8) 1101
Sa(3,0,8) 1102
Sa(4,1,8) 1103
Sa(5,0,8) 1104
Sa(0,3,9) 1105
Sa(1,0,9) 1106
Sa(2,4,9) 1107
Sa(3,0,9) 1108
Sa(4,1,9) 1109
Sa(5,0,9) 1110
Sa(0,3,10) 1111
Sa(1,0,10) 1112
Sa(2,4,10) 1113
Sa(3,0,10) 1114
Sa(4,1,10) 1115
Sa(5,0,10) 1116
Sa(0,3,11) 1117
Sa(1,0,11) 1118
Sa(2,4,11) 1119
Sa(3,0,11) 1120
Sa(4,1,11) 1121
Sa(5,0,11) 1122
Sa(0,3,12) 1123
Sa(1,0,12) 1124
Sa(2,4,12) 1125
Sa(3,0,12) 1126
Sa(4,1,12) 1127
Sa(5,0,12) 1128
Sa(0,3,13) 1129
Sa(1,0,13) 1130
Sa(2,4,13) 1131
Sa(3,0,13) 1132
Sa(4,1,13) 1133
Sa(5,0,13) 1134
Sa(0,3,14) 1135
Sa(1,0,14) 1136
Sa(2,4,14) 1137
Sa(3,0,14) 1138
Sa(4,1,14) 1139
Sa(5,0,14) 1140
Sa(0,3,15) 1141
Sa(1,0,15) 1142
Sa(2,4,15) 1143
Sa(3,0,15) 1144
Sa(4,1,15) 1145
Sa(5,0,15) 1146
Sa(0,3,16) 1147
Sa(1,0,16) 1148
Sa(2,4,16) 1149
Sa(3,0,16) 1150
Sa(4,1,16) 1151
Sa(5,0,16) 1152
Sa(0,3,17) 1153
Sa(1,0,17) 1154
Sa(2,4,17) 1155
Sa(3,0,17) 1156
Sa(4,1,17) 1157
Sa(5,0,17) 1158
Sa(0,3,18) 1159
Sa(1,0,18) 1160
Sa(2,4,18) 1161
Sa(3,0,18) 1162
Sa(4,1,18) 1163
Sa(5,0,18) 1164
Sa(0,3,19) 1165
Sa(1,0,19) 1166
Sa(2,4,19) 1167
Sa(3,0,19) 1168
Sa(4,1,19) 1169
Sa(5,0,19) 1170
Sa(0,3,20) 1171
Sa(1,0,20) 1172
Sa(2,4,20) 1173
Sa(3,0,20) 1174
Sa(4,1,20) 1175
Sa(5,0,20) 1176
Sa(0,3,21) 1177
Sa(1,0,21) 1178
Sa(2,4,21) 1179
Sa(3,0,21) 1180
Sa(4,1,21) 1181
Sa(5,0,21) 1182
Sa(0,3,22) 1183
Sa(1,0,22) 1184
Sa(2,4,22) 1185
Sa(3,0,22) 1186
Sa(4,1,22) 1187
Sa(5,0,22) 1188
Sa(0,3,23) 1189
Sa(1,0,23) 1190
Sa(2,4,23) 1191
Sa(3,0,23) 1192
Sa(4,1,23) 1193
Sa(5,0,23) 1194
Sa(0,3,24) 1195
Sa(1,0,24) 1196
Sa(2,4,24) 1197
Sa(3,0,24) 1198
Sa(4,1,24) 1199
Sa(5,0,24) 1200
Sa(0,3,25) 1201
Sa(1,0,25) 1202
Sa(2,4,25) 1203
Sa(3,0,25) 1204
Sa(4,1,25) 1205
Sa(5,0,25) 1206
Sa(0,3,26) 1207
Sa(1,0,26) 1208
Sa(2,4,26) 1209
Sa(3,0,26) 1210
Sa(4,1,26) 1211
Sa(5,0,26) 1212
Sa(0,3,27) 1213
Sa(1,0,27) 1214
Sa(2,4,27) 1215
Sa(3,0,27) 1216
Sa(4,1,27) 1217
Sa(5,0,27) 1218
Sa(0,3,28) 1219
Sa(1,0,28) 1220
Sa(2,4,28) 1221
Sa(3,0,28) 1222
Sa(4,1,28) 1223
Sa(5,0,28) 1224
Sa(0,3,29) 1225
Sa(1,0,29) 1226
Sa(2,4,29) 1227
Sa(3,0,29) 1228
Sa(4,1,29) 1229
Sa(5,0,29) 1230
Sa(0,3,30) 1231
Sa(1,0,30) 1232
Sa(2,4,30) 1233
Sa(3,0,30) 1234
Sa(4,1,30) 1235
Sa(5,0,30) 1236
Sa(0,3,31) 1237
Sa(1,0,31) 1238
Sa(2,4,31) 1239
Sa(3,0,31) 1240
Sa(4,1,31) 1241
Sa(5,0,31) 1242
Sa(0,3,32) 1243
Sa(1,0,32) 1244
Sa(2,4,32) 1245
Sa(3,0,32) 1246
Sa(4,1,32) 1247
Sa(5,0,32) 1248
Sa(0,3,33) 1249
Sa(1,0,33) 1250
Sa(2,4,33) 1251
Sa(3,0,33) 1252
Sa(4,1,33) 1253
Sa(5,0,33) 1254
Sa(0,3,34) 1255
Sa(1,0,34) 1256
Sa(2,4,34) 1257
Sa(3,0,34) 1258
Sa(4,1,34) 1259
Sa(5,0,34) 1260
Sa(0,3,35) 1261
Sa(1,0,35) 1262
Sa(2,4,35) 1263
Sa(3,0,35) 1264
Sa(4,1,35) 1265
Sa(5,0,35) 1266
Sa(0,3,36) 1267
Sa(1,0,36) 1268
Sa(2,4,36) 1269
Sa(3,0,36) 1270
Sa(4,1,36) 1271
Sa(5,0,36) 1272
Sa(0,3,37) 1273
Sa(1,0,37) 1274
Sa(2,4,37) 1275
Sa(3,0,37) 1276
Sa(4,1,37) 1277
Sa(5,0,37) 1278
Sa(0,3,38) 1279
Sa(1,0,38) 1280
Sa(2,4,38) 1281
Sa(3,0,38) 1282
Sa(4,1,38) 1283
Sa(5,0,38) 1284
Sa(0,3,39) 1285
Sa(1,0,39) 1286
Sa(2,4,39) 1287
Sa(3,0,39) 1288
Sa(4,1,39) 1289
Sa(5,0,39) 1290
Sa(0,3,40) 1291
Sa(1,0,40) 1292
Sa(2,4,40) 1293
Sa(3,0,40) 1294
Sa(4,1,40) 1295
Sa(5,0,40) 1296
Sa(0,3,41) 1297
Sa(1,0,41) 1298
Sa(2,4,41) 1299
Sa(3,0,41) 1300
Sa(4,1,41) 1301
Sa(5,0,41) 1302
Sa(0,3,42) 1303
Sa(1,0,42) 1304
Sa(2,4,42) 1305
Sa(3,0,42) 1306
Sa(4,1,42) 1307
Sa(5,0,42) 1308
Sa(0,3,43) 1309
Sa(1,0,43) 1310
Sa(2,4,43) 1311
Sa(3,0,43) 1312
Sa(4,1,43) 1313
Sa(5,0,43) 1314
Sa(0,3,44) 1315
Sa(1,0,44) 1316
Sa(2,4,44) 1317
Sa(3,0,44) 1318
Sa(4,1,44) 1319
Sa(5,0,44) 1320
Sa(0,3,45) 1321
Sa(1,0,45) 1322
Sa(2,4,45) 1323
Sa(3,0,45) 1324
Sa(4,1,45) 1325
Sa(5,0,45) 1326
Sa(0,3,46) 1327
Sa(1,0,46) 1328
Sa(2,4,46) 1329
Sa(3,0,46) 1330
Sa(4,1,46) 1331
Sa(5,0,46) 1332
Sa(0,3,47) 1333
Sa(1,0,47) 1334
Sa(2,4,47) 1335
Sa(3,0,47) 1336
Sa(4,1,47) 1337
Sa(5,0,47) 1338
Sa(0,3,48) 1339
Sa(1,0,48) 1340
Sa(2,4,48) 1341
Sa(3,0,48) 1342
Sa(4,1,48) 1343
Sa(5,0,48) 1344
Sa(0,3,49) 1345
Sa(1,0,49) 1346
Sa(2,4,49) 1347
Sa(3,0,49) 1348
Sa(4,1,49) 1349
Sa(5,0,49) 1350
Sa(0,3,50) 1351
Sa(1,0,50) 1352
Sa(2,4,50) 1353
Sa(3,0,50) 1354
Sa(4,1,50) 1355
Sa(5,0,50) 1356
Sa(0,3,51) 1357
Sa(1,0,51) 1358
Sa(2,4,51) 1359
Sa(3,0,51) 1360
Sa(4,1,51) 1361
Sa(5,0,51) 1362
Sa(0,3,52) 1363
Sa(1,0,52) 1364
Sa(2,4,52) 1365
Sa(3,0,52) 1366
Sa(4,1,52) 1367
Sa(5,0,52) 1368
Sa(0,3,53) 1369
Sa(1,0,53) 1370
Sa(2,4,53) 1371
Sa(3,0,53) 1372
Sa(4,1,53) 1373
Sa(5,0,53) 1374
Sa(0,3,54) 1375
Sa(1,0,54) 1376
Sa(2,4,54) 1377
Sa(3,0,54) 1378
Sa(4,1,54) 1379
Sa(5,0,54) 1380
Sa(0,3,55) 1381
Sa(1,0,55) 1382
Sa(2,4,55) 1383
Sa(3,0,55) 1384
Sa(4,1,55) 1385
Sa(5,0,55) 1386
Eb(0,3,46) 1387
Sa(0,3,1) 1388
Sa(0,3,0) 1389
Sa(0,3,2) 1390
Sa(0,3,3) 1391
Sa(0,3,4) 1392
Sa(0,3,5) 1393
Eb(0,3,0) 1394
Eb(0,3,1) 1395
Eb(0,3,2) 1396
Eb(0,3,3) 1397
Eb(0,3,4) 1398
Eb(0,3,5) 1399
Eb(0,3,6) 1400
Eb(0,3,7) 1401
Eb(0,3,8) 1402
Eb(0,3,9) 1403
Eb(0,3,10) 1404
Eb(0,3,11) 1405
Eb(0,3,12) 1406
Eb(0,3,13) 1407
Eb(0,3,14) 1408
Eb(0,3,15) 1409
Eb(0,3,16) 1410
Eb(0,3,17) 1411
Eb(0,3,18) 1412
Eb(0,3,19) 1413
Eb(0,3,20) 1414
Eb(0,3,21) 1415
Eb(0,3,22) 1416
Eb(0,3,23) 1417
Eb(0,3,24) 1418
Eb(0,3,25) 1419
Eb(0,3,26) 1420
Eb(0,3,27) 1421
Eb(0,3,28) 1422
Eb(0,3,29) 1423
Eb(0,3,30) 1424
Eb(0,3,31) 1425
Eb(0,3,32) 1426
Eb(0,3,33) 1427
Eb(0,3,34) 1428
Eb(0,3,35) 1429
Eb(0,3,36) 1430
Eb(0,3,37) 1431
Eb(0,3,38) 1432
Eb(0,3,39) 1433
Eb(0,3,40) 1434
Eb(0,3,41) 1435
Eb(0,3,42) 1436
Eb(0,3,43) 1437
Eb(0,3,44) 1438
Eb(0,3,45) 1439
Eb(0,3,47) 1440
Eb(0,3,48) 1441
Eb(0,3,49) 1442
Eb(0,3,50) 1443
Eb(0,3,51) 1444
Eb(0,3,52) 1445
Eb(0,3,53) 1446
Eb(0,3,54) 1447
Eb(0,3,55) 1448
Sa(0,4,7) 1449
Sa(1,5,7) 1450
Sa(2,1,7) 1451
Sa(3,3,7) 1452
Sa(4,5,7) 1453
Sa(5,1,7) 1454
Sa(0,4,8) 1455
Sa(1,5,8) 1456
Sa(2,1,8) 1457
Sa(3,3,8) 1458
Sa(4,5,8) 1459
Sa(5,1,8) 1460
Sa(0,4,9) 1461
Sa(1,5,9) 1462
Sa(2,1,9) 1463
Sa(3,3,9) 1464
Sa(4,5,9) 1465
Sa(5,1,9) 1466
Sa(0,4,10) 1467
Sa(1,5,10) 1468
Sa(2,1,10) 1469
Sa(3,3,10) 1470
Sa(4,5,10) 1471
Sa(5,1,10) 1472
Sa(0,4,11) 1473
Sa(1,5,11) 1474
Sa(2,1,11) 1475
Sa(3,3,11) 1476
Sa(4,5,11) 1477
Sa(5,1,11) 1478
Sa(0,4,12) 1479
Sa(1,5,12) 1480
Sa(2,1,12) 1481
Sa(3,3,12) 1482
Sa(4,5,12) 1483
Sa(5,1,12) 1484
Sa(0,4,13) 1485
Sa(1,5,13) 1486
Sa(2,1,13) 1487
Sa(3,3,13) 1488
Sa(4,5,13) 1489
Sa(5,1,13) 1490
Sa(0,4,14) 1491
Sa(1,5,14) 1492
Sa(2,1,14) 1493
Sa(3,3,14) 1494
Sa(4,5,14) 1495
Sa(5,1,14) 1496
Sa(0,4,15) 1497
Sa(1,5,15) 1498
Sa(2,1,15) 1499
Sa(3,3,15) 1500
Sa(4,5,15) 1501
Sa(5,1,15) 1502
Sa(0,4,16) 1503
Sa(1,5,16) 1504
Sa(2,1,16) 1505
Sa(3,3,16) 1506
Sa(4,5,16) 1507
Sa(5,1,16) 1508
Sa(0,4,17) 1509
Sa(1,5,17) 1510
Sa(2,1,17) 1511
Sa(3,3,17) 1512
Sa(4,5,17) 1513
Sa(5,1,17) 1514
Sa(0,4,18) 1515
Sa(1,5,18) 1516
Sa(2,1,18) 1517
Sa(3,3,18) 1518
Sa(4,5,18) 1519
Sa(5,1,18) 1520
Sa(0,4,19) 1521
Sa(1,5,19) 1522
Sa(2,1,19) 1523
Sa(3,3,19) 1524
Sa(4,5,19) 1525
Sa(5,1,19) 1526
Sa(0,4,20) 1527
Sa(1,5,20) 1528
Sa(2,1,20) 1529
Sa(3,3,20) 1530
Sa(4,5,20) 1531
Sa(5,1,20) 1532
Sa(0,4,21) 1533
Sa(1,5,21) 1534
Sa(2,1,21) 1535
Sa(3,3,21) 1536
Sa(4,5,21) 1537
Sa(5,1,21) 1538
Sa(0,4,22) 1539
Sa(1,5,22) 1540
Sa(2,1,22) 1541
Sa(3,3,22) 1542
Sa(4,5,22) 1543
Sa(5,1,22) 1544
Sa(0,4,23) 1545
Sa(1,5,23) 1546
Sa(2,1,23) 1547
Sa(3,3,23) 1548
Sa(4,5,23) 1549
Sa(5,1,23) 1550
Sa(0,4,24) 1551
Sa(1,5,24) 1552
Sa(2,1,24) 1553
Sa(3,3,24) 1554
Sa(4,5,24) 1555
Sa(5,1,24) 1556
Sa(0,4,25) 1557
Sa(1,5,25) 1558
Sa(2,1,25) 1559
Sa(3,3,25) 1560
Sa(4,5,25) 1561
Sa(5,1,25) 1562
Sa(0,4,26) 1563
Sa(1,5,26) 1564
Sa(2,1,26) 1565
Sa(3,3,26) 1566
Sa(4,5,26) 1567
Sa(5,1,26) 1568
Sa(0,4,27) 1569
Sa(1,5,27) 1570
Sa(2,1,27) 1571
Sa(3,3,27) 1572
Sa(4,5,27) 1573
Sa(5,1,27) 1574
Sa(0,4,28) 1575
Sa(1,5,28) 1576
Sa(2,1,28) 1577
Sa(3,3,28) 1578
Sa(4,5,28) 1579
Sa(5,1,28) 1580
Sa(0,4,29) 1581
Sa(1,5,29) 1582
Sa(2,1,29) 1583
Sa(3,3,29) 1584
Sa(4,5,29) 1585
Sa(5,1,29) 1586
Sa(0,4,30) 1587
Sa(1,5,30) 1588
Sa(2,1,30) 1589
Sa(3,3,30) 1590
Sa(4,5,30) 1591
Sa(5,1,30) 1592
Sa(0,4,31) 1593
Sa(1,5,31) 1594
Sa(2,1,31) 1595
Sa(3,3,31) 1596
Sa(4,5,31) 1597
Sa(5,1,31) 1598
Sa(0,4,32) 1599
Sa(1,5,32) 1600
Sa(2,1,32) 1601
Sa(3,3,32) 1602
Sa(4,5,32) 1603
Sa(5,1,32) 1604
Sa(0,4,33) 1605
Sa(1,5,33) 1606
Sa(2,1,33) 1607
Sa(3,3,33) 1608
Sa(4,5,33) 1609
Sa(5,1,33) 1610
Sa(0,4,34) 1611
Sa(1,5,34) 1612
Sa(2,1,34) 1613
Sa(3,3,34) 1614
Sa(4,5,34) 1615
Sa(5,1,34) 1616
Sa(0,4,35) 1617
Sa(1,5,35) 1618
Sa(2,1,35) 1619
Sa(3,3,35) 1620
Sa(4,5,35) 1621
Sa(5,1,35) 1622
Sa(0,4,36) 1623
Sa(1,5,36) 1624
Sa(2,1,36) 1625
Sa(3,3,36) 1626
Sa(4,5,36) 1627
Sa(5,1,36) 1628
Sa(0,4,37) 1629
Sa(1,5,37) 1630
Sa(2,1,37) 1631
Sa(3,3,37) 1632
Sa(4,5,37) 1633
Sa(5,1,37) 1634
Sa(0,4,38) 1635
Sa(1,5,38) 1636
Sa(2,1,38) 1637
Sa(3,3,38) 1638
Sa(4,5,38) 1639
Sa(5,1,38) 1640
Sa(0,4,39) 1641
Sa(1,5,39) 1642
Sa(2,1,39) 1643
Sa(3,3,39) 1644
Sa(4,5,39) 1645
Sa(5,1,39) 1646
Sa(0,4,40) 1647
Sa(1,5,40) 1648
Sa(2,1,40) 1649
Sa(3,3,40) 1650
Sa(4,5,40) 1651
Sa(5,1,40) 1652
Sa(0,4,41) 1653
Sa(1,5,41) 1654
Sa(2,1,41) 1655
Sa(3,3,41) 1656
Sa(4,5,41) 1657
Sa(5,1,41) 1658
Sa(0,4,42) 1659
Sa(1,5,42) 1660
Sa(2,1,42) 1661
Sa(3,3,42) 1662
Sa(4,5,42) 1663
Sa(5,1,42) 1664
Sa(0,4,43) 1665
Sa(1,5,43) 1666
Sa(2,1,43) 1667
Sa(3,3,43) 1668
Sa(4,5,43) 1669
Sa(5,1,43) 1670
Sa(0,4,44) 1671
Sa(1,5,44) 1672
Sa(2,1,44) 1673
Sa(3,3,44) 1674
Sa(4,5,44) 1675
Sa(5,1,44) 1676
Sa(0,4,45) 1677
Sa(1,5,45) 1678
Sa(2,1,45) 1679
Sa(3,3,45) 1680
Sa(4,5,45) 1681
Sa(5,1,45) 1682
Sa(0,4,46) 1683
Sa(1,5,46) 1684
Sa(2,1,46) 1685
Sa(3,3,46) 1686
Sa(4,5,46) 1687
Sa(5,1,46) 1688
Sa(0,4,47) 1689
Sa(1,5,47) 1690
Sa(2,1,47) 1691
Sa(3,3,47) 1692
Sa(4,5,47) 1693
Sa(5,1,47) 1694
Sa(0,4,48) 1695
Sa(1,5,48) 1696
Sa(2,1,48) 1697
Sa(3,3,48) 1698
Sa(4,5,48) 1699
Sa(5,1,48) 1700
Sa(0,4,49) 1701
Sa(1,5,49) 1702
Sa(2,1,49) 1703
Sa(3,3,49) 1704
Sa(4,5,49) 1705
Sa(5,1,49) 1706
Sa(0,4,50) 1707
Sa(1,5,50) 1708
Sa(2,1,50) 1709
Sa(3,3,50) 1710
Sa(4,5,50) 1711
Sa(5,1,50) 1712
Sa(0,4,51) 1713
Sa(1,5,51) 1714
Sa(2,1,51) 1715
Sa(3,3,51) 1716
Sa(4,5,51) 1717
Sa(5,1,51) 1718
Sa(0,4,52) 1719
Sa(1,5,52) 1720
Sa(2,1,52) 1721
Sa(3,3,52) 1722
Sa(4,5,52) 1723
Sa(5,1,52) 1724
Sa(0,4,53) 1725
Sa(1,5,53) 1726
Sa(2,1,53) 1727
Sa(3,3,53) 1728
Sa(4,5,53) 1729
Sa(5,1,53) 1730
Sa(0,4,54) 1731
Sa(1,5,54) 1732
Sa(2,1,54) 1733
Sa(3,3,54) 1734
Sa(4,5,54) 1735
Sa(5,1,54) 1736
Sa(0,4,55) 1737
Sa(1,5,55) 1738
Sa(2,1,55) 1739
Sa(3,3,55) 1740
Sa(4,5,55) 1741
Sa(5,1,55) 1742
Eb(0,4,49) 1743
Sa(0,4,1) 1744
Sa(0,4,0) 1745
Sa(0,4,2) 1746
Sa(0,4,3) 1747
Sa(0,4,4) 1748
Sa(0,4,5) 1749
Sa(0,4,6) 1750
Eb(0,4,0) 1751
Eb(0,4,1) 1752
Eb(0,4,2) 1753
Eb(0,4,3) 1754
Eb(0,4,4) 1755
Eb(0,4,5) 1756
Eb(0,4,6) 1757
Eb(0,4,7) 1758
Eb(0,4,8) 1759
Eb(0,4,9) 1760
Eb(0,4,10) 1761
Eb(0,4,11) 1762
Eb(0,4,12) 1763
Eb(0,4,13) 1764
Eb(0,4,14) 1765
Eb(0,4,15) 1766
Eb(0,4,16) 1767
Eb(0,4,17) 1768
Eb(0,4,18) 1769
Eb(0,4,19) 1770
Eb(0,4,20) 1771
Eb(0,4,21) 1772
Eb(0,4,22) 1773
Eb(0,4,23) 1774
Eb(0,4,24) 1775
Eb(0,4,25) 1776
Eb(0,4,26) 1777
Eb(0,4,27) 1778
Eb(0,4,28) 1779
Eb(0,4,29) 1780
Eb(0,4,30) 1781
Eb(0,4,31) 1782
Eb(0,4,32) 1783
Eb(0,4,33) 1784
Eb(0,4,34) 1785
Eb(0,4,35) 1786
Eb(0,4,36) 1787
Eb(0,4,37) 1788
Eb(0,4,38) 1789
Eb(0,4,39) 1790
Eb(0,4,40) 1791
Eb(0,4,41) 1792
Eb(0,4,42) 1793
Eb(0,4,43) 1794
Eb(0,4,44) 1795
Eb(0,4,45) 1796
Eb(0,4,46) 1797
Eb(0,4,47) 1798
Eb(0,4,48) 1799
Eb(0,4,50) 1800
Eb(0,4,51) 1801
Eb(0,4,52) 1802
Eb(0,4,53) 1803
Eb(0,4,54) 1804
Eb(0,4,55) 1805
Sa(0,5,3) 1806
Sa(1,3,3) 1807
Sa(2,2,3) 1808
Sa(3,5,3) 1809
Sa(4,3,3) 1810
Sa(5,2,3) 1811
Sa(0,5,4) 1812
Sa(1,3,4) 1813
Sa(2,2,4) 1814
Sa(3,5,4) 1815
Sa(4,3,4) 1816
Sa(5,2,4) 1817
Sa(0,5,5) 1818
Sa(1,3,5) 1819
Sa(2,2,5) 1820
Sa(3,5,5) 1821
Sa(4,3,5) 1822
Sa(5,2,5) 1823
Sa(0,5,6) 1824
Sa(1,3,6) 1825
Sa(2,2,6) 1826
Sa(3,5,6) 1827
Sa(4,3,6) 1828
Sa(5,2,6) 1829
Sa(0,5,7) 1830
Sa(1,3,7) 1831
Sa(2,2,7) 1832
Sa(3,5,7) 1833
Sa(4,3,7) 1834
Sa(5,2,7) 1835
Sa(0,5,8) 1836
Sa(1,3,8) 1837
Sa(2,2,8) 1838
Sa(3,5,8) 1839
Sa(4,3,8) 1840
Sa(5,2,8) 1841
Sa(0,5,9) 1842
Sa(1,3,9) 1843
Sa(2,2,9) 1844
Sa(3,5,9) 1845
Sa(4,3,9) 1846
Sa(5,2,9) 1847
Sa(0,5,10) 1848
Sa(1,3,10) 1849
Sa(2,2,10) 1850
Sa(3,5,10) 1851
Sa(4,3,10) 1852
Sa(5,2,10) 1853
Sa(0,5,11) 1854
Sa(1,3,11) 1855
Sa(2,2,11) 1856
Sa(3,5,11) 1857
Sa(4,3,11) 1858
Sa(5,2,11) 1859
Sa(0,5,12) 1860
Sa(1,3,12) 1861
Sa(2,2,12) 1862
Sa(3,5,12) 1863
Sa(4,3,12) 1864
Sa(5,2,12) 1865
Sa(0,5,13) 1866
Sa(1,3,13) 1867
Sa(2,2,13) 1868
Sa(3,5,13) 1869
Sa(4,3,13) 1870
Sa(5,2,13) 1871
Sa(0,5,14) 1872
Sa(1,3,14) 1873
Sa(2,2,14) 1874
Sa(3,5,14) 1875
Sa(4,3,14) 1876
Sa(5,2,14) 1877
Sa(0,5,15) 1878
Sa(1,3,15) 1879
Sa(2,2,15) 1880
Sa(3,5,15) 1881
Sa(4,3,15) 1882
Sa(5,2,15) 1883
Sa(0,5,16) 1884
Sa(1,3,16) 1885
Sa(2,2,16) 1886
Sa(3,5,16) 1887
Sa(4,3,16) 1888
Sa(5,2,16) 1889
Sa(0,5,17) 1890
Sa(1,3,17) 1891
Sa(2,2,17) 1892
Sa(3,5,17) 1893
Sa(4,3,17) 1894
Sa(5,2,17) 1895
Sa(0,5,18) 1896
Sa(1,3,18) 1897
Sa(2,2,18) 1898
Sa(3,5,18) 1899
Sa(4,3,18) 1900
Sa(5,2,18) 1901
Sa(0,5,19) 1902
Sa(1,3,19) 1903
Sa(2,2,19) 1904
Sa(3,5,19) 1905
Sa(4,3,19) 1906
Sa(5,2,19) 1907
Sa(0,5,20) 1908
Sa(1,3,20) 1909
Sa(2,2,20) 1910
Sa(3,5,20) 1911
Sa(4,3,20) 1912
Sa(5,2,20) 1913
Sa(0,5,21) 1914
Sa(1,3,21) 1915
Sa(2,2,21) 1916
Sa(3,5,21) 1917
Sa(4,3,21) 1918
Sa(5,2,21) 1919
Sa(0,5,22) 1920
Sa(1,3,22) 1921
Sa(2,2,22) 1922
Sa(3,5,22) 1923
Sa(4,3,22) 1924
Sa(5,2,22) 1925
Sa(0,5,23) 1926
Sa(1,3,23) 1927
Sa(2,2,23) 1928
Sa(3,5,23) 1929
Sa(4,3,23) 1930
Sa(5,2,23) 1931
Sa(0,5,24) 1932
Sa(1,3,24) 1933
Sa(2,2,24) 1934
Sa(3,5,24) 1935
Sa(4,3,24) 1936
Sa(5,2,24) 1937
Sa(0,5,25) 1938
Sa(1,3,25) 1939
Sa(2,2,25) 1940
Sa(3,5,25) 1941
Sa(4,3,25) 1942
Sa(5,2,25) 1943
Sa(0,5,26) 1944
Sa(1,3,26) 1945
Sa(2,2,26) 1946
Sa(3,5,26) 1947
Sa(4,3,26) 1948
Sa(5,2,26) 1949
Sa(0,5,27) 1950
Sa(1,3,27) 1951
Sa(2,2,27) 1952
Sa(3,5,27) 1953
Sa(4,3,27) 1954
Sa(5,2,27) 1955
Sa(0,5,28) 1956
Sa(1,3,28) 1957
Sa(2,2,28) 1958
Sa(3,5,28) 1959
Sa(4,3,28) 1960
Sa(5,2,28) 1961
Sa(0,5,29) 1962
Sa(1,3,29) 1963
Sa(2,2,29) 1964
Sa(3,5,29) 1965
Sa(4,3,29) 1966
Sa(5,2,29) 1967
Sa(0,5,30) 1968
Sa(1,3,30) 1969
Sa(2,2,30) 1970
Sa(3,5,30) 1971
Sa(4,3,30) 1972
Sa(5,2,30) 1973
Sa(0,5,31) 1974
Sa(1,3,31) 1975
Sa(2,2,31) 1976
Sa(3,5,31) 1977
Sa(4,3,31) 1978
Sa(5,2,31) 1979
Sa(0,5,32) 1980
Sa(1,3,32) 1981
Sa(2,2,32) 1982
Sa(3,5,32) 1983
Sa(4,3,32) 1984
Sa(5,2,32) 1985
Sa(0,5,33) 1986
Sa(1,3,33) 1987
Sa(2,2,33) 1988
Sa(3,5,33) 1989
Sa(4,3,33) 1990
Sa(5,2,33) 1991
Sa(0,5,34) 1992
Sa(1,3,34) 1993
Sa(2,2,34) 1994
Sa(3,5,34) 1995
Sa(4,3,34) 1996
Sa(5,2,34) 1997
Sa(0,5,35) 1998
Sa(1,3,35) 1999
Sa(2,2,35) 2000
Sa(3,5,35) 2001
Sa(4,3,35) 2002
Sa(5,2,35) 2003
Sa(0,5,36) 2004
Sa(1,3,36) 2005
Sa(2,2,36) 2006
Sa(3,5,36) 2007
Sa(4,3,36) 2008
Sa(5,2,36) 2009
Sa(0,5,37) 2010
Sa(1,3,37) 2011
Sa(2,2,37) 2012
Sa(3,5,37) 2013
Sa(4,3,37) 2014
Sa(5,2,37) 2015
Sa(0,5,38) 2016
Sa(1,3,38) 2017
Sa(2,2,38) 2018
Sa(3,5,38) 2019
Sa(4,3,38) 2020
Sa(5,2,38) 2021
Sa(0,5,39) 2022
Sa(1,3,39) 2023
Sa(2,2,39) 2024
Sa(3,5,39) 2025
Sa(4,3,39) 2026
Sa(5,2,39) 2027
Sa(0,5,40) 2028
Sa(1,3,40) 2029
Sa(2,2,40) 2030
Sa(3,5,40) 2031
Sa(4,3,40) 2032
Sa(5,2,40) 2033
Sa(0,5,41) 2034
Sa(1,3,41) 2035
Sa(2,2,41) 2036
Sa(3,5,41) 2037
Sa(4,3,41) 2038
Sa(5,2,41) 2039
Sa(0,5,42) 2040
Sa(1,3,42) 2041
Sa(2,2,42) 2042
Sa(3,5,42) 2043
Sa(4,3,42) 2044
Sa(5,2,42) 2045
Sa(0,5,43) 2046
Sa(1,3,43) 2047
Sa(2,2,43) 2048
Sa(3,5,43) 2049
Sa(4,3,43) 2050
Sa(5,2,43) 2051
Sa(0,5,44) 2052
Sa(1,3,44) 2053
Sa(2,2,44) 2054
Sa(3,5,44) 2055
Sa(4,3,44) 2056
Sa(5,2,44) 2057
Sa(0,5,45) 2058
Sa(1,3,45) 2059
Sa(2,2,45) 2060
Sa(3,5,45) 2061
Sa(4,3,45) 2062
Sa(5,2,45) 2063
Sa(0,5,46) 2064
Sa(1,3,46) 2065
Sa(2,2,46) 2066
Sa(3,5,46) 2067
Sa(4,3,46) 2068
Sa(5,2,46) 2069
Sa(0,5,47) 2070
Sa(1,3,47) 2071
Sa(2,2,47) 2072
Sa(3,5,47) 2073
Sa(4,3,47) 2074
Sa(5,2,47) 2075
Sa(0,5,48) 2076
Sa(1,3,48) 2077
Sa(2,2,48) 2078
Sa(3,5,48) 2079
Sa(4,3,48) 2080
Sa(5,2,48) 2081
Sa(0,5,49) 2082
Sa(1,3,49) 2083
Sa(2,2,49) 2084
Sa(3,5,49) 2085
Sa(4,3,49) 2086
Sa(5,2,49) 2087
Sa(0,5,50) 2088
Sa(1,3,50) 2089
Sa(2,2,50) 2090
Sa(3,5,50) 2091
Sa(4,3,50) 2092
Sa(5,2,50) 2093
Sa(0,5,51) 2094
Sa(1,3,51) 2095
Sa(2,2,51) 2096
Sa(3,5,51) 2097
Sa(4,3,51) 2098
Sa(5,2,51) 2099
Sa(0,5,52) 2100
Sa(1,3,52) 2101
Sa(2,2,52) 2102
Sa(3,5,52) 2103
Sa(4,3,52) 2104
Sa(5,2,52) 2105
Sa(0,5,53) 2106
Sa(1,3,53) 2107
Sa(2,2,53) 2108
Sa(3,5,53) 2109
Sa(4,3,53) 2110
Sa(5,2,53) 2111
Sa(0,5,54) 2112
Sa(1,3,54) 2113
Sa(2,2,54) 2114
Sa(3,5,54) 2115
Sa(4,3,54) 2116
Sa(5,2,54) 2117
Sa(0,5,55) 2118
Sa(1,3,55) 2119
Sa(2,2,55) 2120
Sa(3,5,55) 2121
Sa(4,3,55) 2122
Sa(5,2,55) 2123
Eb(0,5,55) 2124
Sa(0,5,1) 2125
Sa(0,5,0) 2126
Sa(0,5,2) 2127
Eb(0,5,0) 2128
Eb(0,5,1) 2129
Eb(0,5,2) 2130
Eb(0,5,3) 2131
Eb(0,5,4) 2132
Eb(0,5,5) 2133
Eb(0,5,6) 2134
Eb(0,5,7) 2135
Eb(0,5,8) 2136
Eb(0,5,9) 2137
Eb(0,5,10) 2138
Eb(0,5,11) 2139
Eb(0,5,12) 2140
Eb(0,5,13) 2141
Eb(0,5,14) 2142
Eb(0,5,15) 2143
Eb(0,5,16) 2144
Eb(0,5,17) 2145
Eb(0,5,18) 2146
Eb(0,5,19) 2147
Eb(0,5,20) 2148
Eb(0,5,21) 2149
Eb(0,5,22) 2150
Eb(0,5,23) 2151
Eb(0,5,24) 2152
Eb(0,5,25) 2153
Eb(0,5,26) 2154
Eb(0,5,27) 2155
Eb(0,5,28) 2156
Eb(0,5,29) 2157
Eb(0,5,30) 2158
Eb(0,5,31) 2159
Eb(0,5,32) 2160
Eb(0,5,33) 2161
Eb(0,5,34) 2162
Eb(0,5,35) 2163
Eb(0,5,36) 2164
Eb(0,5,37) 2165
Eb(0,5,38) 2166
Eb(0,5,39) 2167
Eb(0,5,40) 2168
Eb(0,5,41) 2169
Eb(0,5,42) 2170
Eb(0,5,43) 2171
Eb(0,5,44) 2172
Eb(0,5,45) 2173
Eb(0,5,46) 2174
Eb(0,5,47) 2175
Eb(0,5,48) 2176
Eb(0,5,49) 2177
Eb(0,5,50) 2178
Eb(0,5,51) 2179
Eb(0,5,52) 2180
Eb(0,5,53) 2181
Eb(0,5,54) 2182
Sa(1,2,6) 2183
Sa(2,5,6) 2184
Sa(3,4,6) 2185
Sa(4,2,6) 2186
Sa(5,4,6) 2187
Sa(1,2,7) 2188
Sa(2,5,7) 2189
Sa(3,4,7) 2190
Sa(4,2,7) 2191
Sa(5,4,7) 2192
Sa(1,2,8) 2193
Sa(2,5,8) 2194
Sa(3,4,8) 2195
Sa(4,2,8) 2196
Sa(5,4,8) 2197
Sa(1,2,9) 2198
Sa(2,5,9) 2199
Sa(3,4,9) 2200
Sa(4,2,9) 2201
Sa(5,4,9) 2202
Sa(1,2,10) 2203
Sa(2,5,10) 2204
Sa(3,4,10) 2205
Sa(4,2,10) 2206
Sa(5,4,10) 2207
Sa(1,2,11) 2208
Sa(2,5,11) 2209
Sa(3,4,11) 2210
Sa(4,2,11) 2211
Sa(5,4,11) 2212
Sa(1,2,12) 2213
Sa(2,5,12) 2214
Sa(3,4,12) 2215
Sa(4,2,12) 2216
Sa(5,4,12) 2217
Sa(1,2,13) 2218
Sa(2,5,13) 2219
Sa(3,4,13) 2220
Sa(4,2,13) 2221
Sa(5,4,13) 2222
Sa(1,2,14) 2223
Sa(2,5,14) 2224
Sa(3,4,14) 2225
Sa(4,2,14) 2226
Sa(5,4,14) 2227
Sa(1,2,15) 2228
Sa(2,5,15) 2229
Sa(3,4,15) 2230
Sa(4,2,15) 2231
Sa(5,4,15) 2232
Sa(1,2,16) 2233
Sa(2,5,16) 2234
Sa(3,4,16) 2235
Sa(4,2,16) 2236
Sa(5,4,16) 2237
Sa(1,2,17) 2238
Sa(2,5,17) 2239
Sa(3,4,17) 2240
Sa(4,2,17) 2241
Sa(5,4,17) 2242
Sa(1,2,18) 2243
Sa(2,5,18) 2244
Sa(3,4,18) 2245
Sa(4,2,18) 2246
Sa(5,4,18) 2247
Sa(1,2,19) 2248
Sa(2,5,19) 2249
Sa(3,4,19) 2250
Sa(4,2,19) 2251
Sa(5,4,19) 2252
Sa(1,2,20) 2253
Sa(2,5,20) 2254
Sa(3,4,20) 2255
Sa(4,2,20) 2256
Sa(5,4,20) 2257
Sa(1,2,21) 2258
Sa(2,5,21) 2259
Sa(3,4,21) 2260
Sa(4,2,21) 2261
Sa(5,4,21) 2262
Sa(1,2,22) 2263
Sa(2,5,22) 2264
Sa(3,4,22) 2265
Sa(4,2,22) 2266
Sa(5,4,22) 2267
Sa(1,2,23) 2268
Sa(2,5,23) 2269
Sa(3,4,23) 2270
Sa(4,2,23) 2271
Sa(5,4,23) 2272
Sa(1,2,24) 2273
Sa(2,5,24) 2274
Sa(3,4,24) 2275
Sa(4,2,24) 2276
Sa(5,4,24) 2277
Sa(1,2,25) 2278
Sa(2,5,25) 2279
Sa(3,4,25) 2280
Sa(4,2,25) 2281
Sa(5,4,25) 2282
Sa(1,2,26) 2283
Sa(2,5,26) 2284
Sa(3,4,26) 2285
Sa(4,2,26) 2286
Sa(5,4,26) 2287
Sa(1,2,27) 2288
Sa(2,5,27) 2289
Sa(3,4,27) 2290
Sa(4,2,27) 2291
Sa(5,4,27) 2292
Sa(1,2,28) 2293
Sa(2,5,28) 2294
Sa(3,4,28) 2295
Sa(4,2,28) 2296
Sa(5,4,28) 2297
Sa(1,2,29) 2298
Sa(2,5,29) 2299
Sa(3,4,29) 2300
Sa(4,2,29) 2301
Sa(5,4,29) 2302
Sa(1,2,30) 2303
Sa(2,5,30) 2304
Sa(3,4,30) 2305
Sa(4,2,30) 2306
Sa(5,4,30) 2307
Sa(1,2,31) 2308
Sa(2,5,31) 2309
Sa(3,4,31) 2310
Sa(4,2,31) 2311
Sa(5,4,31) 2312
Sa(1,2,32) 2313
Sa(2,5,32) 2314
Sa(3,4,32) 2315
Sa(4,2,32) 2316
Sa(5,4,32) 2317
Sa(1,2,33) 2318
Sa(2,5,33) 2319
Sa(3,4,33) 2320
Sa(4,2,33) 2321
Sa(5,4,33) 2322
Sa(1,2,34) 2323
Sa(2,5,34) 2324
Sa(3,4,34) 2325
Sa(4,2,34) 2326
Sa(5,4,34) 2327
Sa(1,2,35) 2328
Sa(2,5,35) 2329
Sa(3,4,35) 2330
Sa(4,2,35) 2331
Sa(5,4,35) 2332
Sa(1,2,36) 2333
Sa(2,5,36) 2334
Sa(3,4,36) 2335
Sa(4,2,36) 2336
Sa(5,4,36) 2337
Sa(1,2,37) 2338
Sa(2,5,37) 2339
Sa(3,4,37) 2340
Sa(4,2,37) 2341
Sa(5,4,37) 2342
Sa(1,2,38) 2343
Sa(2,5,38) 2344
Sa(3,4,38) 2345
Sa(4,2,38) 2346
Sa(5,4,38) 2347
Sa(1,2,39) 2348
Sa(2,5,39) 2349
Sa(3,4,39) 2350
Sa(4,2,39) 2351
Sa(5,4,39) 2352
Sa(1,2,40) 2353
Sa(2,5,40) 2354
Sa(3,4,40) 2355
Sa(4,2,40) 2356
Sa(5,4,40) 2357
Sa(1,2,41) 2358
Sa(2,5,41) 2359
Sa(3,4,41) 2360
Sa(4,2,41) 2361
Sa(5,4,41) 2362
Sa(1,2,42) 2363
Sa(2,5,42) 2364
Sa(3,4,42) 2365
Sa(4,2,42) 2366
Sa(5,4,42) 2367
Sa(1,2,43) 2368
Sa(2,5,43) 2369
Sa(3,4,43) 2370
Sa(4,2,43) 2371
Sa(5,4,43) 2372
Sa(1,2,44) 2373
Sa(2,5,44) 2374
Sa(3,4,44) 2375
Sa(4,2,44) 2376
Sa(5,4,44) 2377
Sa(1,2,45) 2378
Sa(2,5,45) 2379
Sa(3,4,45) 2380
Sa(4,2,45) 2381
Sa(5,4,45) 2382
Sa(1,2,46) 2383
Sa(2,5,46) 2384
Sa(3,4,46) 2385
Sa(4,2,46) 2386
Sa(5,4,46) 2387
Sa(1,2,47) 2388
Sa(2,5,47) 2389
Sa(3,4,47) 2390
Sa(4,2,47) 2391
Sa(5,4,47) 2392
Sa(1,2,48) 2393
Sa(2,5,48) 2394
Sa(3,4,48) 2395
Sa(4,2,48) 2396
Sa(5,4,48) 2397
Sa(1,2,49) 2398
Sa(2,5,49) 2399
Sa(3,4,49) 2400
Sa(4,2,49) 2401
Sa(5,4,49) 2402
Sa(1,2,50) 2403
Sa(2,5,50) 2404
Sa(3,4,50) 2405
Sa(4,2,50) 2406
Sa(5,4,50) 2407
Sa(1,2,51) 2408
Sa(2,5,51) 2409
Sa(3,4,51) 2410
Sa(4,2,51) 2411
Sa(5,4,51) 2412
Sa(1,2,52) 2413
Sa(2,5,52) 2414
Sa(3,4,52) 2415
Sa(4,2,52) 2416
Sa(5,4,52) 2417
Sa(1,2,53) 2418
Sa(2,5,53) 2419
Sa(3,4,53) 2420
Sa(4,2,53) 2421
Sa(5,4,53) 2422
Sa(1,2,54) 2423
Sa(2,5,54) 2424
Sa(3,4,54) 2425
Sa(4,2,54) 2426
Sa(5,4,54) 2427
Sa(1,2,55) 2428
Sa(2,5,55) 2429
Sa(3,4,55) 2430
Sa(4,2,55) 2431
Sa(5,4,55) 2432
Sa(1,0,0) 2433
Eb(1,0,16) 2434
Sa(1,0,1) 2435
Sa(1,0,2) 2436
Sa(1,0,3) 2437
Sa(1,0,4) 2438
Sa(1,0,5) 2439
Eb(1,0,0) 2440
Eb(1,0,1) 2441
Eb(1,0,2) 2442
Eb(1,0,3) 2443
Eb(1,0,4) 2444
Eb(1,0,5) 2445
Eb(1,0,6) 2446
Eb(1,0,7) 2447
Eb(1,0,8) 2448
Eb(1,0,9) 2449
Eb(1,0,10) 2450
Eb(1,0,11) 2451
Eb(1,0,12) 2452
Eb(1,0,13) 2453
Eb(1,0,14) 2454
Eb(1,0,15) 2455
Eb(1,0,17) 2456
Eb(1,0,18) 2457
Eb(1,0,19) 2458
Eb(1,0,20) 2459
Eb(1,0,21) 2460
Eb(1,0,22) 2461
Eb(1,0,23) 2462
Eb(1,0,24) 2463
Eb(1,0,25) 2464
Eb(1,0,26) 2465
Eb(1,0,27) 2466
Eb(1,0,28) 2467
Eb(1,0,29) 2468
Eb(1,0,30) 2469
Eb(1,0,31) 2470
Eb(1,0,32) 2471
Eb(1,0,33) 2472
Eb(1,0,34) 2473
Eb(1,0,35) 2474
Eb(1,0,36) 2475
Eb(1,0,37) 2476
Eb(1,0,38) 2477
Eb(1,0,39) 2478
Eb(1,0,40) 2479
Eb(1,0,41) 2480
Eb(1,0,42) 2481
Eb(1,0,43) 2482
Eb(1,0,44) 2483
Eb(1,0,45) 2484
Eb(1,0,46) 2485
Eb(1,0,47) 2486
Eb(1,0,48) 2487
Eb(1,0,49) 2488
Eb(1,0,50) 2489
Eb(1,0,51) 2490
Eb(1,0,52) 2491
Eb(1,0,53) 2492
Eb(1,0,54) 2493
Eb(1,0,55) 2494
Eb(1,1,21) 2495
Sa(1,1,0) 2496
Eb(1,1,0) 2497
Eb(1,1,1) 2498
Eb(1,1,2) 2499
Eb(1,1,3) 2500
Eb(1,1,4) 2501
Eb(1,1,5) 2502
Eb(1,1,6) 2503
Eb(1,1,7) 2504
Eb(1,1,8) 2505
Eb(1,1,9) 2506
Eb(1,1,10) 2507
Eb(1,1,11) 2508
Eb(1,1,12) 2509
Eb(1,1,13) 2510
Eb(1,1,14) 2511
Eb(1,1,15) 2512
Eb(1,1,16) 2513
Eb(1,1,17) 2514
Eb(1,1,18) 2515
Eb(1,1,19) 2516
Eb(1,1,20) 2517
Eb(1,1,22) 2518
Eb(1,1,23) 2519
Eb(1,1,24) 2520
Eb(1,1,25) 2521
Eb(1,1,26) 2522
Eb(1,1,27) 2523
Eb(1,1,28) 2524
Eb(1,1,29) 2525
Eb(1,1,30) 2526
Eb(1,1,31) 2527
Eb(1,1,32) 2528
Eb(1,1,33) 2529
Eb(1,1,34) 2530
Eb(1,1,35) 2531
Eb(1,1,36) 2532
Eb(1,1,37) 2533
Eb(1,1,38) 2534
Eb(1,1,39) 2535
Eb(1,1,40) 2536
Eb(1,1,41) 2537
Eb(1,1,42) 2538
Eb(1,1,43) 2539
Eb(1,1,44) 2540
Eb(1,1,45) 2541
Eb(1,1,46) 2542
Eb(1,1,47) 2543
Eb(1,1,48) 2544
Eb(1,1,49) 2545
Eb(1,1,50) 2546
Eb(1,1,51) 2547
Eb(1,1,52) 2548
Eb(1,1,53) 2549
Eb(1,1,54) 2550
Eb(1,1,55) 2551
Sa(1,2,5) 2552
Eb(1,2,31) 2553
Sa(1,2,1) 2554
Sa(1,2,0) 2555
Sa(1,2,2) 2556
Sa(1,2,3) 2557
Sa(1,2,4) 2558
Eb(1,2,0) 2559
Eb(1,2,1) 2560
Eb(1,2,2) 2561
Eb(1,2,3) 2562
Eb(1,2,4) 2563
Eb(1,2,5) 2564
Eb(1,2,6) 2565
Eb(1,2,7) 2566
Eb(1,2,8) 2567
Eb(1,2,9) 2568
Eb(1,2,10) 2569
Eb(1,2,11) 2570
Eb(1,2,12) 2571
Eb(1,2,13) 2572
Eb(1,2,14) 2573
Eb(1,2,15) 2574
Eb(1,2,16) 2575
Eb(1,2,17) 2576
Eb(1,2,18) 2577
Eb(1,2,19) 2578
Eb(1,2,20) 2579
Eb(1,2,21) 2580
Eb(1,2,22) 2581
Eb(1,2,23) 2582
Eb(1,2,24) 2583
Eb(1,2,25) 2584
Eb(1,2,26) 2585
Eb(1,2,27) 2586
Eb(1,2,28) 2587
Eb(1,2,29) 2588
Eb(1,2,30) 2589
Eb(1,2,32) 2590
Eb(1,2,33) 2591
Eb(1,2,34) 2592
Eb(1,2,35) 2593
Eb(1,2,36) 2594
Eb(1,2,37) 2595
Eb(1,2,38) 2596
Eb(1,2,39) 2597
Eb(1,2,40) 2598
Eb(1,2,41) 2599
Eb(1,2,42) 2600
Eb(1,2,43) 2601
Eb(1,2,44) 2602
Eb(1,2,45) 2603
Eb(1,2,46) 2604
Eb(1,2,47) 2605
Eb(1,2,48) 2606
Eb(1,2,49) 2607
Eb(1,2,50) 2608
Eb(1,2,51) 2609
Eb(1,2,52) 2610
Eb(1,2,53) 2611
Eb(1,2,54) 2612
Eb(1,2,55) 2613
Eb(1,3,41) 2614
Sa(1,3,1) 2615
Sa(1,3,0) 2616
Sa(1,3,2) 2617
Eb(1,3,0) 2618
Eb(1,3,1) 2619
Eb(1,3,2) 2620
Eb(1,3,3) 2621
Eb(1,3,4) 2622
Eb(1,3,5) 2623
Eb(1,3,6) 2624
Eb(1,3,7) 2625
Eb(1,3,8) 2626
Eb(1,3,9) 2627
Eb(1,3,10) 2628
Eb(1,3,11) 2629
Eb(1,3,12) 2630
Eb(1,3,13) 2631
Eb(1,3,14) 2632
Eb(1,3,15) 2633
Eb(1,3,16) 2634
Eb(1,3,17) 2635
Eb(1,3,18) 2636
Eb(1,3,19) 2637
Eb(1,3,20) 2638
Eb(1,3,21) 2639
Eb(1,3,22) 2640
Eb(1,3,23) 2641
Eb(1,3,24) 2642
Eb(1,3,25) 2643
Eb(1,3,26) 2644
Eb(1,3,27) 2645
Eb(1,3,28) 2646
Eb(1,3,29) 2647
Eb(1,3,30) 2648
Eb(1,3,31) 2649
Eb(1,3,32) 2650
Eb(1,3,33) 2651
Eb(1,3,34) 2652
Eb(1,3,35) 2653
Eb(1,3,36) 2654
Eb(1,3,37) 2655
Eb(1,3,38) 2656
Eb(1,3,39) 2657
Eb(1,3,40) 2658
Eb(1,3,42) 2659
Eb(1,3,43) 2660
Eb(1,3,44) 2661
Eb(1,3,45) 2662
Eb(1,3,46) 2663
Eb(1,3,47) 2664
Eb(1,3,48) 2665
Eb(1,3,49) 2666
Eb(1,3,50) 2667
Eb(1,3,51) 2668
Eb(1,3,52) 2669
Eb(1,3,53) 2670
Eb(1,3,54) 2671
Eb(1,3,55) 2672
Eb(1,4,51) 2673
Sa(1,4,1) 2674
Sa(1,4,0) 2675
Sa(1,4,2) 2676
Eb(1,4,0) 2677
Eb(1,4,1) 2678
Eb(1,4,2) 2679
Eb(1,4,3) 2680
Eb(1,4,4) 2681
Eb(1,4,5) 2682
Eb(1,4,6) 2683
Eb(1,4,7) 2684
Eb(1,4,8) 2685
Eb(1,4,9) 2686
Eb(1,4,10) 2687
Eb(1,4,11) 2688
Eb(1,4,12) 2689
Eb(1,4,13) 2690
Eb(1,4,14) 2691
Eb(1,4,15) 2692
Eb(1,4,16) 2693
Eb(1,4,17) 2694
Eb(1,4,18) 2695
Eb(1,4,19) 2696
Eb(1,4,20) 2697
Eb(1,4,21) 2698
Eb(1,4,22) 2699
Eb(1,4,23) 2700
Eb(1,4,24) 2701
Eb(1,4,25) 2702
Eb(1,4,26) 2703
Eb(1,4,27) 2704
Eb(1,4,28) 2705
Eb(1,4,29) 2706
Eb(1,4,30) 2707
Eb(1,4,31) 2708
Eb(1,4,32) 2709
Eb(1,4,33) 2710
Eb(1,4,34) 2711
Eb(1,4,35) 2712
Eb(1,4,36) 2713
Eb(1,4,37) 2714
Eb(1,4,38) 2715
Eb(1,4,39) 2716
Eb(1,4,40) 2717
Eb(1,4,41) 2718
Eb(1,4,42) 2719
Eb(1,4,43) 2720
Eb(1,4,44) 2721
Eb(1,4,45) 2722
Eb(1,4,46) 2723
Eb(1,4,47) 2724
Eb(1,4,48) 2725
Eb(1,4,49) 2726
Eb(1,4,50) 2727
Eb(1,4,52) 2728
Eb(1,4,53) 2729
Eb(1,4,54) 2730
Eb(1,4,55) 2731
Eb(1,5,55) 2732
Sa(1,5,1) 2733
Sa(1,5,0) 2734
Sa(1,5,2) 2735
Sa(1,5,3) 2736
Sa(1,5,4) 2737
Sa(1,5,5) 2738
Sa(1,5,6) 2739
Eb(1,5,0) 2740
Eb(1,5,1) 2741
Eb(1,5,2) 2742
Eb(1,5,3) 2743
Eb(1,5,4) 2744
Eb(1,5,5) 2745
Eb(1,5,6) 2746
Eb(1,5,7) 2747
Eb(1,5,8) 2748
Eb(1,5,9) 2749
Eb(1,5,10) 2750
Eb(1,5,11) 2751
Eb(1,5,12) 2752
Eb(1,5,13) 2753
Eb(1,5,14) 2754
Eb(1,5,15) 2755
Eb(1,5,16) 2756
Eb(1,5,17) 2757
Eb(1,5,18) 2758
Eb(1,5,19) 2759
Eb(1,5,20) 2760
Eb(1,5,21) 2761
Eb(1,5,22) 2762
Eb(1,5,23) 2763
Eb(1,5,24) 2764
Eb(1,5,25) 2765
Eb(1,5,26) 2766
Eb(1,5,27) 2767
Eb(1,5,28) 2768
Eb(1,5,29) 2769
Eb(1,5,30) 2770
Eb(1,5,31) 2771
Eb(1,5,32) 2772
Eb(1,5,33) 2773
Eb(1,5,34) 2774
Eb(1,5,35) 2775
Eb(1,5,36) 2776
Eb(1,5,37) 2777
Eb(1,5,38) 2778
Eb(1,5,39) 2779
Eb(1,5,40) 2780
Eb(1,5,41) 2781
Eb(1,5,42) 2782
Eb(1,5,43) 2783
Eb(1,5,44) 2784
Eb(1,5,45) 2785
Eb(1,5,46) 2786
Eb(1,5,47) 2787
Eb(1,5,48) 2788
Eb(1,5,49) 2789
Eb(1,5,50) 2790
Eb(1,5,51) 2791
Eb(1,5,52) 2792
Eb(1,5,53) 2793
Eb(1,5,54) 2794
Sa(2,1,4) 2795
Sa(3,3,4) 2796
Sa(4,5,4) 2797
Sa(5,1,4) 2798
Sa(2,1,5) 2799
Sa(3,3,5) 2800
Sa(4,5,5) 2801
Sa(5,1,5) 2802
Sa(2,1,6) 2803
Sa(3,3,6) 2804
Sa(4,5,6) 2805
Sa(5,1,6) 2806
Sa(2,0,0) 2807
Eb(2,0,26) 2808
Eb(2,0,0) 2809
Eb(2,0,1) 2810
Eb(2,0,2) 2811
Eb(2,0,3) 2812
Eb(2,0,4) 2813
Eb(2,0,5) 2814
Eb(2,0,6) 2815
Eb(2,0,7) 2816
Eb(2,0,8) 2817
Eb(2,0,9) 2818
Eb(2,0,10) 2819
Eb(2,0,11) 2820
Eb(2,0,12) 2821
Eb(2,0,13) 2822
Eb(2,0,14) 2823
Eb(2,0,15) 2824
Eb(2,0,16) 2825
Eb(2,0,17) 2826
Eb(2,0,18) 2827
Eb(2,0,19) 2828
Eb(2,0,20) 2829
Eb(2,0,21) 2830
Eb(2,0,22) 2831
Eb(2,0,23) 2832
Eb(2,0,24) 2833
Eb(2,0,25) 2834
Eb(2,0,27) 2835
Eb(2,0,28) 2836
Eb(2,0,29) 2837
Eb(2,0,30) 2838
Eb(2,0,31) 2839
Eb(2,0,32) 2840
Eb(2,0,33) 2841
Eb(2,0,34) 2842
Eb(2,0,35) 2843
Eb(2,0,36) 2844
Eb(2,0,37) 2845
Eb(2,0,38) 2846
Eb(2,0,39) 2847
Eb(2,0,40) 2848
Eb(2,0,41) 2849
Eb(2,0,42) 2850
Eb(2,0,43) 2851
Eb(2,0,44) 2852
Eb(2,0,45) 2853
Eb(2,0,46) 2854
Eb(2,0,47) 2855
Eb(2,0,48) 2856
Eb(2,0,49) 2857
Eb(2,0,50) 2858
Eb(2,0,51) 2859
Eb(2,0,52) 2860
Eb(2,0,53) 2861
Eb(2,0,54) 2862
Eb(2,0,55) 2863
Eb(2,1,30) 2864
Sa(2,1,1) 2865
Sa(2,1,0) 2866
Sa(2,1,2) 2867
Sa(2,1,3) 2868
Eb(2,1,0) 2869
Eb(2,1,1) 2870
Eb(2,1,2) 2871
Eb(2,1,3) 2872
Eb(2,1,4) 2873
Eb(2,1,5) 2874
Eb(2,1,6) 2875
Eb(2,1,7) 2876
Eb(2,1,8) 2877
Eb(2,1,9) 2878
Eb(2,1,10) 2879
Eb(2,1,11) 2880
Eb(2,1,12) 2881
Eb(2,1,13) 2882
Eb(2,1,14) 2883
Eb(2,1,15) 2884
Eb(2,1,16) 2885
Eb(2,1,17) 2886
Eb(2,1,18) 2887
Eb(2,1,19) 2888
Eb(2,1,20) 2889
Eb(2,1,21) 2890
Eb(2,1,22) 2891
Eb(2,1,23) 2892
Eb(2,1,24) 2893
Eb(2,1,25) 2894
Eb(2,1,26) 2895
Eb(2,1,27) 2896
Eb(2,1,28) 2897
Eb(2,1,29) 2898
Eb(2,1,31) 2899
Eb(2,1,32) 2900
Eb(2,1,33) 2901
Eb(2,1,34) 2902
Eb(2,1,35) 2903
Eb(2,1,36) 2904
Eb(2,1,37) 2905
Eb(2,1,38) 2906
Eb(2,1,39) 2907
Eb(2,1,40) 2908
Eb(2,1,41) 2909
Eb(2,1,42) 2910
Eb(2,1,43) 2911
Eb(2,1,44) 2912
Eb(2,1,45) 2913
Eb(2,1,46) 2914
Eb(2,1,47) 2915
Eb(2,1,48) 2916
Eb(2,1,49) 2917
Eb(2,1,50) 2918
Eb(2,1,51) 2919
Eb(2,1,52) 2920
Eb(2,1,53) 2921
Eb(2,1,54) 2922
Eb(2,1,55) 2923
Eb(2,2,38) 2924
Sa(2,2,1) 2925
Sa(2,2,0) 2926
Sa(2,2,2) 2927
Eb(2,2,0) 2928
Eb(2,2,1) 2929
Eb(2,2,2) 2930
Eb(2,2,3) 2931
Eb(2,2,4) 2932
Eb(2,2,5) 2933
Eb(2,2,6) 2934
Eb(2,2,7) 2935
Eb(2,2,8) 2936
Eb(2,2,9) 2937
Eb(2,2,10) 2938
Eb(2,2,11) 2939
Eb(2,2,12) 2940
Eb(2,2,13) 2941
Eb(2,2,14) 2942
Eb(2,2,15) 2943
Eb(2,2,16) 2944
Eb(2,2,17) 2945
Eb(2,2,18) 2946
Eb(2,2,19) 2947
Eb(2,2,20) 2948
Eb(2,2,21) 2949
Eb(2,2,22) 2950
Eb(2,2,23) 2951
Eb(2,2,24) 2952
Eb(2,2,25) 2953
Eb(2,2,26) 2954
Eb(2,2,27) 2955
Eb(2,2,28) 2956
Eb(2,2,29) 2957
Eb(2,2,30) 2958
Eb(2,2,31) 2959
Eb(2,2,32) 2960
Eb(2,2,33) 2961
Eb(2,2,34) 2962
Eb(2,2,35) 2963
Eb(2,2,36) 2964
Eb(2,2,37) 2965
Eb(2,2,39) 2966
Eb(2,2,40) 2967
Eb(2,2,41) 2968
Eb(2,2,42) 2969
Eb(2,2,43) 2970
Eb(2,2,44) 2971
Eb(2,2,45) 2972
Eb(2,2,46) 2973
Eb(2,2,47) 2974
Eb(2,2,48) 2975
Eb(2,2,49) 2976
Eb(2,2,50) 2977
Eb(2,2,51) 2978
Eb(2,2,52) 2979
Eb(2,2,53) 2980
Eb(2,2,54) 2981
Eb(2,2,55) 2982
Eb(2,3,47) 2983
Sa(2,3,1) 2984
Sa(2,3,0) 2985
Sa(2,3,2) 2986
Eb(2,3,0) 2987
Eb(2,3,1) 2988
Eb(2,3,2) 2989
Eb(2,3,3) 2990
Eb(2,3,4) 2991
Eb(2,3,5) 2992
Eb(2,3,6) 2993
Eb(2,3,7) 2994
Eb(2,3,8) 2995
Eb(2,3,9) 2996
Eb(2,3,10) 2997
Eb(2,3,11) 2998
Eb(2,3,12) 2999
Eb(2,3,13) 3000
Eb(2,3,14) 3001
Eb(2,3,15) 3002
Eb(2,3,16) 3003
Eb(2,3,17) 3004
Eb(2,3,18) 3005
Eb(2,3,19) 3006
Eb(2,3,20) 3007
Eb(2,3,21) 3008
Eb(2,3,22) 3009
Eb(2,3,23) 3010
Eb(2,3,24) 3011
Eb(2,3,25) 3012
Eb(2,3,26) 3013
Eb(2,3,27) 3014
Eb(2,3,28) 3015
Eb(2,3,29) 3016
Eb(2,3,30) 3017
Eb(2,3,31) 3018
Eb(2,3,32) 3019
Eb(2,3,33) 3020
Eb(2,3,34) 3021
Eb(2,3,35) 3022
Eb(2,3,36) 3023
Eb(2,3,37) 3024
Eb(2,3,38) 3025
Eb(2,3,39) 3026
Eb(2,3,40) 3027
Eb(2,3,41) 3028
Eb(2,3,42) 3029
Eb(2,3,43) 3030
Eb(2,3,44) 3031
Eb(2,3,45) 3032
Eb(2,3,46) 3033
Eb(2,3,48) 3034
Eb(2,3,49) 3035
Eb(2,3,50) 3036
Eb(2,3,51) 3037
Eb(2,3,52) 3038
Eb(2,3,53) 3039
Eb(2,3,54) 3040
Eb(2,3,55) 3041
Eb(2,4,48) 3042
Sa(2,4,1) 3043
Sa(2,4,0) 3044
Sa(2,4,2) 3045
Sa(2,4,3) 3046
Sa(2,4,4) 3047
Sa(2,4,5) 3048
Eb(2,4,0) 3049
Eb(2,4,1) 3050
Eb(2,4,2) 3051
Eb(2,4,3) 3052
Eb(2,4,4) 3053
Eb(2,4,5) 3054
Eb(2,4,6) 3055
Eb(2,4,7) 3056
Eb(2,4,8) 3057
Eb(2,4,9) 3058
Eb(2,4,10) 3059
Eb(2,4,11) 3060
Eb(2,4,12) 3061
Eb(2,4,13) 3062
Eb(2,4,14) 3063
Eb(2,4,15) 3064
Eb(2,4,16) 3065
Eb(2,4,17) 3066
Eb(2,4,18) 3067
Eb(2,4,19) 3068
Eb(2,4,20) 3069
Eb(2,4,21) 3070
Eb(2,4,22) 3071
Eb(2,4,23) 3072
Eb(2,4,24) 3073
Eb(2,4,25) 3074
Eb(2,4,26) 3075
Eb(2,4,27) 3076
Eb(2,4,28) 3077
Eb(2,4,29) 3078
Eb(2,4,30) 3079
Eb(2,4,31) 3080
Eb(2,4,32) 3081
Eb(2,4,33) 3082
Eb(2,4,34) 3083
Eb(2,4,35) 3084
Eb(2,4,36) 3085
Eb(2,4,37) 3086
Eb(2,4,38) 3087
Eb(2,4,39) 3088
Eb(2,4,40) 3089
Eb(2,4,41) 3090
Eb(2,4,42) 3091
Eb(2,4,43) 3092
Eb(2,4,44) 3093
Eb(2,4,45) 3094
Eb(2,4,46) 3095
Eb(2,4,47) 3096
Eb(2,4,49) 3097
Eb(2,4,50) 3098
Eb(2,4,51) 3099
Eb(2,4,52) 3100
Eb(2,4,53) 3101
Eb(2,4,54) 3102
Eb(2,4,55) 3103
Sa(2,5,1) 3104
Sa(3,0,1) 3105
Sa(4,1,1) 3106
Sa(5,0,1) 3107
Sa(2,5,2) 3108
Sa(3,0,2) 3109
Sa(4,1,2) 3110
Sa(5,0,2) 3111
Sa(2,5,3) 3112
Sa(3,0,3) 3113
Sa(4,1,3) 3114
Sa(5,0,3) 3115
Sa(2,5,4) 3116
Sa(3,0,4) 3117
Sa(4,1,4) 3118
Sa(5,0,4) 3119
Sa(2,5,5) 3120
Sa(3,0,5) 3121
Sa(4,1,5) 3122
Sa(5,0,5) 3123
Eb(2,5,55) 3124
Sa(2,5,0) 3125
Eb(2,5,0) 3126
Eb(2,5,1) 3127
Eb(2,5,2) 3128
Eb(2,5,3) 3129
Eb(2,5,4) 3130
Eb(2,5,5) 3131
Eb(2,5,6) 3132
Eb(2,5,7) 3133
Eb(2,5,8) 3134
Eb(2,5,9) 3135
Eb(2,5,10) 3136
Eb(2,5,11) 3137
Eb(2,5,12) 3138
Eb(2,5,13) 3139
Eb(2,5,14) 3140
Eb(2,5,15) 3141
Eb(2,5,16) 3142
Eb(2,5,17) 3143
Eb(2,5,18) 3144
Eb(2,5,19) 3145
Eb(2,5,20) 3146
Eb(2,5,21) 3147
Eb(2,5,22) 3148
Eb(2,5,23) 3149
Eb(2,5,24) 3150
Eb(2,5,25) 3151
Eb(2,5,26) 3152
Eb(2,5,27) 3153
Eb(2,5,28) 3154
Eb(2,5,29) 3155
Eb(2,5,30) 3156
Eb(2,5,31) 3157
Eb(2,5,32) 3158
Eb(2,5,33) 3159
Eb(2,5,34) 3160
Eb(2,5,35) 3161
Eb(2,5,36) 3162
Eb(2,5,37) 3163
Eb(2,5,38) 3164
Eb(2,5,39) 3165
Eb(2,5,40) 3166
Eb(2,5,41) 3167
Eb(2,5,42) 3168
Eb(2,5,43) 3169
Eb(2,5,44) 3170
Eb(2,5,45) 3171
Eb(2,5,46) 3172
Eb(2,5,47) 3173
Eb(2,5,48) 3174
Eb(2,5,49) 3175
Eb(2,5,50) 3176
Eb(2,5,51) 3177
Eb(2,5,52) 3178
Eb(2,5,53) 3179
Eb(2,5,54) 3180
Sa(3,0,0) 3181
Eb(3,0,25) 3182
Eb(3,0,0) 3183
Eb(3,0,1) 3184
Eb(3,0,2) 3185
Eb(3,0,3) 3186
Eb(3,0,4) 3187
Eb(3,0,5) 3188
Eb(3,0,6) 3189
Eb(3,0,7) 3190
Eb(3,0,8) 3191
Eb(3,0,9) 3192
Eb(3,0,10) 3193
Eb(3,0,11) 3194
Eb(3,0,12) 3195
Eb(3,0,13) 3196
Eb(3,0,14) 3197
Eb(3,0,15) 3198
Eb(3,0,16) 3199
Eb(3,0,17) 3200
Eb(3,0,18) 3201
Eb(3,0,19) 3202
Eb(3,0,20) 3203
Eb(3,0,21) 3204
Eb(3,0,22) 3205
Eb(3,0,23) 3206
Eb(3,0,24) 3207
Eb(3,0,26) 3208
Eb(3,0,27) 3209
Eb(3,0,28) 3210
Eb(3,0,29) 3211
Eb(3,0,30) 3212
Eb(3,0,31) 3213
Eb(3,0,32) 3214
Eb(3,0,33) 3215
Eb(3,0,34) 3216
Eb(3,0,35) 3217
Eb(3,0,36) 3218
Eb(3,0,37) 3219
Eb(3,0,38) 3220
Eb(3,0,39) 3221
Eb(3,0,40) 3222
Eb(3,0,41) 3223
Eb(3,0,42) 3224
Eb(3,0,43) 3225
Eb(3,0,44) 3226
Eb(3,0,45) 3227
Eb(3,0,46) 3228
Eb(3,0,47) 3229
Eb(3,0,48) 3230
Eb(3,0,49) 3231
Eb(3,0,50) 3232
Eb(3,0,51) 3233
Eb(3,0,52) 3234
Eb(3,0,53) 3235
Eb(3,0,54) 3236
Eb(3,0,55) 3237
Eb(3,1,30) 3238
Sa(3,1,1) 3239
Sa(3,1,0) 3240
Sa(3,1,2) 3241
Eb(3,1,0) 3242
Eb(3,1,1) 3243
Eb(3,1,2) 3244
Eb(3,1,3) 3245
Eb(3,1,4) 3246
Eb(3,1,5) 3247
Eb(3,1,6) 3248
Eb(3,1,7) 3249
Eb(3,1,8) 3250
Eb(3,1,9) 3251
Eb(3,1,10) 3252
Eb(3,1,11) 3253
Eb(3,1,12) 3254
Eb(3,1,13) 3255
Eb(3,1,14) 3256
Eb(3,1,15) 3257
Eb(3,1,16) 3258
Eb(3,1,17) 3259
Eb(3,1,18) 3260
Eb(3,1,19) 3261
Eb(3,1,20) 3262
Eb(3,1,21) 3263
Eb(3,1,22) 3264
Eb(3,1,23) 3265
Eb(3,1,24) 3266
Eb(3,1,25) 3267
Eb(3,1,26) 3268
Eb(3,1,27) 3269
Eb(3,1,28) 3270
Eb(3,1,29) 3271
Eb(3,1,31) 3272
Eb(3,1,32) 3273
Eb(3,1,33) 3274
Eb(3,1,34) 3275
Eb(3,1,35) 3276
Eb(3,1,36) 3277
Eb(3,1,37) 3278
Eb(3,1,38) 3279
Eb(3,1,39) 3280
Eb(3,1,40) 3281
Eb(3,1,41) 3282
Eb(3,1,42) 3283
Eb(3,1,43) 3284
Eb(3,1,44) 3285
Eb(3,1,45) 3286
Eb(3,1,46) 3287
Eb(3,1,47) 3288
Eb(3,1,48) 3289
Eb(3,1,49) 3290
Eb(3,1,50) 3291
Eb(3,1,51) 3292
Eb(3,1,52) 3293
Eb(3,1,53) 3294
Eb(3,1,54) 3295
Eb(3,1,55) 3296
Eb(3,2,35) 3297
Sa(3,2,0) 3298
Eb(3,2,0) 3299
Eb(3,2,1) 3300
Eb(3,2,2) 3301
Eb(3,2,3) 3302
Eb(3,2,4) 3303
Eb(3,2,5) 3304
Eb(3,2,6) 3305
Eb(3,2,7) 3306
Eb(3,2,8) 3307
Eb(3,2,9) 3308
Eb(3,2,10) 3309
Eb(3,2,11) 3310
Eb(3,2,12) 3311
Eb(3,2,13) 3312
Eb(3,2,14) 3313
Eb(3,2,15) 3314
Eb(3,2,16) 3315
Eb(3,2,17) 3316
Eb(3,2,18) 3317
Eb(3,2,19) 3318
Eb(3,2,20) 3319
Eb(3,2,21) 3320
Eb(3,2,22) 3321
Eb(3,2,23) 3322
Eb(3,2,24) 3323
Eb(3,2,25) 3324
Eb(3,2,26) 3325
Eb(3,2,27) 3326
Eb(3,2,28) 3327
Eb(3,2,29) 3328
Eb(3,2,30) 3329
Eb(3,2,31) 3330
Eb(3,2,32) 3331
Eb(3,2,33) 3332
Eb(3,2,34) 3333
Eb(3,2,36) 3334
Eb(3,2,37) 3335
Eb(3,2,38) 3336
Eb(3,2,39) 3337
Eb(3,2,40) 3338
Eb(3,2,41) 3339
Eb(3,2,42) 3340
Eb(3,2,43) 3341
Eb(3,2,44) 3342
Eb(3,2,45) 3343
Eb(3,2,46) 3344
Eb(3,2,47) 3345
Eb(3,2,48) 3346
Eb(3,2,49) 3347
Eb(3,2,50) 3348
Eb(3,2,51) 3349
Eb(3,2,52) 3350
Eb(3,2,53) 3351
Eb(3,2,54) 3352
Eb(3,2,55) 3353
Eb(3,3,38) 3354
Sa(3,3,1) 3355
Sa(3,3,0) 3356
Sa(3,3,2) 3357
Sa(3,3,3) 3358
Eb(3,3,0) 3359
Eb(3,3,1) 3360
Eb(3,3,2) 3361
Eb(3,3,3) 3362
Eb(3,3,4) 3363
Eb(3,3,5) 3364
Eb(3,3,6) 3365
Eb(3,3,7) 3366
Eb(3,3,8) 3367
Eb(3,3,9) 3368
Eb(3,3,10) 3369
Eb(3,3,11) 3370
Eb(3,3,12) 3371
Eb(3,3,13) 3372
Eb(3,3,14) 3373
Eb(3,3,15) 3374
Eb(3,3,16) 3375
Eb(3,3,17) 3376
Eb(3,3,18) 3377
Eb(3,3,19) 3378
Eb(3,3,20) 3379
Eb(3,3,21) 3380
Eb(3,3,22) 3381
Eb(3,3,23) 3382
Eb(3,3,24) 3383
Eb(3,3,25) 3384
Eb(3,3,26) 3385
Eb(3,3,27) 3386
Eb(3,3,28) 3387
Eb(3,3,29) 3388
Eb(3,3,30) 3389
Eb(3,3,31) 3390
Eb(3,3,32) 3391
Eb(3,3,33) 3392
Eb(3,3,34) 3393
Eb(3,3,35) 3394
Eb(3,3,36) 3395
Eb(3,3,37) 3396
Eb(3,3,39) 3397
Eb(3,3,40) 3398
Eb(3,3,41) 3399
Eb(3,3,42) 3400
Eb(3,3,43) 3401
Eb(3,3,44) 3402
Eb(3,3,45) 3403
Eb(3,3,46) 3404
Eb(3,3,47) 3405
Eb(3,3,48) 3406
Eb(3,3,49) 3407
Eb(3,3,50) 3408
Eb(3,3,51) 3409
Eb(3,3,52) 3410
Eb(3,3,53) 3411
Eb(3,3,54) 3412
Eb(3,3,55) 3413
Sa(3,4,3) 3414
Sa(4,5,3) 3415
Sa(5,1,3) 3416
Sa(3,4,4) 3417
Sa(3,4,5) 3418
Eb(3,4,46) 3419
Sa(3,4,1) 3420
Sa(3,4,0) 3421
Sa(3,4,2) 3422
Eb(3,4,0) 3423
Eb(3,4,1) 3424
Eb(3,4,2) 3425
Eb(3,4,3) 3426
Eb(3,4,4) 3427
Eb(3,4,5) 3428
Eb(3,4,6) 3429
Eb(3,4,7) 3430
Eb(3,4,8) 3431
Eb(3,4,9) 3432
Eb(3,4,10) 3433
Eb(3,4,11) 3434
Eb(3,4,12) 3435
Eb(3,4,13) 3436
Eb(3,4,14) 3437
Eb(3,4,15) 3438
Eb(3,4,16) 3439
Eb(3,4,17) 3440
Eb(3,4,18) 3441
Eb(3,4,19) 3442
Eb(3,4,20) 3443
Eb(3,4,21) 3444
Eb(3,4,22) 3445
Eb(3,4,23) 3446
Eb(3,4,24) 3447
Eb(3,4,25) 3448
Eb(3,4,26) 3449
Eb(3,4,27) 3450
Eb(3,4,28) 3451
Eb(3,4,29) 3452
Eb(3,4,30) 3453
Eb(3,4,31) 3454
Eb(3,4,32) 3455
Eb(3,4,33) 3456
Eb(3,4,34) 3457
Eb(3,4,35) 3458
Eb(3,4,36) 3459
Eb(3,4,37) 3460
Eb(3,4,38) 3461
Eb(3,4,39) 3462
Eb(3,4,40) 3463
Eb(3,4,41) 3464
Eb(3,4,42) 3465
Eb(3,4,43) 3466
Eb(3,4,44) 3467
Eb(3,4,45) 3468
Eb(3,4,47) 3469
Eb(3,4,48) 3470
Eb(3,4,49) 3471
Eb(3,4,50) 3472
Eb(3,4,51) 3473
Eb(3,4,52) 3474
Eb(3,4,53) 3475
Eb(3,4,54) 3476
Eb(3,4,55) 3477
Eb(3,5,55) 3478
Sa(3,5,1) 3479
Sa(3,5,0) 3480
Sa(3,5,2) 3481
Eb(3,5,0) 3482
Eb(3,5,1) 3483
Eb(3,5,2) 3484
Eb(3,5,3) 3485
Eb(3,5,4) 3486
Eb(3,5,5) 3487
Eb(3,5,6) 3488
Eb(3,5,7) 3489
Eb(3,5,8) 3490
Eb(3,5,9) 3491
Eb(3,5,10) 3492
Eb(3,5,11) 3493
Eb(3,5,12) 3494
Eb(3,5,13) 3495
Eb(3,5,14) 3496
Eb(3,5,15) 3497
Eb(3,5,16) 3498
Eb(3,5,17) 3499
Eb(3,5,18) 3500
Eb(3,5,19) 3501
Eb(3,5,20) 3502
Eb(3,5,21) 3503
Eb(3,5,22) 3504
Eb(3,5,23) 3505
Eb(3,5,24) 3506
Eb(3,5,25) 3507
Eb(3,5,26) 3508
Eb(3,5,27) 3509
Eb(3,5,28) 3510
Eb(3,5,29) 3511
Eb(3,5,30) 3512
Eb(3,5,31) 3513
Eb(3,5,32) 3514
Eb(3,5,33) 3515
Eb(3,5,34) 3516
Eb(3,5,35) 3517
Eb(3,5,36) 3518
Eb(3,5,37) 3519
Eb(3,5,38) 3520
Eb(3,5,39) 3521
Eb(3,5,40) 3522
Eb(3,5,41) 3523
Eb(3,5,42) 3524
Eb(3,5,43) 3525
Eb(3,5,44) 3526
Eb(3,5,45) 3527
Eb(3,5,46) 3528
Eb(3,5,47) 3529
Eb(3,5,48) 3530
Eb(3,5,49) 3531
Eb(3,5,50) 3532
Eb(3,5,51) 3533
Eb(3,5,52) 3534
Eb(3,5,53) 3535
Eb(3,5,54) 3536
Sa(4,0,0) 3537
Eb(4,0,39) 3538
Eb(4,0,0) 3539
Eb(4,0,1) 3540
Eb(4,0,2) 3541
Eb(4,0,3) 3542
Eb(4,0,4) 3543
Eb(4,0,5) 3544
Eb(4,0,6) 3545
Eb(4,0,7) 3546
Eb(4,0,8) 3547
Eb(4,0,9) 3548
Eb(4,0,10) 3549
Eb(4,0,11) 3550
Eb(4,0,12) 3551
Eb(4,0,13) 3552
Eb(4,0,14) 3553
Eb(4,0,15) 3554
Eb(4,0,16) 3555
Eb(4,0,17) 3556
Eb(4,0,18) 3557
Eb(4,0,19) 3558
Eb(4,0,20) 3559
Eb(4,0,21) 3560
Eb(4,0,22) 3561
Eb(4,0,23) 3562
Eb(4,0,24) 3563
Eb(4,0,25) 3564
Eb(4,0,26) 3565
Eb(4,0,27) 3566
Eb(4,0,28) 3567
Eb(4,0,29) 3568
Eb(4,0,30) 3569
Eb(4,0,31) 3570
Eb(4,0,32) 3571
Eb(4,0,33) 3572
Eb(4,0,34) 3573
Eb(4,0,35) 3574
Eb(4,0,36) 3575
Eb(4,0,37) 3576
Eb(4,0,38) 3577
Eb(4,0,40) 3578
Eb(4,0,41) 3579
Eb(4,0,42) 3580
Eb(4,0,43) 3581
Eb(4,0,44) 3582
Eb(4,0,45) 3583
Eb(4,0,46) 3584
Eb(4,0,47) 3585
Eb(4,0,48) 3586
Eb(4,0,49) 3587
Eb(4,0,50) 3588
Eb(4,0,51) 3589
Eb(4,0,52) 3590
Eb(4,0,53) 3591
Eb(4,0,54) 3592
Eb(4,0,55) 3593
Eb(4,1,42) 3594
Sa(4,1,0) 3595
Eb(4,1,0) 3596
Eb(4,1,1) 3597
Eb(4,1,2) 3598
Eb(4,1,3) 3599
Eb(4,1,4) 3600
Eb(4,1,5) 3601
Eb(4,1,6) 3602
Eb(4,1,7) 3603
Eb(4,1,8) 3604
Eb(4,1,9) 3605
Eb(4,1,10) 3606
Eb(4,1,11) 3607
Eb(4,1,12) 3608
Eb(4,1,13) 3609
Eb(4,1,14) 3610
Eb(4,1,15) 3611
Eb(4,1,16) 3612
Eb(4,1,17) 3613
Eb(4,1,18) 3614
Eb(4,1,19) 3615
Eb(4,1,20) 3616
Eb(4,1,21) 3617
Eb(4,1,22) 3618
Eb(4,1,23) 3619
Eb(4,1,24) 3620
Eb(4,1,25) 3621
Eb(4,1,26) 3622
Eb(4,1,27) 3623
Eb(4,1,28) 3624
Eb(4,1,29) 3625
Eb(4,1,30) 3626
Eb(4,1,31) 3627
Eb(4,1,32) 3628
Eb(4,1,33) 3629
Eb(4,1,34) 3630
Eb(4,1,35) 3631
Eb(4,1,36) 3632
Eb(4,1,37) 3633
Eb(4,1,38) 3634
Eb(4,1,39) 3635
Eb(4,1,40) 3636
Eb(4,1,41) 3637
Eb(4,1,43) 3638
Eb(4,1,44) 3639
Eb(4,1,45) 3640
Eb(4,1,46) 3641
Eb(4,1,47) 3642
Eb(4,1,48) 3643
Eb(4,1,49) 3644
Eb(4,1,50) 3645
Eb(4,1,51) 3646
Eb(4,1,52) 3647
Eb(4,1,53) 3648
Eb(4,1,54) 3649
Eb(4,1,55) 3650
Sa(4,2,3) 3651
Sa(4,2,4) 3652
Sa(4,2,5) 3653
Eb(4,2,47) 3654
Sa(4,2,1) 3655
Sa(4,2,0) 3656
Sa(4,2,2) 3657
Eb(4,2,0) 3658
Eb(4,2,1) 3659
Eb(4,2,2) 3660
Eb(4,2,3) 3661
Eb(4,2,4) 3662
Eb(4,2,5) 3663
Eb(4,2,6) 3664
Eb(4,2,7) 3665
Eb(4,2,8) 3666
Eb(4,2,9) 3667
Eb(4,2,10) 3668
Eb(4,2,11) 3669
Eb(4,2,12) 3670
Eb(4,2,13) 3671
Eb(4,2,14) 3672
Eb(4,2,15) 3673
Eb(4,2,16) 3674
Eb(4,2,17) 3675
Eb(4,2,18) 3676
Eb(4,2,19) 3677
Eb(4,2,20) 3678
Eb(4,2,21) 3679
Eb(4,2,22) 3680
Eb(4,2,23) 3681
Eb(4,2,24) 3682
Eb(4,2,25) 3683
Eb(4,2,26) 3684
Eb(4,2,27) 3685
Eb(4,2,28) 3686
Eb(4,2,29) 3687
Eb(4,2,30) 3688
Eb(4,2,31) 3689
Eb(4,2,32) 3690
Eb(4,2,33) 3691
Eb(4,2,34) 3692
Eb(4,2,35) 3693
Eb(4,2,36) 3694
Eb(4,2,37) 3695
Eb(4,2,38) 3696
Eb(4,2,39) 3697
Eb(4,2,40) 3698
Eb(4,2,41) 3699
Eb(4,2,42) 3700
Eb(4,2,43) 3701
Eb(4,2,44) 3702
Eb(4,2,45) 3703
Eb(4,2,46) 3704
Eb(4,2,48) 3705
Eb(4,2,49) 3706
Eb(4,2,50) 3707
Eb(4,2,51) 3708
Eb(4,2,52) 3709
Eb(4,2,53) 3710
Eb(4,2,54) 3711
Eb(4,2,55) 3712
Sa(5,4,5) 3713
Eb(4,3,51) 3714
Sa(4,3,1) 3715
Sa(4,3,0) 3716
Sa(4,3,2) 3717
Eb(4,3,0) 3718
Eb(4,3,1) 3719
Eb(4,3,2) 3720
Eb(4,3,3) 3721
Eb(4,3,4) 3722
Eb(4,3,5) 3723
Eb(4,3,6) 3724
Eb(4,3,7) 3725
Eb(4,3,8) 3726
Eb(4,3,9) 3727
Eb(4,3,10) 3728
Eb(4,3,11) 3729
Eb(4,3,12) 3730
Eb(4,3,13) 3731
Eb(4,3,14) 3732
Eb(4,3,15) 3733
Eb(4,3,16) 3734
Eb(4,3,17) 3735
Eb(4,3,18) 3736
Eb(4,3,19) 3737
Eb(4,3,20) 3738
Eb(4,3,21) 3739
Eb(4,3,22) 3740
Eb(4,3,23) 3741
Eb(4,3,24) 3742
Eb(4,3,25) 3743
Eb(4,3,26) 3744
Eb(4,3,27) 3745
Eb(4,3,28) 3746
Eb(4,3,29) 3747
Eb(4,3,30) 3748
Eb(4,3,31) 3749
Eb(4,3,32) 3750
Eb(4,3,33) 3751
Eb(4,3,34) 3752
Eb(4,3,35) 3753
Eb(4,3,36) 3754
Eb(4,3,37) 3755
Eb(4,3,38) 3756
Eb(4,3,39) 3757
Eb(4,3,40) 3758
Eb(4,3,41) 3759
Eb(4,3,42) 3760
Eb(4,3,43) 3761
Eb(4,3,44) 3762
Eb(4,3,45) 3763
Eb(4,3,46) 3764
Eb(4,3,47) 3765
Eb(4,3,48) 3766
Eb(4,3,49) 3767
Eb(4,3,50) 3768
Eb(4,3,52) 3769
Eb(4,3,53) 3770
Eb(4,3,54) 3771
Eb(4,3,55) 3772
Eb(4,4,54) 3773
Sa(4,4,1) 3774
Sa(4,4,0) 3775
Sa(4,4,2) 3776
Eb(4,4,0) 3777
Eb(4,4,1) 3778
Eb(4,4,2) 3779
Eb(4,4,3) 3780
Eb(4,4,4) 3781
Eb(4,4,5) 3782
Eb(4,4,6) 3783
Eb(4,4,7) 3784
Eb(4,4,8) 3785
Eb(4,4,9) 3786
Eb(4,4,10) 3787
Eb(4,4,11) 3788
Eb(4,4,12) 3789
Eb(4,4,13) 3790
Eb(4,4,14) 3791
Eb(4,4,15) 3792
Eb(4,4,16) 3793
Eb(4,4,17) 3794
Eb(4,4,18) 3795
Eb(4,4,19) 3796
Eb(4,4,20) 3797
Eb(4,4,21) 3798
Eb(4,4,22) 3799
Eb(4,4,23) 3800
Eb(4,4,24) 3801
Eb(4,4,25) 3802
Eb(4,4,26) 3803
Eb(4,4,27) 3804
Eb(4,4,28) 3805
Eb(4,4,29) 3806
Eb(4,4,30) 3807
Eb(4,4,31) 3808
Eb(4,4,32) 3809
Eb(4,4,33) 3810
Eb(4,4,34) 3811
Eb(4,4,35) 3812
Eb(4,4,36) 3813
Eb(4,4,37) 3814
Eb(4,4,38) 3815
Eb(4,4,39) 3816
Eb(4,4,40) 3817
Eb(4,4,41) 3818
Eb(4,4,42) 3819
Eb(4,4,43) 3820
Eb(4,4,44) 3821
Eb(4,4,45) 3822
Eb(4,4,46) 3823
Eb(4,4,47) 3824
Eb(4,4,48) 3825
Eb(4,4,49) 3826
Eb(4,4,50) 3827
Eb(4,4,51) 3828
Eb(4,4,52) 3829
Eb(4,4,53) 3830
Eb(4,4,55) 3831
Eb(4,5,55) 3832
Sa(4,5,1) 3833
Sa(4,5,0) 3834
Sa(4,5,2) 3835
Eb(4,5,0) 3836
Eb(4,5,1) 3837
Eb(4,5,2) 3838
Eb(4,5,3) 3839
Eb(4,5,4) 3840
Eb(4,5,5) 3841
Eb(4,5,6) 3842
Eb(4,5,7) 3843
Eb(4,5,8) 3844
Eb(4,5,9) 3845
Eb(4,5,10) 3846
Eb(4,5,11) 3847
Eb(4,5,12) 3848
Eb(4,5,13) 3849
Eb(4,5,14) 3850
Eb(4,5,15) 3851
Eb(4,5,16) 3852
Eb(4,5,17) 3853
Eb(4,5,18) 3854
Eb(4,5,19) 3855
Eb(4,5,20) 3856
Eb(4,5,21) 3857
Eb(4,5,22) 3858
Eb(4,5,23) 3859
Eb(4,5,24) 3860
Eb(4,5,25) 3861
Eb(4,5,26) 3862
Eb(4,5,27) 3863
Eb(4,5,28) 3864
Eb(4,5,29) 3865
Eb(4,5,30) 3866
Eb(4,5,31) 3867
Eb(4,5,32) 3868
Eb(4,5,33) 3869
Eb(4,5,34) 3870
Eb(4,5,35) 3871
Eb(4,5,36) 3872
Eb(4,5,37) 3873
Eb(4,5,38) 3874
Eb(4,5,39) 3875
Eb(4,5,40) 3876
Eb(4,5,41) 3877
Eb(4,5,42) 3878
Eb(4,5,43) 3879
Eb(4,5,44) 3880
Eb(4,5,45) 3881
Eb(4,5,46) 3882
Eb(4,5,47) 3883
Eb(4,5,48) 3884
Eb(4,5,49) 3885
Eb(4,5,50) 3886
Eb(4,5,51) 3887
Eb(4,5,52) 3888
Eb(4,5,53) 3889
Eb(4,5,54) 3890
Sa(5,1,1) 3891
Sa(5,1,2) 3892
Sa(5,0,0) 3893
Eb(5,0,28) 3894
Eb(5,0,0) 3895
Eb(5,0,1) 3896
Eb(5,0,2) 3897
Eb(5,0,3) 3898
Eb(5,0,4) 3899
Eb(5,0,5) 3900
Eb(5,0,6) 3901
Eb(5,0,7) 3902
Eb(5,0,8) 3903
Eb(5,0,9) 3904
Eb(5,0,10) 3905
Eb(5,0,11) 3906
Eb(5,0,12) 3907
Eb(5,0,13) 3908
Eb(5,0,14) 3909
Eb(5,0,15) 3910
Eb(5,0,16) 3911
Eb(5,0,17) 3912
Eb(5,0,18) 3913
Eb(5,0,19) 3914
Eb(5,0,20) 3915
Eb(5,0,21) 3916
Eb(5,0,22) 3917
Eb(5,0,23) 3918
Eb(5,0,24) 3919
Eb(5,0,25) 3920
Eb(5,0,26) 3921
Eb(5,0,27) 3922
Eb(5,0,29) 3923
Eb(5,0,30) 3924
Eb(5,0,31) 3925
Eb(5,0,32) 3926
Eb(5,0,33) 3927
Eb(5,0,34) 3928
Eb(5,0,35) 3929
Eb(5,0,36) 3930
Eb(5,0,37) 3931
Eb(5,0,38) 3932
Eb(5,0,39) 3933
Eb(5,0,40) 3934
Eb(5,0,41) 3935
Eb(5,0,42) 3936
Eb(5,0,43) 3937
Eb(5,0,44) 3938
Eb(5,0,45) 3939
Eb(5,0,46) 3940
Eb(5,0,47) 3941
Eb(5,0,48) 3942
Eb(5,0,49) 3943
Eb(5,0,50) 3944
Eb(5,0,51) 3945
Eb(5,0,52) 3946
Eb(5,0,53) 3947
Eb(5,0,54) 3948
Eb(5,0,55) 3949
Eb(5,1,31) 3950
Sa(5,1,0) 3951
Eb(5,1,0) 3952
Eb(5,1,1) 3953
Eb(5,1,2) 3954
Eb(5,1,3) 3955
Eb(5,1,4) 3956
Eb(5,1,5) 3957
Eb(5,1,6) 3958
Eb(5,1,7) 3959
Eb(5,1,8) 3960
Eb(5,1,9) 3961
Eb(5,1,10) 3962
Eb(5,1,11) 3963
Eb(5,1,12) 3964
Eb(5,1,13) 3965
Eb(5,1,14) 3966
Eb(5,1,15) 3967
Eb(5,1,16) 3968
Eb(5,1,17) 3969
Eb(5,1,18) 3970
Eb(5,1,19) 3971
Eb(5,1,20) 3972
Eb(5,1,21) 3973
Eb(5,1,22) 3974
Eb(5,1,23) 3975
Eb(5,1,24) 3976
Eb(5,1,25) 3977
Eb(5,1,26) 3978
Eb(5,1,27) 3979
Eb(5,1,28) 3980
Eb(5,1,29) 3981
Eb(5,1,30) 3982
Eb(5,1,32) 3983
Eb(5,1,33) 3984
Eb(5,1,34) 3985
Eb(5,1,35) 3986
Eb(5,1,36) 3987
Eb(5,1,37) 3988
Eb(5,1,38) 3989
Eb(5,1,39) 3990
Eb(5,1,40) 3991
Eb(5,1,41) 3992
Eb(5,1,42) 3993
Eb(5,1,43) 3994
Eb(5,1,44) 3995
Eb(5,1,45) 3996
Eb(5,1,46) 3997
Eb(5,1,47) 3998
Eb(5,1,48) 3999
Eb(5,1,49) 4000
Eb(5,1,50) 4001
Eb(5,1,51) 4002
Eb(5,1,52) 4003
Eb(5,1,53) 4004
Eb(5,1,54) 4005
Eb(5,1,55) 4006
Eb(5,2,40) 4007
Sa(5,2,1) 4008
Sa(5,2,0) 4009
Sa(5,2,2) 4010
Eb(5,2,0) 4011
Eb(5,2,1) 4012
Eb(5,2,2) 4013
Eb(5,2,3) 4014
Eb(5,2,4) 4015
Eb(5,2,5) 4016
Eb(5,2,6) 4017
Eb(5,2,7) 4018
Eb(5,2,8) 4019
Eb(5,2,9) 4020
Eb(5,2,10) 4021
Eb(5,2,11) 4022
Eb(5,2,12) 4023
Eb(5,2,13) 4024
Eb(5,2,14) 4025
Eb(5,2,15) 4026
Eb(5,2,16) 4027
Eb(5,2,17) 4028
Eb(5,2,18) 4029
Eb(5,2,19) 4030
Eb(5,2,20) 4031
Eb(5,2,21) 4032
Eb(5,2,22) 4033
Eb(5,2,23) 4034
Eb(5,2,24) 4035
Eb(5,2,25) 4036
Eb(5,2,26) 4037
Eb(5,2,27) 4038
Eb(5,2,28) 4039
Eb(5,2,29) 4040
Eb(5,2,30) 4041
Eb(5,2,31) 4042
Eb(5,2,32) 4043
Eb(5,2,33) 4044
Eb(5,2,34) 4045
Eb(5,2,35) 4046
Eb(5,2,36) 4047
Eb(5,2,37) 4048
Eb(5,2,38) 4049
Eb(5,2,39) 4050
Eb(5,2,41) 4051
Eb(5,2,42) 4052
Eb(5,2,43) 4053
Eb(5,2,44) 4054
Eb(5,2,45) 4055
Eb(5,2,46) 4056
Eb(5,2,47) 4057
Eb(5,2,48) 4058
Eb(5,2,49) 4059
Eb(5,2,50) 4060
Eb(5,2,51) 4061
Eb(5,2,52) 4062
Eb(5,2,53) 4063
Eb(5,2,54) 4064
Eb(5,2,55) 4065
Eb(5,3,50) 4066
Sa(5,3,1) 4067
Sa(5,3,0) 4068
Sa(5,3,2) 4069
Eb(5,3,0) 4070
Eb(5,3,1) 4071
Eb(5,3,2) 4072
Eb(5,3,3) 4073
Eb(5,3,4) 4074
Eb(5,3,5) 4075
Eb(5,3,6) 4076
Eb(5,3,7) 4077
Eb(5,3,8) 4078
Eb(5,3,9) 4079
Eb(5,3,10) 4080
Eb(5,3,11) 4081
Eb(5,3,12) 4082
Eb(5,3,13) 4083
Eb(5,3,14) 4084
Eb(5,3,15) 4085
Eb(5,3,16) 4086
Eb(5,3,17) 4087
Eb(5,3,18) 4088
Eb(5,3,19) 4089
Eb(5,3,20) 4090
Eb(5,3,21) 4091
Eb(5,3,22) 4092
Eb(5,3,23) 4093
Eb(5,3,24) 4094
Eb(5,3,25) 4095
Eb(5,3,26) 4096
Eb(5,3,27) 4097
Eb(5,3,28) 4098
Eb(5,3,29) 4099
Eb(5,3,30) 4100
Eb(5,3,31) 4101
Eb(5,3,32) 4102
Eb(5,3,33) 4103
Eb(5,3,34) 4104
Eb(5,3,35) 4105
Eb(5,3,36) 4106
Eb(5,3,37) 4107
Eb(5,3,38) 4108
Eb(5,3,39) 4109
Eb(5,3,40) 4110
Eb(5,3,41) 4111
Eb(5,3,42) 4112
Eb(5,3,43) 4113
Eb(5,3,44) 4114
Eb(5,3,45) 4115
Eb(5,3,46) 4116
Eb(5,3,47) 4117
Eb(5,3,48) 4118
Eb(5,3,49) 4119
Eb(5,3,51) 4120
Eb(5,3,52) 4121
Eb(5,3,53) 4122
Eb(5,3,54) 4123
Eb(5,3,55) 4124
Eb(5,4,54) 4125
Sa(5,4,1) 4126
Sa(5,4,0) 4127
Sa(5,4,2) 4128
Sa(5,4,3) 4129
Sa(5,4,4) 4130
Eb(5,4,0) 4131
Eb(5,4,1) 4132
Eb(5,4,2) 4133
Eb(5,4,3) 4134
Eb(5,4,4) 4135
Eb(5,4,5) 4136
Eb(5,4,6) 4137
Eb(5,4,7) 4138
Eb(5,4,8) 4139
Eb(5,4,9) 4140
Eb(5,4,10) 4141
Eb(5,4,11) 4142
Eb(5,4,12) 4143
Eb(5,4,13) 4144
Eb(5,4,14) 4145
Eb(5,4,15) 4146
Eb(5,4,16) 4147
Eb(5,4,17) 4148
Eb(5,4,18) 4149
Eb(5,4,19) 4150
Eb(5,4,20) 4151
Eb(5,4,21) 4152
Eb(5,4,22) 4153
Eb(5,4,23) 4154
Eb(5,4,24) 4155
Eb(5,4,25) 4156
Eb(5,4,26) 4157
Eb(5,4,27) 4158
Eb(5,4,28) 4159
Eb(5,4,29) 4160
Eb(5,4,30) 4161
Eb(5,4,31) 4162
Eb(5,4,32) 4163
Eb(5,4,33) 4164
Eb(5,4,34) 4165
Eb(5,4,35) 4166
Eb(5,4,36) 4167
Eb(5,4,37) 4168
Eb(5,4,38) 4169
Eb(5,4,39) 4170
Eb(5,4,40) 4171
Eb(5,4,41) 4172
Eb(5,4,42) 4173
Eb(5,4,43) 4174
Eb(5,4,44) 4175
Eb(5,4,45) 4176
Eb(5,4,46) 4177
Eb(5,4,47) 4178
Eb(5,4,48) 4179
Eb(5,4,49) 4180
Eb(5,4,50) 4181
Eb(5,4,51) 4182
Eb(5,4,52) 4183
Eb(5,4,53) 4184
Eb(5,4,55) 4185
Eb(5,5,55) 4186
Sa(5,5,0) 4187
Eb(5,5,0) 4188
Eb(5,5,1) 4189
Eb(5,5,2) 4190
Eb(5,5,3) 4191
Eb(5,5,4) 4192
Eb(5,5,5) 4193
Eb(5,5,6) 4194
Eb(5,5,7) 4195
Eb(5,5,8) 4196
Eb(5,5,9) 4197
Eb(5,5,10) 4198
Eb(5,5,11) 4199
Eb(5,5,12) 4200
Eb(5,5,13) 4201
Eb(5,5,14) 4202
Eb(5,5,15) 4203
Eb(5,5,16) 4204
Eb(5,5,17) 4205
Eb(5,5,18) 4206
Eb(5,5,19) 4207
Eb(5,5,20) 4208
Eb(5,5,21) 4209
Eb(5,5,22) 4210
Eb(5,5,23) 4211
Eb(5,5,24) 4212
Eb(5,5,25) 4213
Eb(5,5,26) 4214
Eb(5,5,27) 4215
Eb(5,5,28) 4216
Eb(5,5,29) 4217
Eb(5,5,30) 4218
Eb(5,5,31) 4219
Eb(5,5,32) 4220
Eb(5,5,33) 4221
Eb(5,5,34) 4222
Eb(5,5,35) 4223
Eb(5,5,36) 4224
Eb(5,5,37) 4225
Eb(5,5,38) 4226
Eb(5,5,39) 4227
Eb(5,5,40) 4228
Eb(5,5,41) 4229
Eb(5,5,42) 4230
Eb(5,5,43) 4231
Eb(5,5,44) 4232
Eb(5,5,45) 4233
Eb(5,5,46) 4234
Eb(5,5,47) 4235
Eb(5,5,48) 4236
Eb(5,5,49) 4237
Eb(5,5,50) 4238
Eb(5,5,51) 4239
Eb(5,5,52) 4240
Eb(5,5,53) 4241
Eb(5,5,54) 4242
