Pr(0,0,0,1) 1
Pr(0,1,0,2) 2
Pr(0,2,0,3) 3
Pr(0,3,0,4) 4
Pr(1,0,1,1) 5
Pr(1,1,1,2) 6
Pr(1,2,1,3) 7
Pr(1,3,1,4) 8
Pr(2,0,2,1) 9
Pr(2,1,2,2) 10
Pr(2,2,2,3) 11
Pr(2,3,2,4) 12
Pr(3,0,3,1) 13
Pr(3,1,3,2) 14
Pr(3,2,3,3) 15
Pr(3,3,3,4) 16
Pr(4,0,4,1) 17
Pr(4,1,4,2) 18
Pr(4,2,4,3) 19
Pr(4,3,4,4) 20
Pr(5,0,5,1) 21
Pr(5,1,5,2) 22
Pr(5,2,5,3) 23
Pr(5,3,5,4) 24
Pr(6,0,6,1) 25
Pr(6,1,6,2) 26
Pr(6,2,6,3) 27
Pr(6,3,6,4) 28
Pr(7,0,7,1) 29
Pr(7,1,7,2) 30
Pr(7,2,7,3) 31
Pr(7,3,7,4) 32
Pr(8,0,8,1) 33
Pr(8,1,8,2) 34
Pr(8,2,8,3) 35
Pr(8,3,8,4) 36
Pr(9,0,9,1) 37
Pr(9,1,9,2) 38
Pr(9,2,9,3) 39
Pr(9,3,9,4) 40
Pr(0,0,1,1) 41
Pr(1,1,0,0) 42
Pr(0,0,2,4) 43
Pr(2,4,0,0) 44
Pr(0,0,3,3) 45
Pr(3,3,0,0) 46
Pr(0,0,4,2) 47
Pr(4,2,0,0) 48
Pr(0,0,5,2) 49
Pr(5,2,0,0) 50
Pr(0,0,6,4) 51
Pr(6,4,0,0) 52
Pr(0,0,7,1) 53
Pr(7,1,0,0) 54
Pr(0,0,8,4) 55
Pr(8,4,0,0) 56
Pr(0,0,9,1) 57
Pr(9,1,0,0) 58
Pr(1,1,2,4) 59
Pr(2,4,1,1) 60
Pr(1,1,3,3) 61
Pr(3,3,1,1) 62
Pr(1,1,4,2) 63
Pr(4,2,1,1) 64
Pr(1,1,5,2) 65
Pr(5,2,1,1) 66
Pr(1,1,6,4) 67
Pr(6,4,1,1) 68
Pr(1,1,7,1) 69
Pr(7,1,1,1) 70
Pr(1,1,8,4) 71
Pr(8,4,1,1) 72
Pr(1,1,9,1) 73
Pr(9,1,1,1) 74
Pr(2,4,3,3) 75
Pr(3,3,2,4) 76
Pr(2,4,4,2) 77
Pr(4,2,2,4) 78
Pr(2,4,5,2) 79
Pr(5,2,2,4) 80
Pr(2,4,6,4) 81
Pr(6,4,2,4) 82
Pr(2,4,7,1) 83
Pr(7,1,2,4) 84
Pr(2,4,8,4) 85
Pr(8,4,2,4) 86
Pr(2,4,9,1) 87
Pr(9,1,2,4) 88
Pr(3,3,4,2) 89
Pr(4,2,3,3) 90
Pr(3,3,5,2) 91
Pr(5,2,3,3) 92
Pr(3,3,6,4) 93
Pr(6,4,3,3) 94
Pr(3,3,7,1) 95
Pr(7,1,3,3) 96
Pr(3,3,8,4) 97
Pr(8,4,3,3) 98
Pr(3,3,9,1) 99
Pr(9,1,3,3) 100
Pr(4,2,5,2) 101
Pr(5,2,4,2) 102
Pr(4,2,6,4) 103
Pr(6,4,4,2) 104
Pr(4,2,7,1) 105
Pr(7,1,4,2) 106
Pr(4,2,8,4) 107
Pr(8,4,4,2) 108
Pr(4,2,9,1) 109
Pr(9,1,4,2) 110
Pr(5,2,6,4) 111
Pr(6,4,5,2) 112
Pr(5,2,7,1) 113
Pr(7,1,5,2) 114
Pr(5,2,8,4) 115
Pr(8,4,5,2) 116
Pr(5,2,9,1) 117
Pr(9,1,5,2) 118
Pr(6,4,7,1) 119
Pr(7,1,6,4) 120
Pr(6,4,8,4) 121
Pr(8,4,6,4) 122
Pr(6,4,9,1) 123
Pr(9,1,6,4) 124
Pr(7,1,8,4) 125
Pr(8,4,7,1) 126
Pr(7,1,9,1) 127
Pr(9,1,7,1) 128
Pr(8,4,9,1) 129
Pr(9,1,8,4) 130
Pr(0,1,1,0) 131
Pr(1,0,0,1) 132
Pr(0,1,2,0) 133
Pr(2,0,0,1) 134
Pr(0,1,3,2) 135
Pr(3,2,0,1) 136
Pr(0,1,4,4) 137
Pr(4,4,0,1) 138
Pr(0,1,5,3) 139
Pr(5,3,0,1) 140
Pr(0,1,6,1) 141
Pr(6,1,0,1) 142
Pr(0,1,7,3) 143
Pr(7,3,0,1) 144
Pr(0,1,8,3) 145
Pr(8,3,0,1) 146
Pr(0,1,9,3) 147
Pr(9,3,0,1) 148
Pr(1,0,2,0) 149
Pr(2,0,1,0) 150
Pr(1,0,3,2) 151
Pr(3,2,1,0) 152
Pr(1,0,4,4) 153
Pr(4,4,1,0) 154
Pr(1,0,5,3) 155
Pr(5,3,1,0) 156
Pr(1,0,6,1) 157
Pr(6,1,1,0) 158
Pr(1,0,7,3) 159
Pr(7,3,1,0) 160
Pr(1,0,8,3) 161
Pr(8,3,1,0) 162
Pr(1,0,9,3) 163
Pr(9,3,1,0) 164
Pr(2,0,3,2) 165
Pr(3,2,2,0) 166
Pr(2,0,4,4) 167
Pr(4,4,2,0) 168
Pr(2,0,5,3) 169
Pr(5,3,2,0) 170
Pr(2,0,6,1) 171
Pr(6,1,2,0) 172
Pr(2,0,7,3) 173
Pr(7,3,2,0) 174
Pr(2,0,8,3) 175
Pr(8,3,2,0) 176
Pr(2,0,9,3) 177
Pr(9,3,2,0) 178
Pr(3,2,4,4) 179
Pr(4,4,3,2) 180
Pr(3,2,5,3) 181
Pr(5,3,3,2) 182
Pr(3,2,6,1) 183
Pr(6,1,3,2) 184
Pr(3,2,7,3) 185
Pr(7,3,3,2) 186
Pr(3,2,8,3) 187
Pr(8,3,3,2) 188
Pr(3,2,9,3) 189
Pr(9,3,3,2) 190
Pr(4,4,5,3) 191
Pr(5,3,4,4) 192
Pr(4,4,6,1) 193
Pr(6,1,4,4) 194
Pr(4,4,7,3) 195
Pr(7,3,4,4) 196
Pr(4,4,8,3) 197
Pr(8,3,4,4) 198
Pr(4,4,9,3) 199
Pr(9,3,4,4) 200
Pr(5,3,6,1) 201
Pr(6,1,5,3) 202
Pr(5,3,7,3) 203
Pr(7,3,5,3) 204
Pr(5,3,8,3) 205
Pr(8,3,5,3) 206
Pr(5,3,9,3) 207
Pr(9,3,5,3) 208
Pr(6,1,7,3) 209
Pr(7,3,6,1) 210
Pr(6,1,8,3) 211
Pr(8,3,6,1) 212
Pr(6,1,9,3) 213
Pr(9,3,6,1) 214
Pr(7,3,8,3) 215
Pr(8,3,7,3) 216
Pr(7,3,9,3) 217
Pr(9,3,7,3) 218
Pr(8,3,9,3) 219
Pr(9,3,8,3) 220
Pr(0,2,1,2) 221
Pr(1,2,0,2) 222
Pr(0,2,2,3) 223
Pr(2,3,0,2) 224
Pr(0,2,3,1) 225
Pr(3,1,0,2) 226
Pr(0,2,4,1) 227
Pr(4,1,0,2) 228
Pr(0,2,5,1) 229
Pr(5,1,0,2) 230
Pr(0,2,6,2) 231
Pr(6,2,0,2) 232
Pr(0,2,7,2) 233
Pr(7,2,0,2) 234
Pr(0,2,8,1) 235
Pr(8,1,0,2) 236
Pr(0,2,9,2) 237
Pr(9,2,0,2) 238
Pr(1,2,2,3) 239
Pr(2,3,1,2) 240
Pr(1,2,3,1) 241
Pr(3,1,1,2) 242
Pr(1,2,4,1) 243
Pr(4,1,1,2) 244
Pr(1,2,5,1) 245
Pr(5,1,1,2) 246
Pr(1,2,6,2) 247
Pr(6,2,1,2) 248
Pr(1,2,7,2) 249
Pr(7,2,1,2) 250
Pr(1,2,8,1) 251
Pr(8,1,1,2) 252
Pr(1,2,9,2) 253
Pr(9,2,1,2) 254
Pr(2,3,3,1) 255
Pr(3,1,2,3) 256
Pr(2,3,4,1) 257
Pr(4,1,2,3) 258
Pr(2,3,5,1) 259
Pr(5,1,2,3) 260
Pr(2,3,6,2) 261
Pr(6,2,2,3) 262
Pr(2,3,7,2) 263
Pr(7,2,2,3) 264
Pr(2,3,8,1) 265
Pr(8,1,2,3) 266
Pr(2,3,9,2) 267
Pr(9,2,2,3) 268
Pr(3,1,4,1) 269
Pr(4,1,3,1) 270
Pr(3,1,5,1) 271
Pr(5,1,3,1) 272
Pr(3,1,6,2) 273
Pr(6,2,3,1) 274
Pr(3,1,7,2) 275
Pr(7,2,3,1) 276
Pr(3,1,8,1) 277
Pr(8,1,3,1) 278
Pr(3,1,9,2) 279
Pr(9,2,3,1) 280
Pr(4,1,5,1) 281
Pr(5,1,4,1) 282
Pr(4,1,6,2) 283
Pr(6,2,4,1) 284
Pr(4,1,7,2) 285
Pr(7,2,4,1) 286
Pr(4,1,8,1) 287
Pr(8,1,4,1) 288
Pr(4,1,9,2) 289
Pr(9,2,4,1) 290
Pr(5,1,6,2) 291
Pr(6,2,5,1) 292
Pr(5,1,7,2) 293
Pr(7,2,5,1) 294
Pr(5,1,8,1) 295
Pr(8,1,5,1) 296
Pr(5,1,9,2) 297
Pr(9,2,5,1) 298
Pr(6,2,7,2) 299
Pr(7,2,6,2) 300
Pr(6,2,8,1) 301
Pr(8,1,6,2) 302
Pr(6,2,9,2) 303
Pr(9,2,6,2) 304
Pr(7,2,8,1) 305
Pr(8,1,7,2) 306
Pr(7,2,9,2) 307
Pr(9,2,7,2) 308
Pr(8,1,9,2) 309
Pr(9,2,8,1) 310
Pr(0,3,1,3) 311
Pr(1,3,0,3) 312
Pr(0,3,2,2) 313
Pr(2,2,0,3) 314
Pr(0,3,3,0) 315
Pr(3,0,0,3) 316
Pr(0,3,4,0) 317
Pr(4,0,0,3) 318
Pr(0,3,5,0) 319
Pr(5,0,0,3) 320
Pr(0,3,6,3) 321
Pr(6,3,0,3) 322
Pr(0,3,7,0) 323
Pr(7,0,0,3) 324
Pr(0,3,8,0) 325
Pr(8,0,0,3) 326
Pr(0,3,9,0) 327
Pr(9,0,0,3) 328
Pr(1,3,2,2) 329
Pr(2,2,1,3) 330
Pr(1,3,3,0) 331
Pr(3,0,1,3) 332
Pr(1,3,4,0) 333
Pr(4,0,1,3) 334
Pr(1,3,5,0) 335
Pr(5,0,1,3) 336
Pr(1,3,6,3) 337
Pr(6,3,1,3) 338
Pr(1,3,7,0) 339
Pr(7,0,1,3) 340
Pr(1,3,8,0) 341
Pr(8,0,1,3) 342
Pr(1,3,9,0) 343
Pr(9,0,1,3) 344
Pr(2,2,3,0) 345
Pr(3,0,2,2) 346
Pr(2,2,4,0) 347
Pr(4,0,2,2) 348
Pr(2,2,5,0) 349
Pr(5,0,2,2) 350
Pr(2,2,6,3) 351
Pr(6,3,2,2) 352
Pr(2,2,7,0) 353
Pr(7,0,2,2) 354
Pr(2,2,8,0) 355
Pr(8,0,2,2) 356
Pr(2,2,9,0) 357
Pr(9,0,2,2) 358
Pr(3,0,4,0) 359
Pr(4,0,3,0) 360
Pr(3,0,5,0) 361
Pr(5,0,3,0) 362
Pr(3,0,6,3) 363
Pr(6,3,3,0) 364
Pr(3,0,7,0) 365
Pr(7,0,3,0) 366
Pr(3,0,8,0) 367
Pr(8,0,3,0) 368
Pr(3,0,9,0) 369
Pr(9,0,3,0) 370
Pr(4,0,5,0) 371
Pr(5,0,4,0) 372
Pr(4,0,6,3) 373
Pr(6,3,4,0) 374
Pr(4,0,7,0) 375
Pr(7,0,4,0) 376
Pr(4,0,8,0) 377
Pr(8,0,4,0) 378
Pr(4,0,9,0) 379
Pr(9,0,4,0) 380
Pr(5,0,6,3) 381
Pr(6,3,5,0) 382
Pr(5,0,7,0) 383
Pr(7,0,5,0) 384
Pr(5,0,8,0) 385
Pr(8,0,5,0) 386
Pr(5,0,9,0) 387
Pr(9,0,5,0) 388
Pr(6,3,7,0) 389
Pr(7,0,6,3) 390
Pr(6,3,8,0) 391
Pr(8,0,6,3) 392
Pr(6,3,9,0) 393
Pr(9,0,6,3) 394
Pr(7,0,8,0) 395
Pr(8,0,7,0) 396
Pr(7,0,9,0) 397
Pr(9,0,7,0) 398
Pr(8,0,9,0) 399
Pr(9,0,8,0) 400
Pr(0,4,1,4) 401
Pr(1,4,0,4) 402
Pr(0,4,2,1) 403
Pr(2,1,0,4) 404
Pr(0,4,3,4) 405
Pr(3,4,0,4) 406
Pr(0,4,4,3) 407
Pr(4,3,0,4) 408
Pr(0,4,5,4) 409
Pr(5,4,0,4) 410
Pr(0,4,6,0) 411
Pr(6,0,0,4) 412
Pr(0,4,7,4) 413
Pr(7,4,0,4) 414
Pr(0,4,8,2) 415
Pr(8,2,0,4) 416
Pr(0,4,9,4) 417
Pr(9,4,0,4) 418
Pr(1,4,2,1) 419
Pr(2,1,1,4) 420
Pr(1,4,3,4) 421
Pr(3,4,1,4) 422
Pr(1,4,4,3) 423
Pr(4,3,1,4) 424
Pr(1,4,5,4) 425
Pr(5,4,1,4) 426
Pr(1,4,6,0) 427
Pr(6,0,1,4) 428
Pr(1,4,7,4) 429
Pr(7,4,1,4) 430
Pr(1,4,8,2) 431
Pr(8,2,1,4) 432
Pr(1,4,9,4) 433
Pr(9,4,1,4) 434
Pr(2,1,3,4) 435
Pr(3,4,2,1) 436
Pr(2,1,4,3) 437
Pr(4,3,2,1) 438
Pr(2,1,5,4) 439
Pr(5,4,2,1) 440
Pr(2,1,6,0) 441
Pr(6,0,2,1) 442
Pr(2,1,7,4) 443
Pr(7,4,2,1) 444
Pr(2,1,8,2) 445
Pr(8,2,2,1) 446
Pr(2,1,9,4) 447
Pr(9,4,2,1) 448
Pr(3,4,4,3) 449
Pr(4,3,3,4) 450
Pr(3,4,5,4) 451
Pr(5,4,3,4) 452
Pr(3,4,6,0) 453
Pr(6,0,3,4) 454
Pr(3,4,7,4) 455
Pr(7,4,3,4) 456
Pr(3,4,8,2) 457
Pr(8,2,3,4) 458
Pr(3,4,9,4) 459
Pr(9,4,3,4) 460
Pr(4,3,5,4) 461
Pr(5,4,4,3) 462
Pr(4,3,6,0) 463
Pr(6,0,4,3) 464
Pr(4,3,7,4) 465
Pr(7,4,4,3) 466
Pr(4,3,8,2) 467
Pr(8,2,4,3) 468
Pr(4,3,9,4) 469
Pr(9,4,4,3) 470
Pr(5,4,6,0) 471
Pr(6,0,5,4) 472
Pr(5,4,7,4) 473
Pr(7,4,5,4) 474
Pr(5,4,8,2) 475
Pr(8,2,5,4) 476
Pr(5,4,9,4) 477
Pr(9,4,5,4) 478
Pr(6,0,7,4) 479
Pr(7,4,6,0) 480
Pr(6,0,8,2) 481
Pr(8,2,6,0) 482
Pr(6,0,9,4) 483
Pr(9,4,6,0) 484
Pr(7,4,8,2) 485
Pr(8,2,7,4) 486
Pr(7,4,9,4) 487
Pr(9,4,7,4) 488
Pr(8,2,9,4) 489
Pr(9,4,8,2) 490
Sa(0,0,0) 491
Eb(0,0,-249) 492
Sa(0,1,23) 493
Eb(0,1,-204) 494
Sa(0,2,68) 495
Eb(0,2,-122) 496
Sa(0,3,150) 497
Eb(0,3,-38) 498
Sa(0,4,234) 499
Eb(0,4,0) 500
Sa(1,0,0) 501
Eb(1,0,-138) 502
Sa(1,1,21) 503
Eb(1,1,-109) 504
Sa(1,2,50) 505
Eb(1,2,-91) 506
Sa(1,3,68) 507
Eb(1,3,-50) 508
Sa(1,4,109) 509
Eb(1,4,0) 510
Sa(2,0,0) 511
Eb(2,0,-174) 512
Sa(2,1,38) 513
Eb(2,1,-120) 514
Sa(2,2,92) 515
Eb(2,2,-104) 516
Sa(2,3,108) 517
Eb(2,3,-52) 518
Sa(2,4,160) 519
Eb(2,4,0) 520
Sa(3,0,0) 521
Eb(3,0,-247) 522
Sa(3,1,37) 523
Eb(3,1,-193) 524
Sa(3,2,91) 525
Eb(3,2,-119) 526
Sa(3,3,165) 527
Eb(3,3,-57) 528
Sa(3,4,227) 529
Eb(3,4,0) 530
Sa(4,0,0) 531
Eb(4,0,-240) 532
Sa(4,1,57) 533
Eb(4,1,-159) 534
Sa(4,2,138) 535
Eb(4,2,-98) 536
Sa(4,3,199) 537
Eb(4,3,-30) 538
Sa(4,4,267) 539
Eb(4,4,0) 540
Sa(5,0,0) 541
Eb(5,0,-268) 542
Sa(5,1,81) 543
Eb(5,1,-189) 544
Sa(5,2,160) 545
Eb(5,2,-100) 546
Sa(5,3,249) 547
Eb(5,3,-11) 548
Sa(5,4,338) 549
Eb(5,4,0) 550
Sa(6,0,0) 551
Eb(6,0,-197) 552
Sa(6,1,33) 553
Eb(6,1,-177) 554
Sa(6,2,53) 555
Eb(6,2,-86) 556
Sa(6,3,144) 557
Eb(6,3,-66) 558
Sa(6,4,164) 559
Eb(6,4,0) 560
Sa(7,0,0) 561
Eb(7,0,-179) 562
Sa(7,1,24) 563
Eb(7,1,-95) 564
Sa(7,2,108) 565
Eb(7,2,-63) 566
Sa(7,3,140) 567
Eb(7,3,-8) 568
Sa(7,4,195) 569
Eb(7,4,0) 570
Sa(8,0,0) 571
Eb(8,0,-164) 572
Sa(8,1,56) 573
Eb(8,1,-157) 574
Sa(8,2,63) 575
Eb(8,2,-103) 576
Sa(8,3,117) 577
Eb(8,3,-39) 578
Sa(8,4,181) 579
Eb(8,4,0) 580
Sa(9,0,0) 581
Eb(9,0,-117) 582
Sa(9,1,40) 583
Eb(9,1,-34) 584
Sa(9,2,123) 585
Eb(9,2,-15) 586
Sa(9,3,142) 587
Eb(9,3,-7) 588
Sa(9,4,150) 589
Eb(9,4,0) 590
