Pr(0,0,0,1) 1
Pr(0,1,0,2) 2
Pr(0,2,0,3) 3
Pr(0,3,0,4) 4
Pr(0,4,0,5) 5
Pr(0,5,0,6) 6
Pr(0,6,0,7) 7
Pr(0,7,0,8) 8
Pr(0,8,0,9) 9
Pr(1,0,1,1) 10
Pr(1,1,1,2) 11
Pr(1,2,1,3) 12
Pr(1,3,1,4) 13
Pr(1,4,1,5) 14
Pr(1,5,1,6) 15
Pr(1,6,1,7) 16
Pr(1,7,1,8) 17
Pr(1,8,1,9) 18
Pr(2,0,2,1) 19
Pr(2,1,2,2) 20
Pr(2,2,2,3) 21
Pr(2,3,2,4) 22
Pr(2,4,2,5) 23
Pr(2,5,2,6) 24
Pr(2,6,2,7) 25
Pr(2,7,2,8) 26
Pr(2,8,2,9) 27
Pr(3,0,3,1) 28
Pr(3,1,3,2) 29
Pr(3,2,3,3) 30
Pr(3,3,3,4) 31
Pr(3,4,3,5) 32
Pr(3,5,3,6) 33
Pr(3,6,3,7) 34
Pr(3,7,3,8) 35
Pr(3,8,3,9) 36
Pr(4,0,4,1) 37
Pr(4,1,4,2) 38
Pr(4,2,4,3) 39
Pr(4,3,4,4) 40
Pr(4,4,4,5) 41
Pr(4,5,4,6) 42
Pr(4,6,4,7) 43
Pr(4,7,4,8) 44
Pr(4,8,4,9) 45
Pr(5,0,5,1) 46
Pr(5,1,5,2) 47
Pr(5,2,5,3) 48
Pr(5,3,5,4) 49
Pr(5,4,5,5) 50
Pr(5,5,5,6) 51
Pr(5,6,5,7) 52
Pr(5,7,5,8) 53
Pr(5,8,5,9) 54
Pr(6,0,6,1) 55
Pr(6,1,6,2) 56
Pr(6,2,6,3) 57
Pr(6,3,6,4) 58
Pr(6,4,6,5) 59
Pr(6,5,6,6) 60
Pr(6,6,6,7) 61
Pr(6,7,6,8) 62
Pr(6,8,6,9) 63
Pr(7,0,7,1) 64
Pr(7,1,7,2) 65
Pr(7,2,7,3) 66
Pr(7,3,7,4) 67
Pr(7,4,7,5) 68
Pr(7,5,7,6) 69
Pr(7,6,7,7) 70
Pr(7,7,7,8) 71
Pr(7,8,7,9) 72
Pr(8,0,8,1) 73
Pr(8,1,8,2) 74
Pr(8,2,8,3) 75
Pr(8,3,8,4) 76
Pr(8,4,8,5) 77
Pr(8,5,8,6) 78
Pr(8,6,8,7) 79
Pr(8,7,8,8) 80
Pr(8,8,8,9) 81
Pr(9,0,9,1) 82
Pr(9,1,9,2) 83
Pr(9,2,9,3) 84
Pr(9,3,9,4) 85
Pr(9,4,9,5) 86
Pr(9,5,9,6) 87
Pr(9,6,9,7) 88
Pr(9,7,9,8) 89
Pr(9,8,9,9) 90
Pr(0,0,1,0) 91
Pr(1,0,0,0) 92
Pr(0,0,2,1) 93
Pr(2,1,0,0) 94
Pr(0,0,3,2) 95
Pr(3,2,0,0) 96
Pr(0,0,4,1) 97
Pr(4,1,0,0) 98
Pr(0,0,5,6) 99
Pr(5,6,0,0) 100
Pr(0,0,6,1) 101
Pr(6,1,0,0) 102
Pr(0,0,7,1) 103
Pr(7,1,0,0) 104
Pr(0,0,8,0) 105
Pr(8,0,0,0) 106
Pr(0,0,9,1) 107
Pr(9,1,0,0) 108
Pr(1,0,2,1) 109
Pr(2,1,1,0) 110
Pr(1,0,3,2) 111
Pr(3,2,1,0) 112
Pr(1,0,4,1) 113
Pr(4,1,1,0) 114
Pr(1,0,5,6) 115
Pr(5,6,1,0) 116
Pr(1,0,6,1) 117
Pr(6,1,1,0) 118
Pr(1,0,7,1) 119
Pr(7,1,1,0) 120
Pr(1,0,8,0) 121
Pr(8,0,1,0) 122
Pr(1,0,9,1) 123
Pr(9,1,1,0) 124
Pr(2,1,3,2) 125
Pr(3,2,2,1) 126
Pr(2,1,4,1) 127
Pr(4,1,2,1) 128
Pr(2,1,5,6) 129
Pr(5,6,2,1) 130
Pr(2,1,6,1) 131
Pr(6,1,2,1) 132
Pr(2,1,7,1) 133
Pr(7,1,2,1) 134
Pr(2,1,8,0) 135
Pr(8,0,2,1) 136
Pr(2,1,9,1) 137
Pr(9,1,2,1) 138
Pr(3,2,4,1) 139
Pr(4,1,3,2) 140
Pr(3,2,5,6) 141
Pr(5,6,3,2) 142
Pr(3,2,6,1) 143
Pr(6,1,3,2) 144
Pr(3,2,7,1) 145
Pr(7,1,3,2) 146
Pr(3,2,8,0) 147
Pr(8,0,3,2) 148
Pr(3,2,9,1) 149
Pr(9,1,3,2) 150
Pr(4,1,5,6) 151
Pr(5,6,4,1) 152
Pr(4,1,6,1) 153
Pr(6,1,4,1) 154
Pr(4,1,7,1) 155
Pr(7,1,4,1) 156
Pr(4,1,8,0) 157
Pr(8,0,4,1) 158
Pr(4,1,9,1) 159
Pr(9,1,4,1) 160
Pr(5,6,6,1) 161
Pr(6,1,5,6) 162
Pr(5,6,7,1) 163
Pr(7,1,5,6) 164
Pr(5,6,8,0) 165
Pr(8,0,5,6) 166
Pr(5,6,9,1) 167
Pr(9,1,5,6) 168
Pr(6,1,7,1) 169
Pr(7,1,6,1) 170
Pr(6,1,8,0) 171
Pr(8,0,6,1) 172
Pr(6,1,9,1) 173
Pr(9,1,6,1) 174
Pr(7,1,8,0) 175
Pr(8,0,7,1) 176
Pr(7,1,9,1) 177
Pr(9,1,7,1) 178
Pr(8,0,9,1) 179
Pr(9,1,8,0) 180
Pr(0,1,1,5) 181
Pr(1,5,0,1) 182
Pr(0,1,2,0) 183
Pr(2,0,0,1) 184
Pr(0,1,3,0) 185
Pr(3,0,0,1) 186
Pr(0,1,4,2) 187
Pr(4,2,0,1) 188
Pr(0,1,5,1) 189
Pr(5,1,0,1) 190
Pr(0,1,6,0) 191
Pr(6,0,0,1) 192
Pr(0,1,7,2) 193
Pr(7,2,0,1) 194
Pr(0,1,8,1) 195
Pr(8,1,0,1) 196
Pr(0,1,9,0) 197
Pr(9,0,0,1) 198
Pr(1,5,2,0) 199
Pr(2,0,1,5) 200
Pr(1,5,3,0) 201
Pr(3,0,1,5) 202
Pr(1,5,4,2) 203
Pr(4,2,1,5) 204
Pr(1,5,5,1) 205
Pr(5,1,1,5) 206
Pr(1,5,6,0) 207
Pr(6,0,1,5) 208
Pr(1,5,7,2) 209
Pr(7,2,1,5) 210
Pr(1,5,8,1) 211
Pr(8,1,1,5) 212
Pr(1,5,9,0) 213
Pr(9,0,1,5) 214
Pr(2,0,3,0) 215
Pr(3,0,2,0) 216
Pr(2,0,4,2) 217
Pr(4,2,2,0) 218
Pr(2,0,5,1) 219
Pr(5,1,2,0) 220
Pr(2,0,6,0) 221
Pr(6,0,2,0) 222
Pr(2,0,7,2) 223
Pr(7,2,2,0) 224
Pr(2,0,8,1) 225
Pr(8,1,2,0) 226
Pr(2,0,9,0) 227
Pr(9,0,2,0) 228
Pr(3,0,4,2) 229
Pr(4,2,3,0) 230
Pr(3,0,5,1) 231
Pr(5,1,3,0) 232
Pr(3,0,6,0) 233
Pr(6,0,3,0) 234
Pr(3,0,7,2) 235
Pr(7,2,3,0) 236
Pr(3,0,8,1) 237
Pr(8,1,3,0) 238
Pr(3,0,9,0) 239
Pr(9,0,3,0) 240
Pr(4,2,5,1) 241
Pr(5,1,4,2) 242
Pr(4,2,6,0) 243
Pr(6,0,4,2) 244
Pr(4,2,7,2) 245
Pr(7,2,4,2) 246
Pr(4,2,8,1) 247
Pr(8,1,4,2) 248
Pr(4,2,9,0) 249
Pr(9,0,4,2) 250
Pr(5,1,6,0) 251
Pr(6,0,5,1) 252
Pr(5,1,7,2) 253
Pr(7,2,5,1) 254
Pr(5,1,8,1) 255
Pr(8,1,5,1) 256
Pr(5,1,9,0) 257
Pr(9,0,5,1) 258
Pr(6,0,7,2) 259
Pr(7,2,6,0) 260
Pr(6,0,8,1) 261
Pr(8,1,6,0) 262
Pr(6,0,9,0) 263
Pr(9,0,6,0) 264
Pr(7,2,8,1) 265
Pr(8,1,7,2) 266
Pr(7,2,9,0) 267
Pr(9,0,7,2) 268
Pr(8,1,9,0) 269
Pr(9,0,8,1) 270
Pr(0,2,1,1) 271
Pr(1,1,0,2) 272
Pr(0,2,2,3) 273
Pr(2,3,0,2) 274
Pr(0,2,3,1) 275
Pr(3,1,0,2) 276
Pr(0,2,4,0) 277
Pr(4,0,0,2) 278
Pr(0,2,5,0) 279
Pr(5,0,0,2) 280
Pr(0,2,6,3) 281
Pr(6,3,0,2) 282
Pr(0,2,7,0) 283
Pr(7,0,0,2) 284
Pr(0,2,8,4) 285
Pr(8,4,0,2) 286
Pr(0,2,9,2) 287
Pr(9,2,0,2) 288
Pr(1,1,2,3) 289
Pr(2,3,1,1) 290
Pr(1,1,3,1) 291
Pr(3,1,1,1) 292
Pr(1,1,4,0) 293
Pr(4,0,1,1) 294
Pr(1,1,5,0) 295
Pr(5,0,1,1) 296
Pr(1,1,6,3) 297
Pr(6,3,1,1) 298
Pr(1,1,7,0) 299
Pr(7,0,1,1) 300
Pr(1,1,8,4) 301
Pr(8,4,1,1) 302
Pr(1,1,9,2) 303
Pr(9,2,1,1) 304
Pr(2,3,3,1) 305
Pr(3,1,2,3) 306
Pr(2,3,4,0) 307
Pr(4,0,2,3) 308
Pr(2,3,5,0) 309
Pr(5,0,2,3) 310
Pr(2,3,6,3) 311
Pr(6,3,2,3) 312
Pr(2,3,7,0) 313
Pr(7,0,2,3) 314
Pr(2,3,8,4) 315
Pr(8,4,2,3) 316
Pr(2,3,9,2) 317
Pr(9,2,2,3) 318
Pr(3,1,4,0) 319
Pr(4,0,3,1) 320
Pr(3,1,5,0) 321
Pr(5,0,3,1) 322
Pr(3,1,6,3) 323
Pr(6,3,3,1) 324
Pr(3,1,7,0) 325
Pr(7,0,3,1) 326
Pr(3,1,8,4) 327
Pr(8,4,3,1) 328
Pr(3,1,9,2) 329
Pr(9,2,3,1) 330
Pr(4,0,5,0) 331
Pr(5,0,4,0) 332
Pr(4,0,6,3) 333
Pr(6,3,4,0) 334
Pr(4,0,7,0) 335
Pr(7,0,4,0) 336
Pr(4,0,8,4) 337
Pr(8,4,4,0) 338
Pr(4,0,9,2) 339
Pr(9,2,4,0) 340
Pr(5,0,6,3) 341
Pr(6,3,5,0) 342
Pr(5,0,7,0) 343
Pr(7,0,5,0) 344
Pr(5,0,8,4) 345
Pr(8,4,5,0) 346
Pr(5,0,9,2) 347
Pr(9,2,5,0) 348
Pr(6,3,7,0) 349
Pr(7,0,6,3) 350
Pr(6,3,8,4) 351
Pr(8,4,6,3) 352
Pr(6,3,9,2) 353
Pr(9,2,6,3) 354
Pr(7,0,8,4) 355
Pr(8,4,7,0) 356
Pr(7,0,9,2) 357
Pr(9,2,7,0) 358
Pr(8,4,9,2) 359
Pr(9,2,8,4) 360
Pr(0,3,1,4) 361
Pr(1,4,0,3) 362
Pr(0,3,2,2) 363
Pr(2,2,0,3) 364
Pr(0,3,3,7) 365
Pr(3,7,0,3) 366
Pr(0,3,4,4) 367
Pr(4,4,0,3) 368
Pr(0,3,5,3) 369
Pr(5,3,0,3) 370
Pr(0,3,6,2) 371
Pr(6,2,0,3) 372
Pr(0,3,7,9) 373
Pr(7,9,0,3) 374
Pr(0,3,8,2) 375
Pr(8,2,0,3) 376
Pr(0,3,9,7) 377
Pr(9,7,0,3) 378
Pr(1,4,2,2) 379
Pr(2,2,1,4) 380
Pr(1,4,3,7) 381
Pr(3,7,1,4) 382
Pr(1,4,4,4) 383
Pr(4,4,1,4) 384
Pr(1,4,5,3) 385
Pr(5,3,1,4) 386
Pr(1,4,6,2) 387
Pr(6,2,1,4) 388
Pr(1,4,7,9) 389
Pr(7,9,1,4) 390
Pr(1,4,8,2) 391
Pr(8,2,1,4) 392
Pr(1,4,9,7) 393
Pr(9,7,1,4) 394
Pr(2,2,3,7) 395
Pr(3,7,2,2) 396
Pr(2,2,4,4) 397
Pr(4,4,2,2) 398
Pr(2,2,5,3) 399
Pr(5,3,2,2) 400
Pr(2,2,6,2) 401
Pr(6,2,2,2) 402
Pr(2,2,7,9) 403
Pr(7,9,2,2) 404
Pr(2,2,8,2) 405
Pr(8,2,2,2) 406
Pr(2,2,9,7) 407
Pr(9,7,2,2) 408
Pr(3,7,4,4) 409
Pr(4,4,3,7) 410
Pr(3,7,5,3) 411
Pr(5,3,3,7) 412
Pr(3,7,6,2) 413
Pr(6,2,3,7) 414
Pr(3,7,7,9) 415
Pr(7,9,3,7) 416
Pr(3,7,8,2) 417
Pr(8,2,3,7) 418
Pr(3,7,9,7) 419
Pr(9,7,3,7) 420
Pr(4,4,5,3) 421
Pr(5,3,4,4) 422
Pr(4,4,6,2) 423
Pr(6,2,4,4) 424
Pr(4,4,7,9) 425
Pr(7,9,4,4) 426
Pr(4,4,8,2) 427
Pr(8,2,4,4) 428
Pr(4,4,9,7) 429
Pr(9,7,4,4) 430
Pr(5,3,6,2) 431
Pr(6,2,5,3) 432
Pr(5,3,7,9) 433
Pr(7,9,5,3) 434
Pr(5,3,8,2) 435
Pr(8,2,5,3) 436
Pr(5,3,9,7) 437
Pr(9,7,5,3) 438
Pr(6,2,7,9) 439
Pr(7,9,6,2) 440
Pr(6,2,8,2) 441
Pr(8,2,6,2) 442
Pr(6,2,9,7) 443
Pr(9,7,6,2) 444
Pr(7,9,8,2) 445
Pr(8,2,7,9) 446
Pr(7,9,9,7) 447
Pr(9,7,7,9) 448
Pr(8,2,9,7) 449
Pr(9,7,8,2) 450
Pr(0,4,1,2) 451
Pr(1,2,0,4) 452
Pr(0,4,2,9) 453
Pr(2,9,0,4) 454
Pr(0,4,3,3) 455
Pr(3,3,0,4) 456
Pr(0,4,4,5) 457
Pr(4,5,0,4) 458
Pr(0,4,5,8) 459
Pr(5,8,0,4) 460
Pr(0,4,6,9) 461
Pr(6,9,0,4) 462
Pr(0,4,7,4) 463
Pr(7,4,0,4) 464
Pr(0,4,8,8) 465
Pr(8,8,0,4) 466
Pr(0,4,9,8) 467
Pr(9,8,0,4) 468
Pr(1,2,2,9) 469
Pr(2,9,1,2) 470
Pr(1,2,3,3) 471
Pr(3,3,1,2) 472
Pr(1,2,4,5) 473
Pr(4,5,1,2) 474
Pr(1,2,5,8) 475
Pr(5,8,1,2) 476
Pr(1,2,6,9) 477
Pr(6,9,1,2) 478
Pr(1,2,7,4) 479
Pr(7,4,1,2) 480
Pr(1,2,8,8) 481
Pr(8,8,1,2) 482
Pr(1,2,9,8) 483
Pr(9,8,1,2) 484
Pr(2,9,3,3) 485
Pr(3,3,2,9) 486
Pr(2,9,4,5) 487
Pr(4,5,2,9) 488
Pr(2,9,5,8) 489
Pr(5,8,2,9) 490
Pr(2,9,6,9) 491
Pr(6,9,2,9) 492
Pr(2,9,7,4) 493
Pr(7,4,2,9) 494
Pr(2,9,8,8) 495
Pr(8,8,2,9) 496
Pr(2,9,9,8) 497
Pr(9,8,2,9) 498
Pr(3,3,4,5) 499
Pr(4,5,3,3) 500
Pr(3,3,5,8) 501
Pr(5,8,3,3) 502
Pr(3,3,6,9) 503
Pr(6,9,3,3) 504
Pr(3,3,7,4) 505
Pr(7,4,3,3) 506
Pr(3,3,8,8) 507
Pr(8,8,3,3) 508
Pr(3,3,9,8) 509
Pr(9,8,3,3) 510
Pr(4,5,5,8) 511
Pr(5,8,4,5) 512
Pr(4,5,6,9) 513
Pr(6,9,4,5) 514
Pr(4,5,7,4) 515
Pr(7,4,4,5) 516
Pr(4,5,8,8) 517
Pr(8,8,4,5) 518
Pr(4,5,9,8) 519
Pr(9,8,4,5) 520
Pr(5,8,6,9) 521
Pr(6,9,5,8) 522
Pr(5,8,7,4) 523
Pr(7,4,5,8) 524
Pr(5,8,8,8) 525
Pr(8,8,5,8) 526
Pr(5,8,9,8) 527
Pr(9,8,5,8) 528
Pr(6,9,7,4) 529
Pr(7,4,6,9) 530
Pr(6,9,8,8) 531
Pr(8,8,6,9) 532
Pr(6,9,9,8) 533
Pr(9,8,6,9) 534
Pr(7,4,8,8) 535
Pr(8,8,7,4) 536
Pr(7,4,9,8) 537
Pr(9,8,7,4) 538
Pr(8,8,9,8) 539
Pr(9,8,8,8) 540
Pr(0,5,1,7) 541
Pr(1,7,0,5) 542
Pr(0,5,2,5) 543
Pr(2,5,0,5) 544
Pr(0,5,3,9) 545
Pr(3,9,0,5) 546
Pr(0,5,4,3) 547
Pr(4,3,0,5) 548
Pr(0,5,5,2) 549
Pr(5,2,0,5) 550
Pr(0,5,6,5) 551
Pr(6,5,0,5) 552
Pr(0,5,7,3) 553
Pr(7,3,0,5) 554
Pr(0,5,8,3) 555
Pr(8,3,0,5) 556
Pr(0,5,9,6) 557
Pr(9,6,0,5) 558
Pr(1,7,2,5) 559
Pr(2,5,1,7) 560
Pr(1,7,3,9) 561
Pr(3,9,1,7) 562
Pr(1,7,4,3) 563
Pr(4,3,1,7) 564
Pr(1,7,5,2) 565
Pr(5,2,1,7) 566
Pr(1,7,6,5) 567
Pr(6,5,1,7) 568
Pr(1,7,7,3) 569
Pr(7,3,1,7) 570
Pr(1,7,8,3) 571
Pr(8,3,1,7) 572
Pr(1,7,9,6) 573
Pr(9,6,1,7) 574
Pr(2,5,3,9) 575
Pr(3,9,2,5) 576
Pr(2,5,4,3) 577
Pr(4,3,2,5) 578
Pr(2,5,5,2) 579
Pr(5,2,2,5) 580
Pr(2,5,6,5) 581
Pr(6,5,2,5) 582
Pr(2,5,7,3) 583
Pr(7,3,2,5) 584
Pr(2,5,8,3) 585
Pr(8,3,2,5) 586
Pr(2,5,9,6) 587
Pr(9,6,2,5) 588
Pr(3,9,4,3) 589
Pr(4,3,3,9) 590
Pr(3,9,5,2) 591
Pr(5,2,3,9) 592
Pr(3,9,6,5) 593
Pr(6,5,3,9) 594
Pr(3,9,7,3) 595
Pr(7,3,3,9) 596
Pr(3,9,8,3) 597
Pr(8,3,3,9) 598
Pr(3,9,9,6) 599
Pr(9,6,3,9) 600
Pr(4,3,5,2) 601
Pr(5,2,4,3) 602
Pr(4,3,6,5) 603
Pr(6,5,4,3) 604
Pr(4,3,7,3) 605
Pr(7,3,4,3) 606
Pr(4,3,8,3) 607
Pr(8,3,4,3) 608
Pr(4,3,9,6) 609
Pr(9,6,4,3) 610
Pr(5,2,6,5) 611
Pr(6,5,5,2) 612
Pr(5,2,7,3) 613
Pr(7,3,5,2) 614
Pr(5,2,8,3) 615
Pr(8,3,5,2) 616
Pr(5,2,9,6) 617
Pr(9,6,5,2) 618
Pr(6,5,7,3) 619
Pr(7,3,6,5) 620
Pr(6,5,8,3) 621
Pr(8,3,6,5) 622
Pr(6,5,9,6) 623
Pr(9,6,6,5) 624
Pr(7,3,8,3) 625
Pr(8,3,7,3) 626
Pr(7,3,9,6) 627
Pr(9,6,7,3) 628
Pr(8,3,9,6) 629
Pr(9,6,8,3) 630
Pr(0,6,1,6) 631
Pr(1,6,0,6) 632
Pr(0,6,2,7) 633
Pr(2,7,0,6) 634
Pr(0,6,3,4) 635
Pr(3,4,0,6) 636
Pr(0,6,4,9) 637
Pr(4,9,0,6) 638
Pr(0,6,5,7) 639
Pr(5,7,0,6) 640
Pr(0,6,6,4) 641
Pr(6,4,0,6) 642
Pr(0,6,7,5) 643
Pr(7,5,0,6) 644
Pr(0,6,8,6) 645
Pr(8,6,0,6) 646
Pr(0,6,9,3) 647
Pr(9,3,0,6) 648
Pr(1,6,2,7) 649
Pr(2,7,1,6) 650
Pr(1,6,3,4) 651
Pr(3,4,1,6) 652
Pr(1,6,4,9) 653
Pr(4,9,1,6) 654
Pr(1,6,5,7) 655
Pr(5,7,1,6) 656
Pr(1,6,6,4) 657
Pr(6,4,1,6) 658
Pr(1,6,7,5) 659
Pr(7,5,1,6) 660
Pr(1,6,8,6) 661
Pr(8,6,1,6) 662
Pr(1,6,9,3) 663
Pr(9,3,1,6) 664
Pr(2,7,3,4) 665
Pr(3,4,2,7) 666
Pr(2,7,4,9) 667
Pr(4,9,2,7) 668
Pr(2,7,5,7) 669
Pr(5,7,2,7) 670
Pr(2,7,6,4) 671
Pr(6,4,2,7) 672
Pr(2,7,7,5) 673
Pr(7,5,2,7) 674
Pr(2,7,8,6) 675
Pr(8,6,2,7) 676
Pr(2,7,9,3) 677
Pr(9,3,2,7) 678
Pr(3,4,4,9) 679
Pr(4,9,3,4) 680
Pr(3,4,5,7) 681
Pr(5,7,3,4) 682
Pr(3,4,6,4) 683
Pr(6,4,3,4) 684
Pr(3,4,7,5) 685
Pr(7,5,3,4) 686
Pr(3,4,8,6) 687
Pr(8,6,3,4) 688
Pr(3,4,9,3) 689
Pr(9,3,3,4) 690
Pr(4,9,5,7) 691
Pr(5,7,4,9) 692
Pr(4,9,6,4) 693
Pr(6,4,4,9) 694
Pr(4,9,7,5) 695
Pr(7,5,4,9) 696
Pr(4,9,8,6) 697
Pr(8,6,4,9) 698
Pr(4,9,9,3) 699
Pr(9,3,4,9) 700
Pr(5,7,6,4) 701
Pr(6,4,5,7) 702
Pr(5,7,7,5) 703
Pr(7,5,5,7) 704
Pr(5,7,8,6) 705
Pr(8,6,5,7) 706
Pr(5,7,9,3) 707
Pr(9,3,5,7) 708
Pr(6,4,7,5) 709
Pr(7,5,6,4) 710
Pr(6,4,8,6) 711
Pr(8,6,6,4) 712
Pr(6,4,9,3) 713
Pr(9,3,6,4) 714
Pr(7,5,8,6) 715
Pr(8,6,7,5) 716
Pr(7,5,9,3) 717
Pr(9,3,7,5) 718
Pr(8,6,9,3) 719
Pr(9,3,8,6) 720
Pr(0,7,1,8) 721
Pr(1,8,0,7) 722
Pr(0,7,2,6) 723
Pr(2,6,0,7) 724
Pr(0,7,3,6) 725
Pr(3,6,0,7) 726
Pr(0,7,4,7) 727
Pr(4,7,0,7) 728
Pr(0,7,5,9) 729
Pr(5,9,0,7) 730
Pr(0,7,6,8) 731
Pr(6,8,0,7) 732
Pr(0,7,7,8) 733
Pr(7,8,0,7) 734
Pr(0,7,8,7) 735
Pr(8,7,0,7) 736
Pr(0,7,9,9) 737
Pr(9,9,0,7) 738
Pr(1,8,2,6) 739
Pr(2,6,1,8) 740
Pr(1,8,3,6) 741
Pr(3,6,1,8) 742
Pr(1,8,4,7) 743
Pr(4,7,1,8) 744
Pr(1,8,5,9) 745
Pr(5,9,1,8) 746
Pr(1,8,6,8) 747
Pr(6,8,1,8) 748
Pr(1,8,7,8) 749
Pr(7,8,1,8) 750
Pr(1,8,8,7) 751
Pr(8,7,1,8) 752
Pr(1,8,9,9) 753
Pr(9,9,1,8) 754
Pr(2,6,3,6) 755
Pr(3,6,2,6) 756
Pr(2,6,4,7) 757
Pr(4,7,2,6) 758
Pr(2,6,5,9) 759
Pr(5,9,2,6) 760
Pr(2,6,6,8) 761
Pr(6,8,2,6) 762
Pr(2,6,7,8) 763
Pr(7,8,2,6) 764
Pr(2,6,8,7) 765
Pr(8,7,2,6) 766
Pr(2,6,9,9) 767
Pr(9,9,2,6) 768
Pr(3,6,4,7) 769
Pr(4,7,3,6) 770
Pr(3,6,5,9) 771
Pr(5,9,3,6) 772
Pr(3,6,6,8) 773
Pr(6,8,3,6) 774
Pr(3,6,7,8) 775
Pr(7,8,3,6) 776
Pr(3,6,8,7) 777
Pr(8,7,3,6) 778
Pr(3,6,9,9) 779
Pr(9,9,3,6) 780
Pr(4,7,5,9) 781
Pr(5,9,4,7) 782
Pr(4,7,6,8) 783
Pr(6,8,4,7) 784
Pr(4,7,7,8) 785
Pr(7,8,4,7) 786
Pr(4,7,8,7) 787
Pr(8,7,4,7) 788
Pr(4,7,9,9) 789
Pr(9,9,4,7) 790
Pr(5,9,6,8) 791
Pr(6,8,5,9) 792
Pr(5,9,7,8) 793
Pr(7,8,5,9) 794
Pr(5,9,8,7) 795
Pr(8,7,5,9) 796
Pr(5,9,9,9) 797
Pr(9,9,5,9) 798
Pr(6,8,7,8) 799
Pr(7,8,6,8) 800
Pr(6,8,8,7) 801
Pr(8,7,6,8) 802
Pr(6,8,9,9) 803
Pr(9,9,6,8) 804
Pr(7,8,8,7) 805
Pr(8,7,7,8) 806
Pr(7,8,9,9) 807
Pr(9,9,7,8) 808
Pr(8,7,9,9) 809
Pr(9,9,8,7) 810
Pr(0,8,1,9) 811
Pr(1,9,0,8) 812
Pr(0,8,2,4) 813
Pr(2,4,0,8) 814
Pr(0,8,3,5) 815
Pr(3,5,0,8) 816
Pr(0,8,4,6) 817
Pr(4,6,0,8) 818
Pr(0,8,5,4) 819
Pr(5,4,0,8) 820
Pr(0,8,6,7) 821
Pr(6,7,0,8) 822
Pr(0,8,7,6) 823
Pr(7,6,0,8) 824
Pr(0,8,8,9) 825
Pr(8,9,0,8) 826
Pr(0,8,9,4) 827
Pr(9,4,0,8) 828
Pr(1,9,2,4) 829
Pr(2,4,1,9) 830
Pr(1,9,3,5) 831
Pr(3,5,1,9) 832
Pr(1,9,4,6) 833
Pr(4,6,1,9) 834
Pr(1,9,5,4) 835
Pr(5,4,1,9) 836
Pr(1,9,6,7) 837
Pr(6,7,1,9) 838
Pr(1,9,7,6) 839
Pr(7,6,1,9) 840
Pr(1,9,8,9) 841
Pr(8,9,1,9) 842
Pr(1,9,9,4) 843
Pr(9,4,1,9) 844
Pr(2,4,3,5) 845
Pr(3,5,2,4) 846
Pr(2,4,4,6) 847
Pr(4,6,2,4) 848
Pr(2,4,5,4) 849
Pr(5,4,2,4) 850
Pr(2,4,6,7) 851
Pr(6,7,2,4) 852
Pr(2,4,7,6) 853
Pr(7,6,2,4) 854
Pr(2,4,8,9) 855
Pr(8,9,2,4) 856
Pr(2,4,9,4) 857
Pr(9,4,2,4) 858
Pr(3,5,4,6) 859
Pr(4,6,3,5) 860
Pr(3,5,5,4) 861
Pr(5,4,3,5) 862
Pr(3,5,6,7) 863
Pr(6,7,3,5) 864
Pr(3,5,7,6) 865
Pr(7,6,3,5) 866
Pr(3,5,8,9) 867
Pr(8,9,3,5) 868
Pr(3,5,9,4) 869
Pr(9,4,3,5) 870
Pr(4,6,5,4) 871
Pr(5,4,4,6) 872
Pr(4,6,6,7) 873
Pr(6,7,4,6) 874
Pr(4,6,7,6) 875
Pr(7,6,4,6) 876
Pr(4,6,8,9) 877
Pr(8,9,4,6) 878
Pr(4,6,9,4) 879
Pr(9,4,4,6) 880
Pr(5,4,6,7) 881
Pr(6,7,5,4) 882
Pr(5,4,7,6) 883
Pr(7,6,5,4) 884
Pr(5,4,8,9) 885
Pr(8,9,5,4) 886
Pr(5,4,9,4) 887
Pr(9,4,5,4) 888
Pr(6,7,7,6) 889
Pr(7,6,6,7) 890
Pr(6,7,8,9) 891
Pr(8,9,6,7) 892
Pr(6,7,9,4) 893
Pr(9,4,6,7) 894
Pr(7,6,8,9) 895
Pr(8,9,7,6) 896
Pr(7,6,9,4) 897
Pr(9,4,7,6) 898
Pr(8,9,9,4) 899
Pr(9,4,8,9) 900
Pr(0,9,1,3) 901
Pr(1,3,0,9) 902
Pr(0,9,2,8) 903
Pr(2,8,0,9) 904
Pr(0,9,3,8) 905
Pr(3,8,0,9) 906
Pr(0,9,4,8) 907
Pr(4,8,0,9) 908
Pr(0,9,5,5) 909
Pr(5,5,0,9) 910
Pr(0,9,6,6) 911
Pr(6,6,0,9) 912
Pr(0,9,7,7) 913
Pr(7,7,0,9) 914
Pr(0,9,8,5) 915
Pr(8,5,0,9) 916
Pr(0,9,9,5) 917
Pr(9,5,0,9) 918
Pr(1,3,2,8) 919
Pr(2,8,1,3) 920
Pr(1,3,3,8) 921
Pr(3,8,1,3) 922
Pr(1,3,4,8) 923
Pr(4,8,1,3) 924
Pr(1,3,5,5) 925
Pr(5,5,1,3) 926
Pr(1,3,6,6) 927
Pr(6,6,1,3) 928
Pr(1,3,7,7) 929
Pr(7,7,1,3) 930
Pr(1,3,8,5) 931
Pr(8,5,1,3) 932
Pr(1,3,9,5) 933
Pr(9,5,1,3) 934
Pr(2,8,3,8) 935
Pr(3,8,2,8) 936
Pr(2,8,4,8) 937
Pr(4,8,2,8) 938
Pr(2,8,5,5) 939
Pr(5,5,2,8) 940
Pr(2,8,6,6) 941
Pr(6,6,2,8) 942
Pr(2,8,7,7) 943
Pr(7,7,2,8) 944
Pr(2,8,8,5) 945
Pr(8,5,2,8) 946
Pr(2,8,9,5) 947
Pr(9,5,2,8) 948
Pr(3,8,4,8) 949
Pr(4,8,3,8) 950
Pr(3,8,5,5) 951
Pr(5,5,3,8) 952
Pr(3,8,6,6) 953
Pr(6,6,3,8) 954
Pr(3,8,7,7) 955
Pr(7,7,3,8) 956
Pr(3,8,8,5) 957
Pr(8,5,3,8) 958
Pr(3,8,9,5) 959
Pr(9,5,3,8) 960
Pr(4,8,5,5) 961
Pr(5,5,4,8) 962
Pr(4,8,6,6) 963
Pr(6,6,4,8) 964
Pr(4,8,7,7) 965
Pr(7,7,4,8) 966
Pr(4,8,8,5) 967
Pr(8,5,4,8) 968
Pr(4,8,9,5) 969
Pr(9,5,4,8) 970
Pr(5,5,6,6) 971
Pr(6,6,5,5) 972
Pr(5,5,7,7) 973
Pr(7,7,5,5) 974
Pr(5,5,8,5) 975
Pr(8,5,5,5) 976
Pr(5,5,9,5) 977
Pr(9,5,5,5) 978
Pr(6,6,7,7) 979
Pr(7,7,6,6) 980
Pr(6,6,8,5) 981
Pr(8,5,6,6) 982
Pr(6,6,9,5) 983
Pr(9,5,6,6) 984
Pr(7,7,8,5) 985
Pr(8,5,7,7) 986
Pr(7,7,9,5) 987
Pr(9,5,7,7) 988
Pr(8,5,9,5) 989
Pr(9,5,8,5) 990
Sa(0,0,0) 991
Eb(0,0,-363) 992
Sa(0,0,1) 993
Sa(0,0,2) 994
Sa(0,0,3) 995
Eb(0,0,0) 996
Eb(0,0,1) 997
Eb(0,0,2) 998
Eb(0,0,3) 999
Sa(0,1,29) 1000
Eb(0,1,-285) 1001
Sa(0,1,1) 1002
Sa(0,1,0) 1003
Sa(0,1,2) 1004
Sa(0,1,3) 1005
Eb(0,1,0) 1006
Eb(0,1,1) 1007
Eb(0,1,2) 1008
Eb(0,1,3) 1009
Sa(0,2,107) 1010
Eb(0,2,-276) 1011
Sa(0,2,1) 1012
Sa(0,2,0) 1013
Sa(0,2,2) 1014
Sa(0,2,3) 1015
Eb(0,2,0) 1016
Eb(0,2,1) 1017
Eb(0,2,2) 1018
Eb(0,2,3) 1019
Sa(0,3,116) 1020
Eb(0,3,-240) 1021
Sa(0,3,1) 1022
Sa(0,3,0) 1023
Sa(0,3,2) 1024
Sa(0,3,3) 1025
Eb(0,3,0) 1026
Eb(0,3,1) 1027
Eb(0,3,2) 1028
Eb(0,3,3) 1029
Sa(0,4,152) 1030
Eb(0,4,-191) 1031
Sa(0,4,1) 1032
Sa(0,4,0) 1033
Sa(0,4,2) 1034
Sa(0,4,3) 1035
Eb(0,4,0) 1036
Eb(0,4,1) 1037
Eb(0,4,2) 1038
Eb(0,4,3) 1039
Sa(0,5,201) 1040
Eb(0,5,-180) 1041
Sa(0,5,1) 1042
Sa(0,5,0) 1043
Sa(0,5,2) 1044
Sa(0,5,3) 1045
Eb(0,5,0) 1046
Eb(0,5,1) 1047
Eb(0,5,2) 1048
Eb(0,5,3) 1049
Sa(0,6,212) 1050
Eb(0,6,-118) 1051
Sa(0,6,1) 1052
Sa(0,6,0) 1053
Sa(0,6,2) 1054
Sa(0,6,3) 1055
Eb(0,6,0) 1056
Eb(0,6,1) 1057
Eb(0,6,2) 1058
Eb(0,6,3) 1059
Sa(0,7,274) 1060
Eb(0,7,-62) 1061
Sa(0,7,1) 1062
Sa(0,7,0) 1063
Sa(0,7,2) 1064
Sa(0,7,3) 1065
Eb(0,7,0) 1066
Eb(0,7,1) 1067
Eb(0,7,2) 1068
Eb(0,7,3) 1069
Sa(0,8,330) 1070
Eb(0,8,-18) 1071
Sa(0,8,1) 1072
Sa(0,8,0) 1073
Sa(0,8,2) 1074
Sa(0,8,3) 1075
Eb(0,8,0) 1076
Eb(0,8,1) 1077
Eb(0,8,2) 1078
Eb(0,8,3) 1079
Sa(0,9,374) 1080
Eb(0,9,3) 1081
Sa(0,9,1) 1082
Sa(0,9,0) 1083
Sa(0,9,2) 1084
Sa(0,9,3) 1085
Eb(0,9,0) 1086
Eb(0,9,1) 1087
Eb(0,9,2) 1088
Sa(1,0,0) 1089
Eb(1,0,-464) 1090
Sa(1,0,1) 1091
Sa(1,0,2) 1092
Sa(1,0,3) 1093
Eb(1,0,0) 1094
Eb(1,0,1) 1095
Eb(1,0,2) 1096
Eb(1,0,3) 1097
Sa(1,1,43) 1098
Eb(1,1,-374) 1099
Sa(1,1,1) 1100
Sa(1,1,0) 1101
Sa(1,1,2) 1102
Sa(1,1,3) 1103
Eb(1,1,0) 1104
Eb(1,1,1) 1105
Eb(1,1,2) 1106
Eb(1,1,3) 1107
Sa(1,2,133) 1108
Eb(1,2,-299) 1109
Sa(1,2,1) 1110
Sa(1,2,0) 1111
Sa(1,2,2) 1112
Sa(1,2,3) 1113
Eb(1,2,0) 1114
Eb(1,2,1) 1115
Eb(1,2,2) 1116
Eb(1,2,3) 1117
Sa(1,3,208) 1118
Eb(1,3,-288) 1119
Sa(1,3,1) 1120
Sa(1,3,0) 1121
Sa(1,3,2) 1122
Sa(1,3,3) 1123
Eb(1,3,0) 1124
Eb(1,3,1) 1125
Eb(1,3,2) 1126
Eb(1,3,3) 1127
Sa(1,4,219) 1128
Eb(1,4,-219) 1129
Sa(1,4,1) 1130
Sa(1,4,0) 1131
Sa(1,4,2) 1132
Sa(1,4,3) 1133
Eb(1,4,0) 1134
Eb(1,4,1) 1135
Eb(1,4,2) 1136
Eb(1,4,3) 1137
Sa(1,5,288) 1138
Eb(1,5,-191) 1139
Sa(1,5,1) 1140
Sa(1,5,0) 1141
Sa(1,5,2) 1142
Sa(1,5,3) 1143
Eb(1,5,0) 1144
Eb(1,5,1) 1145
Eb(1,5,2) 1146
Eb(1,5,3) 1147
Sa(1,6,316) 1148
Eb(1,6,-145) 1149
Sa(1,6,1) 1150
Sa(1,6,0) 1151
Sa(1,6,2) 1152
Sa(1,6,3) 1153
Eb(1,6,0) 1154
Eb(1,6,1) 1155
Eb(1,6,2) 1156
Eb(1,6,3) 1157
Sa(1,7,362) 1158
Eb(1,7,-99) 1159
Sa(1,7,1) 1160
Sa(1,7,0) 1161
Sa(1,7,2) 1162
Sa(1,7,3) 1163
Eb(1,7,0) 1164
Eb(1,7,1) 1165
Eb(1,7,2) 1166
Eb(1,7,3) 1167
Sa(1,8,408) 1168
Eb(1,8,-27) 1169
Sa(1,8,1) 1170
Sa(1,8,0) 1171
Sa(1,8,2) 1172
Sa(1,8,3) 1173
Eb(1,8,0) 1174
Eb(1,8,1) 1175
Eb(1,8,2) 1176
Eb(1,8,3) 1177
Sa(1,9,480) 1178
Eb(1,9,3) 1179
Sa(1,9,1) 1180
Sa(1,9,0) 1181
Sa(1,9,2) 1182
Sa(1,9,3) 1183
Eb(1,9,0) 1184
Eb(1,9,1) 1185
Eb(1,9,2) 1186
Sa(2,0,0) 1187
Eb(2,0,-474) 1188
Sa(2,0,1) 1189
Sa(2,0,2) 1190
Sa(2,0,3) 1191
Eb(2,0,0) 1192
Eb(2,0,1) 1193
Eb(2,0,2) 1194
Eb(2,0,3) 1195
Sa(2,1,91) 1196
Eb(2,1,-389) 1197
Sa(2,1,1) 1198
Sa(2,1,0) 1199
Sa(2,1,2) 1200
Sa(2,1,3) 1201
Eb(2,1,0) 1202
Eb(2,1,1) 1203
Eb(2,1,2) 1204
Eb(2,1,3) 1205
Sa(2,2,176) 1206
Eb(2,2,-350) 1207
Sa(2,2,1) 1208
Sa(2,2,0) 1209
Sa(2,2,2) 1210
Sa(2,2,3) 1211
Eb(2,2,0) 1212
Eb(2,2,1) 1213
Eb(2,2,2) 1214
Eb(2,2,3) 1215
Sa(2,3,215) 1216
Eb(2,3,-276) 1217
Sa(2,3,1) 1218
Sa(2,3,0) 1219
Sa(2,3,2) 1220
Sa(2,3,3) 1221
Eb(2,3,0) 1222
Eb(2,3,1) 1223
Eb(2,3,2) 1224
Eb(2,3,3) 1225
Sa(2,4,289) 1226
Eb(2,4,-186) 1227
Sa(2,4,1) 1228
Sa(2,4,0) 1229
Sa(2,4,2) 1230
Sa(2,4,3) 1231
Eb(2,4,0) 1232
Eb(2,4,1) 1233
Eb(2,4,2) 1234
Eb(2,4,3) 1235
Sa(2,5,379) 1236
Eb(2,5,-176) 1237
Sa(2,5,1) 1238
Sa(2,5,0) 1239
Sa(2,5,2) 1240
Sa(2,5,3) 1241
Eb(2,5,0) 1242
Eb(2,5,1) 1243
Eb(2,5,2) 1244
Eb(2,5,3) 1245
Sa(2,6,389) 1246
Eb(2,6,-164) 1247
Sa(2,6,1) 1248
Sa(2,6,0) 1249
Sa(2,6,2) 1250
Sa(2,6,3) 1251
Eb(2,6,0) 1252
Eb(2,6,1) 1253
Eb(2,6,2) 1254
Eb(2,6,3) 1255
Sa(2,7,401) 1256
Eb(2,7,-75) 1257
Sa(2,7,1) 1258
Sa(2,7,0) 1259
Sa(2,7,2) 1260
Sa(2,7,3) 1261
Eb(2,7,0) 1262
Eb(2,7,1) 1263
Eb(2,7,2) 1264
Eb(2,7,3) 1265
Sa(2,8,490) 1266
Eb(2,8,-30) 1267
Sa(2,8,1) 1268
Sa(2,8,0) 1269
Sa(2,8,2) 1270
Sa(2,8,3) 1271
Eb(2,8,0) 1272
Eb(2,8,1) 1273
Eb(2,8,2) 1274
Eb(2,8,3) 1275
Sa(2,9,535) 1276
Eb(2,9,3) 1277
Sa(2,9,1) 1278
Sa(2,9,0) 1279
Sa(2,9,2) 1280
Sa(2,9,3) 1281
Eb(2,9,0) 1282
Eb(2,9,1) 1283
Eb(2,9,2) 1284
Sa(3,0,0) 1285
Eb(3,0,-571) 1286
Sa(3,0,1) 1287
Sa(3,0,2) 1288
Sa(3,0,3) 1289
Eb(3,0,0) 1290
Eb(3,0,1) 1291
Eb(3,0,2) 1292
Eb(3,0,3) 1293
Sa(3,1,81) 1294
Eb(3,1,-476) 1295
Sa(3,1,1) 1296
Sa(3,1,0) 1297
Sa(3,1,2) 1298
Sa(3,1,3) 1299
Eb(3,1,0) 1300
Eb(3,1,1) 1301
Eb(3,1,2) 1302
Eb(3,1,3) 1303
Sa(3,2,176) 1304
Eb(3,2,-405) 1305
Sa(3,2,1) 1306
Sa(3,2,0) 1307
Sa(3,2,2) 1308
Sa(3,2,3) 1309
Eb(3,2,0) 1310
Eb(3,2,1) 1311
Eb(3,2,2) 1312
Eb(3,2,3) 1313
Sa(3,3,247) 1314
Eb(3,3,-306) 1315
Sa(3,3,1) 1316
Sa(3,3,0) 1317
Sa(3,3,2) 1318
Sa(3,3,3) 1319
Eb(3,3,0) 1320
Eb(3,3,1) 1321
Eb(3,3,2) 1322
Eb(3,3,3) 1323
Sa(3,4,346) 1324
Eb(3,4,-297) 1325
Sa(3,4,1) 1326
Sa(3,4,0) 1327
Sa(3,4,2) 1328
Sa(3,4,3) 1329
Eb(3,4,0) 1330
Eb(3,4,1) 1331
Eb(3,4,2) 1332
Eb(3,4,3) 1333
Sa(3,5,355) 1334
Eb(3,5,-245) 1335
Sa(3,5,1) 1336
Sa(3,5,0) 1337
Sa(3,5,2) 1338
Sa(3,5,3) 1339
Eb(3,5,0) 1340
Eb(3,5,1) 1341
Eb(3,5,2) 1342
Eb(3,5,3) 1343
Sa(3,6,407) 1344
Eb(3,6,-160) 1345
Sa(3,6,1) 1346
Sa(3,6,0) 1347
Sa(3,6,2) 1348
Sa(3,6,3) 1349
Eb(3,6,0) 1350
Eb(3,6,1) 1351
Eb(3,6,2) 1352
Eb(3,6,3) 1353
Sa(3,7,492) 1354
Eb(3,7,-62) 1355
Sa(3,7,1) 1356
Sa(3,7,0) 1357
Sa(3,7,2) 1358
Sa(3,7,3) 1359
Eb(3,7,0) 1360
Eb(3,7,1) 1361
Eb(3,7,2) 1362
Eb(3,7,3) 1363
Sa(3,8,590) 1364
Eb(3,8,-40) 1365
Sa(3,8,1) 1366
Sa(3,8,0) 1367
Sa(3,8,2) 1368
Sa(3,8,3) 1369
Eb(3,8,0) 1370
Eb(3,8,1) 1371
Eb(3,8,2) 1372
Eb(3,8,3) 1373
Sa(3,9,612) 1374
Eb(3,9,3) 1375
Sa(3,9,1) 1376
Sa(3,9,0) 1377
Sa(3,9,2) 1378
Sa(3,9,3) 1379
Eb(3,9,0) 1380
Eb(3,9,1) 1381
Eb(3,9,2) 1382
Sa(4,0,0) 1383
Eb(4,0,-376) 1384
Sa(4,0,1) 1385
Sa(4,0,2) 1386
Sa(4,0,3) 1387
Eb(4,0,0) 1388
Eb(4,0,1) 1389
Eb(4,0,2) 1390
Eb(4,0,3) 1391
Sa(4,1,14) 1392
Eb(4,1,-370) 1393
Sa(4,1,1) 1394
Sa(4,1,0) 1395
Sa(4,1,2) 1396
Sa(4,1,3) 1397
Eb(4,1,0) 1398
Eb(4,1,1) 1399
Eb(4,1,2) 1400
Eb(4,1,3) 1401
Sa(4,2,20) 1402
Eb(4,2,-348) 1403
Sa(4,2,1) 1404
Sa(4,2,0) 1405
Sa(4,2,2) 1406
Sa(4,2,3) 1407
Eb(4,2,0) 1408
Eb(4,2,1) 1409
Eb(4,2,2) 1410
Eb(4,2,3) 1411
Sa(4,3,42) 1412
Eb(4,3,-287) 1413
Sa(4,3,1) 1414
Sa(4,3,0) 1415
Sa(4,3,2) 1416
Sa(4,3,3) 1417
Eb(4,3,0) 1418
Eb(4,3,1) 1419
Eb(4,3,2) 1420
Eb(4,3,3) 1421
Sa(4,4,103) 1422
Eb(4,4,-261) 1423
Sa(4,4,1) 1424
Sa(4,4,0) 1425
Sa(4,4,2) 1426
Sa(4,4,3) 1427
Eb(4,4,0) 1428
Eb(4,4,1) 1429
Eb(4,4,2) 1430
Eb(4,4,3) 1431
Sa(4,5,129) 1432
Eb(4,5,-192) 1433
Sa(4,5,1) 1434
Sa(4,5,0) 1435
Sa(4,5,2) 1436
Sa(4,5,3) 1437
Eb(4,5,0) 1438
Eb(4,5,1) 1439
Eb(4,5,2) 1440
Eb(4,5,3) 1441
Sa(4,6,198) 1442
Eb(4,6,-171) 1443
Sa(4,6,1) 1444
Sa(4,6,0) 1445
Sa(4,6,2) 1446
Sa(4,6,3) 1447
Eb(4,6,0) 1448
Eb(4,6,1) 1449
Eb(4,6,2) 1450
Eb(4,6,3) 1451
Sa(4,7,219) 1452
Eb(4,7,-122) 1453
Sa(4,7,1) 1454
Sa(4,7,0) 1455
Sa(4,7,2) 1456
Sa(4,7,3) 1457
Eb(4,7,0) 1458
Eb(4,7,1) 1459
Eb(4,7,2) 1460
Eb(4,7,3) 1461
Sa(4,8,268) 1462
Eb(4,8,-50) 1463
Sa(4,8,1) 1464
Sa(4,8,0) 1465
Sa(4,8,2) 1466
Sa(4,8,3) 1467
Eb(4,8,0) 1468
Eb(4,8,1) 1469
Eb(4,8,2) 1470
Eb(4,8,3) 1471
Sa(4,9,340) 1472
Eb(4,9,3) 1473
Sa(4,9,1) 1474
Sa(4,9,0) 1475
Sa(4,9,2) 1476
Sa(4,9,3) 1477
Eb(4,9,0) 1478
Eb(4,9,1) 1479
Eb(4,9,2) 1480
Sa(5,0,0) 1481
Eb(5,0,-409) 1482
Sa(5,0,1) 1483
Sa(5,0,2) 1484
Sa(5,0,3) 1485
Eb(5,0,0) 1486
Eb(5,0,1) 1487
Eb(5,0,2) 1488
Eb(5,0,3) 1489
Sa(5,1,84) 1490
Eb(5,1,-407) 1491
Sa(5,1,1) 1492
Sa(5,1,0) 1493
Sa(5,1,2) 1494
Sa(5,1,3) 1495
Eb(5,1,0) 1496
Eb(5,1,1) 1497
Eb(5,1,2) 1498
Eb(5,1,3) 1499
Sa(5,2,2) 1500
Sa(6,0,2) 1501
Sa(7,2,2) 1502
Sa(8,1,2) 1503
Sa(9,0,2) 1504
Sa(5,2,3) 1505
Sa(6,0,3) 1506
Sa(7,2,3) 1507
Sa(8,1,3) 1508
Sa(9,0,3) 1509
Sa(5,2,86) 1510
Eb(5,2,-355) 1511
Sa(5,2,1) 1512
Sa(5,2,0) 1513
Eb(5,2,0) 1514
Eb(5,2,1) 1515
Eb(5,2,2) 1516
Eb(5,2,3) 1517
Sa(5,3,138) 1518
Eb(5,3,-260) 1519
Sa(5,3,1) 1520
Sa(5,3,0) 1521
Sa(5,3,2) 1522
Sa(5,3,3) 1523
Eb(5,3,0) 1524
Eb(5,3,1) 1525
Eb(5,3,2) 1526
Eb(5,3,3) 1527
Sa(5,4,233) 1528
Eb(5,4,-212) 1529
Sa(5,4,1) 1530
Sa(5,4,0) 1531
Sa(5,4,2) 1532
Sa(5,4,3) 1533
Eb(5,4,0) 1534
Eb(5,4,1) 1535
Eb(5,4,2) 1536
Eb(5,4,3) 1537
Sa(5,5,281) 1538
Eb(5,5,-140) 1539
Sa(5,5,1) 1540
Sa(5,5,0) 1541
Sa(5,5,2) 1542
Sa(5,5,3) 1543
Eb(5,5,0) 1544
Eb(5,5,1) 1545
Eb(5,5,2) 1546
Eb(5,5,3) 1547
Sa(5,6,353) 1548
Eb(5,6,-93) 1549
Sa(5,6,1) 1550
Sa(5,6,0) 1551
Sa(5,6,2) 1552
Sa(5,6,3) 1553
Eb(5,6,0) 1554
Eb(5,6,1) 1555
Eb(5,6,2) 1556
Eb(5,6,3) 1557
Sa(5,7,400) 1558
Eb(5,7,-28) 1559
Sa(5,7,1) 1560
Sa(5,7,0) 1561
Sa(5,7,2) 1562
Sa(5,7,3) 1563
Eb(5,7,0) 1564
Eb(5,7,1) 1565
Eb(5,7,2) 1566
Eb(5,7,3) 1567
Sa(5,8,465) 1568
Eb(5,8,-22) 1569
Sa(5,8,1) 1570
Sa(5,8,0) 1571
Sa(5,8,2) 1572
Sa(5,8,3) 1573
Eb(5,8,0) 1574
Eb(5,8,1) 1575
Eb(5,8,2) 1576
Eb(5,8,3) 1577
Sa(5,9,471) 1578
Eb(5,9,3) 1579
Sa(5,9,1) 1580
Sa(5,9,0) 1581
Sa(5,9,2) 1582
Sa(5,9,3) 1583
Eb(5,9,0) 1584
Eb(5,9,1) 1585
Eb(5,9,2) 1586
Sa(6,0,0) 1587
Eb(6,0,-367) 1588
Sa(6,0,1) 1589
Eb(6,0,0) 1590
Eb(6,0,1) 1591
Eb(6,0,2) 1592
Eb(6,0,3) 1593
Sa(6,1,46) 1594
Eb(6,1,-330) 1595
Sa(6,1,1) 1596
Sa(6,1,0) 1597
Sa(6,1,2) 1598
Sa(6,1,3) 1599
Eb(6,1,0) 1600
Eb(6,1,1) 1601
Eb(6,1,2) 1602
Eb(6,1,3) 1603
Sa(6,2,83) 1604
Eb(6,2,-269) 1605
Sa(6,2,1) 1606
Sa(6,2,0) 1607
Sa(6,2,2) 1608
Sa(6,2,3) 1609
Eb(6,2,0) 1610
Eb(6,2,1) 1611
Eb(6,2,2) 1612
Eb(6,2,3) 1613
Sa(6,3,144) 1614
Eb(6,3,-256) 1615
Sa(6,3,1) 1616
Sa(6,3,0) 1617
Sa(6,3,2) 1618
Sa(6,3,3) 1619
Eb(6,3,0) 1620
Eb(6,3,1) 1621
Eb(6,3,2) 1622
Eb(6,3,3) 1623
Sa(6,4,157) 1624
Eb(6,4,-224) 1625
Sa(6,4,1) 1626
Sa(6,4,0) 1627
Sa(6,4,2) 1628
Sa(6,4,3) 1629
Eb(6,4,0) 1630
Eb(6,4,1) 1631
Eb(6,4,2) 1632
Eb(6,4,3) 1633
Sa(6,5,189) 1634
Eb(6,5,-203) 1635
Sa(6,5,1) 1636
Sa(6,5,0) 1637
Sa(6,5,2) 1638
Sa(6,5,3) 1639
Eb(6,5,0) 1640
Eb(6,5,1) 1641
Eb(6,5,2) 1642
Eb(6,5,3) 1643
Sa(6,6,210) 1644
Eb(6,6,-171) 1645
Sa(6,6,1) 1646
Sa(6,6,0) 1647
Sa(6,6,2) 1648
Sa(6,6,3) 1649
Eb(6,6,0) 1650
Eb(6,6,1) 1651
Eb(6,6,2) 1652
Eb(6,6,3) 1653
Sa(6,7,242) 1654
Eb(6,7,-82) 1655
Sa(6,7,1) 1656
Sa(6,7,0) 1657
Sa(6,7,2) 1658
Sa(6,7,3) 1659
Eb(6,7,0) 1660
Eb(6,7,1) 1661
Eb(6,7,2) 1662
Eb(6,7,3) 1663
Sa(6,8,331) 1664
Eb(6,8,-52) 1665
Sa(6,8,1) 1666
Sa(6,8,0) 1667
Sa(6,8,2) 1668
Sa(6,8,3) 1669
Eb(6,8,0) 1670
Eb(6,8,1) 1671
Eb(6,8,2) 1672
Eb(6,8,3) 1673
Sa(6,9,361) 1674
Eb(6,9,3) 1675
Sa(6,9,1) 1676
Sa(6,9,0) 1677
Sa(6,9,2) 1678
Sa(6,9,3) 1679
Eb(6,9,0) 1680
Eb(6,9,1) 1681
Eb(6,9,2) 1682
Sa(7,0,0) 1683
Eb(7,0,-505) 1684
Sa(7,0,1) 1685
Sa(7,0,2) 1686
Sa(7,0,3) 1687
Eb(7,0,0) 1688
Eb(7,0,1) 1689
Eb(7,0,2) 1690
Eb(7,0,3) 1691
Sa(7,1,31) 1692
Eb(7,1,-419) 1693
Sa(7,1,1) 1694
Sa(7,1,0) 1695
Sa(7,1,2) 1696
Sa(7,1,3) 1697
Eb(7,1,0) 1698
Eb(7,1,1) 1699
Eb(7,1,2) 1700
Eb(7,1,3) 1701
Sa(7,2,117) 1702
Eb(7,2,-373) 1703
Sa(7,2,1) 1704
Sa(7,2,0) 1705
Eb(7,2,0) 1706
Eb(7,2,1) 1707
Eb(7,2,2) 1708
Eb(7,2,3) 1709
Sa(7,3,163) 1710
Eb(7,3,-299) 1711
Sa(7,3,1) 1712
Sa(7,3,0) 1713
Sa(7,3,2) 1714
Sa(7,3,3) 1715
Eb(7,3,0) 1716
Eb(7,3,1) 1717
Eb(7,3,2) 1718
Eb(7,3,3) 1719
Sa(7,4,237) 1720
Eb(7,4,-267) 1721
Sa(7,4,1) 1722
Sa(7,4,0) 1723
Sa(7,4,2) 1724
Sa(7,4,3) 1725
Eb(7,4,0) 1726
Eb(7,4,1) 1727
Eb(7,4,2) 1728
Eb(7,4,3) 1729
Sa(7,5,269) 1730
Eb(7,5,-179) 1731
Sa(7,5,1) 1732
Sa(7,5,0) 1733
Sa(7,5,2) 1734
Sa(7,5,3) 1735
Eb(7,5,0) 1736
Eb(7,5,1) 1737
Eb(7,5,2) 1738
Eb(7,5,3) 1739
Sa(7,6,357) 1740
Eb(7,6,-160) 1741
Sa(7,6,1) 1742
Sa(7,6,0) 1743
Sa(7,6,2) 1744
Sa(7,6,3) 1745
Eb(7,6,0) 1746
Eb(7,6,1) 1747
Eb(7,6,2) 1748
Eb(7,6,3) 1749
Sa(7,7,376) 1750
Eb(7,7,-112) 1751
Sa(7,7,1) 1752
Sa(7,7,0) 1753
Sa(7,7,2) 1754
Sa(7,7,3) 1755
Eb(7,7,0) 1756
Eb(7,7,1) 1757
Eb(7,7,2) 1758
Eb(7,7,3) 1759
Sa(7,8,424) 1760
Eb(7,8,-76) 1761
Sa(7,8,1) 1762
Sa(7,8,0) 1763
Sa(7,8,2) 1764
Sa(7,8,3) 1765
Eb(7,8,0) 1766
Eb(7,8,1) 1767
Eb(7,8,2) 1768
Eb(7,8,3) 1769
Sa(7,9,460) 1770
Eb(7,9,3) 1771
Sa(7,9,1) 1772
Sa(7,9,0) 1773
Sa(7,9,2) 1774
Sa(7,9,3) 1775
Eb(7,9,0) 1776
Eb(7,9,1) 1777
Eb(7,9,2) 1778
Sa(8,0,0) 1779
Eb(8,0,-518) 1780
Sa(8,0,1) 1781
Sa(8,0,2) 1782
Sa(8,0,3) 1783
Eb(8,0,0) 1784
Eb(8,0,1) 1785
Eb(8,0,2) 1786
Eb(8,0,3) 1787
Sa(8,1,76) 1788
Eb(8,1,-449) 1789
Sa(8,1,1) 1790
Sa(8,1,0) 1791
Eb(8,1,0) 1792
Eb(8,1,1) 1793
Eb(8,1,2) 1794
Eb(8,1,3) 1795
Sa(8,2,145) 1796
Eb(8,2,-373) 1797
Sa(8,2,1) 1798
Sa(8,2,0) 1799
Sa(8,2,2) 1800
Sa(8,2,3) 1801
Eb(8,2,0) 1802
Eb(8,2,1) 1803
Eb(8,2,2) 1804
Eb(8,2,3) 1805
Sa(8,3,221) 1806
Eb(8,3,-322) 1807
Sa(8,3,1) 1808
Sa(8,3,0) 1809
Sa(8,3,2) 1810
Sa(8,3,3) 1811
Eb(8,3,0) 1812
Eb(8,3,1) 1813
Eb(8,3,2) 1814
Eb(8,3,3) 1815
Sa(8,4,272) 1816
Eb(8,4,-237) 1817
Sa(8,4,1) 1818
Sa(8,4,0) 1819
Sa(8,4,2) 1820
Sa(8,4,3) 1821
Eb(8,4,0) 1822
Eb(8,4,1) 1823
Eb(8,4,2) 1824
Eb(8,4,3) 1825
Sa(8,5,357) 1826
Eb(8,5,-226) 1827
Sa(8,5,1) 1828
Sa(8,5,0) 1829
Sa(8,5,2) 1830
Sa(8,5,3) 1831
Eb(8,5,0) 1832
Eb(8,5,1) 1833
Eb(8,5,2) 1834
Eb(8,5,3) 1835
Sa(8,6,368) 1836
Eb(8,6,-186) 1837
Sa(8,6,1) 1838
Sa(8,6,0) 1839
Sa(8,6,2) 1840
Sa(8,6,3) 1841
Eb(8,6,0) 1842
Eb(8,6,1) 1843
Eb(8,6,2) 1844
Eb(8,6,3) 1845
Sa(8,7,408) 1846
Eb(8,7,-97) 1847
Sa(8,7,1) 1848
Sa(8,7,0) 1849
Sa(8,7,2) 1850
Sa(8,7,3) 1851
Eb(8,7,0) 1852
Eb(8,7,1) 1853
Eb(8,7,2) 1854
Eb(8,7,3) 1855
Sa(8,8,497) 1856
Eb(8,8,-71) 1857
Sa(8,8,1) 1858
Sa(8,8,0) 1859
Sa(8,8,2) 1860
Sa(8,8,3) 1861
Eb(8,8,0) 1862
Eb(8,8,1) 1863
Eb(8,8,2) 1864
Eb(8,8,3) 1865
Sa(8,9,523) 1866
Eb(8,9,3) 1867
Sa(8,9,1) 1868
Sa(8,9,0) 1869
Sa(8,9,2) 1870
Sa(8,9,3) 1871
Eb(8,9,0) 1872
Eb(8,9,1) 1873
Eb(8,9,2) 1874
Sa(9,0,0) 1875
Eb(9,0,-452) 1876
Sa(9,0,1) 1877
Eb(9,0,0) 1878
Eb(9,0,1) 1879
Eb(9,0,2) 1880
Eb(9,0,3) 1881
Sa(9,1,85) 1882
Eb(9,1,-439) 1883
Sa(9,1,1) 1884
Sa(9,1,0) 1885
Sa(9,1,2) 1886
Sa(9,1,3) 1887
Eb(9,1,0) 1888
Eb(9,1,1) 1889
Eb(9,1,2) 1890
Eb(9,1,3) 1891
Sa(9,2,98) 1892
Eb(9,2,-378) 1893
Sa(9,2,1) 1894
Sa(9,2,0) 1895
Sa(9,2,2) 1896
Sa(9,2,3) 1897
Eb(9,2,0) 1898
Eb(9,2,1) 1899
Eb(9,2,2) 1900
Eb(9,2,3) 1901
Sa(9,3,159) 1902
Eb(9,3,-371) 1903
Sa(9,3,1) 1904
Sa(9,3,0) 1905
Sa(9,3,2) 1906
Sa(9,3,3) 1907
Eb(9,3,0) 1908
Eb(9,3,1) 1909
Eb(9,3,2) 1910
Eb(9,3,3) 1911
Sa(9,4,166) 1912
Eb(9,4,-307) 1913
Sa(9,4,1) 1914
Sa(9,4,0) 1915
Sa(9,4,2) 1916
Sa(9,4,3) 1917
Eb(9,4,0) 1918
Eb(9,4,1) 1919
Eb(9,4,2) 1920
Eb(9,4,3) 1921
Sa(9,5,230) 1922
Eb(9,5,-231) 1923
Sa(9,5,1) 1924
Sa(9,5,0) 1925
Sa(9,5,2) 1926
Sa(9,5,3) 1927
Eb(9,5,0) 1928
Eb(9,5,1) 1929
Eb(9,5,2) 1930
Eb(9,5,3) 1931
Sa(9,6,306) 1932
Eb(9,6,-184) 1933
Sa(9,6,1) 1934
Sa(9,6,0) 1935
Sa(9,6,2) 1936
Sa(9,6,3) 1937
Eb(9,6,0) 1938
Eb(9,6,1) 1939
Eb(9,6,2) 1940
Eb(9,6,3) 1941
Sa(9,7,353) 1942
Eb(9,7,-132) 1943
Sa(9,7,1) 1944
Sa(9,7,0) 1945
Sa(9,7,2) 1946
Sa(9,7,3) 1947
Eb(9,7,0) 1948
Eb(9,7,1) 1949
Eb(9,7,2) 1950
Eb(9,7,3) 1951
Sa(9,8,405) 1952
Eb(9,8,-42) 1953
Sa(9,8,1) 1954
Sa(9,8,0) 1955
Sa(9,8,2) 1956
Sa(9,8,3) 1957
Eb(9,8,0) 1958
Eb(9,8,1) 1959
Eb(9,8,2) 1960
Eb(9,8,3) 1961
Sa(9,9,495) 1962
Eb(9,9,3) 1963
Sa(9,9,1) 1964
Sa(9,9,0) 1965
Sa(9,9,2) 1966
Sa(9,9,3) 1967
Eb(9,9,0) 1968
Eb(9,9,1) 1969
Eb(9,9,2) 1970
