Pr(0,0,0,1) 1
Pr(0,1,0,2) 2
Pr(0,2,0,3) 3
Pr(0,3,0,4) 4
Pr(0,4,0,5) 5
Pr(0,5,0,6) 6
Pr(0,6,0,7) 7
Pr(0,7,0,8) 8
Pr(0,8,0,9) 9
Pr(1,0,1,1) 10
Pr(1,1,1,2) 11
Pr(1,2,1,3) 12
Pr(1,3,1,4) 13
Pr(1,4,1,5) 14
Pr(1,5,1,6) 15
Pr(1,6,1,7) 16
Pr(1,7,1,8) 17
Pr(1,8,1,9) 18
Pr(2,0,2,1) 19
Pr(2,1,2,2) 20
Pr(2,2,2,3) 21
Pr(2,3,2,4) 22
Pr(2,4,2,5) 23
Pr(2,5,2,6) 24
Pr(2,6,2,7) 25
Pr(2,7,2,8) 26
Pr(2,8,2,9) 27
Pr(3,0,3,1) 28
Pr(3,1,3,2) 29
Pr(3,2,3,3) 30
Pr(3,3,3,4) 31
Pr(3,4,3,5) 32
Pr(3,5,3,6) 33
Pr(3,6,3,7) 34
Pr(3,7,3,8) 35
Pr(3,8,3,9) 36
Pr(4,0,4,1) 37
Pr(4,1,4,2) 38
Pr(4,2,4,3) 39
Pr(4,3,4,4) 40
Pr(4,4,4,5) 41
Pr(4,5,4,6) 42
Pr(4,6,4,7) 43
Pr(4,7,4,8) 44
Pr(4,8,4,9) 45
Pr(5,0,5,1) 46
Pr(5,1,5,2) 47
Pr(5,2,5,3) 48
Pr(5,3,5,4) 49
Pr(5,4,5,5) 50
Pr(5,5,5,6) 51
Pr(5,6,5,7) 52
Pr(5,7,5,8) 53
Pr(5,8,5,9) 54
Pr(6,0,6,1) 55
Pr(6,1,6,2) 56
Pr(6,2,6,3) 57
Pr(6,3,6,4) 58
Pr(6,4,6,5) 59
Pr(6,5,6,6) 60
Pr(6,6,6,7) 61
Pr(6,7,6,8) 62
Pr(6,8,6,9) 63
Pr(7,0,7,1) 64
Pr(7,1,7,2) 65
Pr(7,2,7,3) 66
Pr(7,3,7,4) 67
Pr(7,4,7,5) 68
Pr(7,5,7,6) 69
Pr(7,6,7,7) 70
Pr(7,7,7,8) 71
Pr(7,8,7,9) 72
Pr(8,0,8,1) 73
Pr(8,1,8,2) 74
Pr(8,2,8,3) 75
Pr(8,3,8,4) 76
Pr(8,4,8,5) 77
Pr(8,5,8,6) 78
Pr(8,6,8,7) 79
Pr(8,7,8,8) 80
Pr(8,8,8,9) 81
Pr(9,0,9,1) 82
Pr(9,1,9,2) 83
Pr(9,2,9,3) 84
Pr(9,3,9,4) 85
Pr(9,4,9,5) 86
Pr(9,5,9,6) 87
Pr(9,6,9,7) 88
Pr(9,7,9,8) 89
Pr(9,8,9,9) 90
Pr(0,0,1,0) 91
Pr(1,0,0,0) 92
Pr(0,0,2,0) 93
Pr(2,0,0,0) 94
Pr(0,0,3,0) 95
Pr(3,0,0,0) 96
Pr(0,0,4,0) 97
Pr(4,0,0,0) 98
Pr(0,0,5,1) 99
Pr(5,1,0,0) 100
Pr(0,0,6,2) 101
Pr(6,2,0,0) 102
Pr(0,0,7,8) 103
Pr(7,8,0,0) 104
Pr(0,0,8,9) 105
Pr(8,9,0,0) 106
Pr(0,0,9,9) 107
Pr(9,9,0,0) 108
Pr(1,0,2,0) 109
Pr(2,0,1,0) 110
Pr(1,0,3,0) 111
Pr(3,0,1,0) 112
Pr(1,0,4,0) 113
Pr(4,0,1,0) 114
Pr(1,0,5,1) 115
Pr(5,1,1,0) 116
Pr(1,0,6,2) 117
Pr(6,2,1,0) 118
Pr(1,0,7,8) 119
Pr(7,8,1,0) 120
Pr(1,0,8,9) 121
Pr(8,9,1,0) 122
Pr(1,0,9,9) 123
Pr(9,9,1,0) 124
Pr(2,0,3,0) 125
Pr(3,0,2,0) 126
Pr(2,0,4,0) 127
Pr(4,0,2,0) 128
Pr(2,0,5,1) 129
Pr(5,1,2,0) 130
Pr(2,0,6,2) 131
Pr(6,2,2,0) 132
Pr(2,0,7,8) 133
Pr(7,8,2,0) 134
Pr(2,0,8,9) 135
Pr(8,9,2,0) 136
Pr(2,0,9,9) 137
Pr(9,9,2,0) 138
Pr(3,0,4,0) 139
Pr(4,0,3,0) 140
Pr(3,0,5,1) 141
Pr(5,1,3,0) 142
Pr(3,0,6,2) 143
Pr(6,2,3,0) 144
Pr(3,0,7,8) 145
Pr(7,8,3,0) 146
Pr(3,0,8,9) 147
Pr(8,9,3,0) 148
Pr(3,0,9,9) 149
Pr(9,9,3,0) 150
Pr(4,0,5,1) 151
Pr(5,1,4,0) 152
Pr(4,0,6,2) 153
Pr(6,2,4,0) 154
Pr(4,0,7,8) 155
Pr(7,8,4,0) 156
Pr(4,0,8,9) 157
Pr(8,9,4,0) 158
Pr(4,0,9,9) 159
Pr(9,9,4,0) 160
Pr(5,1,6,2) 161
Pr(6,2,5,1) 162
Pr(5,1,7,8) 163
Pr(7,8,5,1) 164
Pr(5,1,8,9) 165
Pr(8,9,5,1) 166
Pr(5,1,9,9) 167
Pr(9,9,5,1) 168
Pr(6,2,7,8) 169
Pr(7,8,6,2) 170
Pr(6,2,8,9) 171
Pr(8,9,6,2) 172
Pr(6,2,9,9) 173
Pr(9,9,6,2) 174
Pr(7,8,8,9) 175
Pr(8,9,7,8) 176
Pr(7,8,9,9) 177
Pr(9,9,7,8) 178
Pr(8,9,9,9) 179
Pr(9,9,8,9) 180
Pr(0,1,1,9) 181
Pr(1,9,0,1) 182
Pr(0,1,2,6) 183
Pr(2,6,0,1) 184
Pr(0,1,3,1) 185
Pr(3,1,0,1) 186
Pr(0,1,4,2) 187
Pr(4,2,0,1) 188
Pr(0,1,5,9) 189
Pr(5,9,0,1) 190
Pr(0,1,6,5) 191
Pr(6,5,0,1) 192
Pr(0,1,7,9) 193
Pr(7,9,0,1) 194
Pr(0,1,8,7) 195
Pr(8,7,0,1) 196
Pr(0,1,9,8) 197
Pr(9,8,0,1) 198
Pr(1,9,2,6) 199
Pr(2,6,1,9) 200
Pr(1,9,3,1) 201
Pr(3,1,1,9) 202
Pr(1,9,4,2) 203
Pr(4,2,1,9) 204
Pr(1,9,5,9) 205
Pr(5,9,1,9) 206
Pr(1,9,6,5) 207
Pr(6,5,1,9) 208
Pr(1,9,7,9) 209
Pr(7,9,1,9) 210
Pr(1,9,8,7) 211
Pr(8,7,1,9) 212
Pr(1,9,9,8) 213
Pr(9,8,1,9) 214
Pr(2,6,3,1) 215
Pr(3,1,2,6) 216
Pr(2,6,4,2) 217
Pr(4,2,2,6) 218
Pr(2,6,5,9) 219
Pr(5,9,2,6) 220
Pr(2,6,6,5) 221
Pr(6,5,2,6) 222
Pr(2,6,7,9) 223
Pr(7,9,2,6) 224
Pr(2,6,8,7) 225
Pr(8,7,2,6) 226
Pr(2,6,9,8) 227
Pr(9,8,2,6) 228
Pr(3,1,4,2) 229
Pr(4,2,3,1) 230
Pr(3,1,5,9) 231
Pr(5,9,3,1) 232
Pr(3,1,6,5) 233
Pr(6,5,3,1) 234
Pr(3,1,7,9) 235
Pr(7,9,3,1) 236
Pr(3,1,8,7) 237
Pr(8,7,3,1) 238
Pr(3,1,9,8) 239
Pr(9,8,3,1) 240
Pr(4,2,5,9) 241
Pr(5,9,4,2) 242
Pr(4,2,6,5) 243
Pr(6,5,4,2) 244
Pr(4,2,7,9) 245
Pr(7,9,4,2) 246
Pr(4,2,8,7) 247
Pr(8,7,4,2) 248
Pr(4,2,9,8) 249
Pr(9,8,4,2) 250
Pr(5,9,6,5) 251
Pr(6,5,5,9) 252
Pr(5,9,7,9) 253
Pr(7,9,5,9) 254
Pr(5,9,8,7) 255
Pr(8,7,5,9) 256
Pr(5,9,9,8) 257
Pr(9,8,5,9) 258
Pr(6,5,7,9) 259
Pr(7,9,6,5) 260
Pr(6,5,8,7) 261
Pr(8,7,6,5) 262
Pr(6,5,9,8) 263
Pr(9,8,6,5) 264
Pr(7,9,8,7) 265
Pr(8,7,7,9) 266
Pr(7,9,9,8) 267
Pr(9,8,7,9) 268
Pr(8,7,9,8) 269
Pr(9,8,8,7) 270
Pr(0,2,1,8) 271
Pr(1,8,0,2) 272
Pr(0,2,2,3) 273
Pr(2,3,0,2) 274
Pr(0,2,3,5) 275
Pr(3,5,0,2) 276
Pr(0,2,4,5) 277
Pr(4,5,0,2) 278
Pr(0,2,5,4) 279
Pr(5,4,0,2) 280
Pr(0,2,6,4) 281
Pr(6,4,0,2) 282
Pr(0,2,7,5) 283
Pr(7,5,0,2) 284
Pr(0,2,8,0) 285
Pr(8,0,0,2) 286
Pr(0,2,9,0) 287
Pr(9,0,0,2) 288
Pr(1,8,2,3) 289
Pr(2,3,1,8) 290
Pr(1,8,3,5) 291
Pr(3,5,1,8) 292
Pr(1,8,4,5) 293
Pr(4,5,1,8) 294
Pr(1,8,5,4) 295
Pr(5,4,1,8) 296
Pr(1,8,6,4) 297
Pr(6,4,1,8) 298
Pr(1,8,7,5) 299
Pr(7,5,1,8) 300
Pr(1,8,8,0) 301
Pr(8,0,1,8) 302
Pr(1,8,9,0) 303
Pr(9,0,1,8) 304
Pr(2,3,3,5) 305
Pr(3,5,2,3) 306
Pr(2,3,4,5) 307
Pr(4,5,2,3) 308
Pr(2,3,5,4) 309
Pr(5,4,2,3) 310
Pr(2,3,6,4) 311
Pr(6,4,2,3) 312
Pr(2,3,7,5) 313
Pr(7,5,2,3) 314
Pr(2,3,8,0) 315
Pr(8,0,2,3) 316
Pr(2,3,9,0) 317
Pr(9,0,2,3) 318
Pr(3,5,4,5) 319
Pr(4,5,3,5) 320
Pr(3,5,5,4) 321
Pr(5,4,3,5) 322
Pr(3,5,6,4) 323
Pr(6,4,3,5) 324
Pr(3,5,7,5) 325
Pr(7,5,3,5) 326
Pr(3,5,8,0) 327
Pr(8,0,3,5) 328
Pr(3,5,9,0) 329
Pr(9,0,3,5) 330
Pr(4,5,5,4) 331
Pr(5,4,4,5) 332
Pr(4,5,6,4) 333
Pr(6,4,4,5) 334
Pr(4,5,7,5) 335
Pr(7,5,4,5) 336
Pr(4,5,8,0) 337
Pr(8,0,4,5) 338
Pr(4,5,9,0) 339
Pr(9,0,4,5) 340
Pr(5,4,6,4) 341
Pr(6,4,5,4) 342
Pr(5,4,7,5) 343
Pr(7,5,5,4) 344
Pr(5,4,8,0) 345
Pr(8,0,5,4) 346
Pr(5,4,9,0) 347
Pr(9,0,5,4) 348
Pr(6,4,7,5) 349
Pr(7,5,6,4) 350
Pr(6,4,8,0) 351
Pr(8,0,6,4) 352
Pr(6,4,9,0) 353
Pr(9,0,6,4) 354
Pr(7,5,8,0) 355
Pr(8,0,7,5) 356
Pr(7,5,9,0) 357
Pr(9,0,7,5) 358
Pr(8,0,9,0) 359
Pr(9,0,8,0) 360
Pr(0,3,1,1) 361
Pr(1,1,0,3) 362
Pr(0,3,2,2) 363
Pr(2,2,0,3) 364
Pr(0,3,3,2) 365
Pr(3,2,0,3) 366
Pr(0,3,4,3) 367
Pr(4,3,0,3) 368
Pr(0,3,5,5) 369
Pr(5,5,0,3) 370
Pr(0,3,6,1) 371
Pr(6,1,0,3) 372
Pr(0,3,7,3) 373
Pr(7,3,0,3) 374
Pr(0,3,8,6) 375
Pr(8,6,0,3) 376
Pr(0,3,9,5) 377
Pr(9,5,0,3) 378
Pr(1,1,2,2) 379
Pr(2,2,1,1) 380
Pr(1,1,3,2) 381
Pr(3,2,1,1) 382
Pr(1,1,4,3) 383
Pr(4,3,1,1) 384
Pr(1,1,5,5) 385
Pr(5,5,1,1) 386
Pr(1,1,6,1) 387
Pr(6,1,1,1) 388
Pr(1,1,7,3) 389
Pr(7,3,1,1) 390
Pr(1,1,8,6) 391
Pr(8,6,1,1) 392
Pr(1,1,9,5) 393
Pr(9,5,1,1) 394
Pr(2,2,3,2) 395
Pr(3,2,2,2) 396
Pr(2,2,4,3) 397
Pr(4,3,2,2) 398
Pr(2,2,5,5) 399
Pr(5,5,2,2) 400
Pr(2,2,6,1) 401
Pr(6,1,2,2) 402
Pr(2,2,7,3) 403
Pr(7,3,2,2) 404
Pr(2,2,8,6) 405
Pr(8,6,2,2) 406
Pr(2,2,9,5) 407
Pr(9,5,2,2) 408
Pr(3,2,4,3) 409
Pr(4,3,3,2) 410
Pr(3,2,5,5) 411
Pr(5,5,3,2) 412
Pr(3,2,6,1) 413
Pr(6,1,3,2) 414
Pr(3,2,7,3) 415
Pr(7,3,3,2) 416
Pr(3,2,8,6) 417
Pr(8,6,3,2) 418
Pr(3,2,9,5) 419
Pr(9,5,3,2) 420
Pr(4,3,5,5) 421
Pr(5,5,4,3) 422
Pr(4,3,6,1) 423
Pr(6,1,4,3) 424
Pr(4,3,7,3) 425
Pr(7,3,4,3) 426
Pr(4,3,8,6) 427
Pr(8,6,4,3) 428
Pr(4,3,9,5) 429
Pr(9,5,4,3) 430
Pr(5,5,6,1) 431
Pr(6,1,5,5) 432
Pr(5,5,7,3) 433
Pr(7,3,5,5) 434
Pr(5,5,8,6) 435
Pr(8,6,5,5) 436
Pr(5,5,9,5) 437
Pr(9,5,5,5) 438
Pr(6,1,7,3) 439
Pr(7,3,6,1) 440
Pr(6,1,8,6) 441
Pr(8,6,6,1) 442
Pr(6,1,9,5) 443
Pr(9,5,6,1) 444
Pr(7,3,8,6) 445
Pr(8,6,7,3) 446
Pr(7,3,9,5) 447
Pr(9,5,7,3) 448
Pr(8,6,9,5) 449
Pr(9,5,8,6) 450
Pr(0,4,1,2) 451
Pr(1,2,0,4) 452
Pr(0,4,2,5) 453
Pr(2,5,0,4) 454
Pr(0,4,3,6) 455
Pr(3,6,0,4) 456
Pr(0,4,4,9) 457
Pr(4,9,0,4) 458
Pr(0,4,5,0) 459
Pr(5,0,0,4) 460
Pr(0,4,6,0) 461
Pr(6,0,0,4) 462
Pr(0,4,7,0) 463
Pr(7,0,0,4) 464
Pr(0,4,8,4) 465
Pr(8,4,0,4) 466
Pr(0,4,9,7) 467
Pr(9,7,0,4) 468
Pr(1,2,2,5) 469
Pr(2,5,1,2) 470
Pr(1,2,3,6) 471
Pr(3,6,1,2) 472
Pr(1,2,4,9) 473
Pr(4,9,1,2) 474
Pr(1,2,5,0) 475
Pr(5,0,1,2) 476
Pr(1,2,6,0) 477
Pr(6,0,1,2) 478
Pr(1,2,7,0) 479
Pr(7,0,1,2) 480
Pr(1,2,8,4) 481
Pr(8,4,1,2) 482
Pr(1,2,9,7) 483
Pr(9,7,1,2) 484
Pr(2,5,3,6) 485
Pr(3,6,2,5) 486
Pr(2,5,4,9) 487
Pr(4,9,2,5) 488
Pr(2,5,5,0) 489
Pr(5,0,2,5) 490
Pr(2,5,6,0) 491
Pr(6,0,2,5) 492
Pr(2,5,7,0) 493
Pr(7,0,2,5) 494
Pr(2,5,8,4) 495
Pr(8,4,2,5) 496
Pr(2,5,9,7) 497
Pr(9,7,2,5) 498
Pr(3,6,4,9) 499
Pr(4,9,3,6) 500
Pr(3,6,5,0) 501
Pr(5,0,3,6) 502
Pr(3,6,6,0) 503
Pr(6,0,3,6) 504
Pr(3,6,7,0) 505
Pr(7,0,3,6) 506
Pr(3,6,8,4) 507
Pr(8,4,3,6) 508
Pr(3,6,9,7) 509
Pr(9,7,3,6) 510
Pr(4,9,5,0) 511
Pr(5,0,4,9) 512
Pr(4,9,6,0) 513
Pr(6,0,4,9) 514
Pr(4,9,7,0) 515
Pr(7,0,4,9) 516
Pr(4,9,8,4) 517
Pr(8,4,4,9) 518
Pr(4,9,9,7) 519
Pr(9,7,4,9) 520
Pr(5,0,6,0) 521
Pr(6,0,5,0) 522
Pr(5,0,7,0) 523
Pr(7,0,5,0) 524
Pr(5,0,8,4) 525
Pr(8,4,5,0) 526
Pr(5,0,9,7) 527
Pr(9,7,5,0) 528
Pr(6,0,7,0) 529
Pr(7,0,6,0) 530
Pr(6,0,8,4) 531
Pr(8,4,6,0) 532
Pr(6,0,9,7) 533
Pr(9,7,6,0) 534
Pr(7,0,8,4) 535
Pr(8,4,7,0) 536
Pr(7,0,9,7) 537
Pr(9,7,7,0) 538
Pr(8,4,9,7) 539
Pr(9,7,8,4) 540
Pr(0,5,1,7) 541
Pr(1,7,0,5) 542
Pr(0,5,2,7) 543
Pr(2,7,0,5) 544
Pr(0,5,3,4) 545
Pr(3,4,0,5) 546
Pr(0,5,4,4) 547
Pr(4,4,0,5) 548
Pr(0,5,5,8) 549
Pr(5,8,0,5) 550
Pr(0,5,6,9) 551
Pr(6,9,0,5) 552
Pr(0,5,7,7) 553
Pr(7,7,0,5) 554
Pr(0,5,8,8) 555
Pr(8,8,0,5) 556
Pr(0,5,9,2) 557
Pr(9,2,0,5) 558
Pr(1,7,2,7) 559
Pr(2,7,1,7) 560
Pr(1,7,3,4) 561
Pr(3,4,1,7) 562
Pr(1,7,4,4) 563
Pr(4,4,1,7) 564
Pr(1,7,5,8) 565
Pr(5,8,1,7) 566
Pr(1,7,6,9) 567
Pr(6,9,1,7) 568
Pr(1,7,7,7) 569
Pr(7,7,1,7) 570
Pr(1,7,8,8) 571
Pr(8,8,1,7) 572
Pr(1,7,9,2) 573
Pr(9,2,1,7) 574
Pr(2,7,3,4) 575
Pr(3,4,2,7) 576
Pr(2,7,4,4) 577
Pr(4,4,2,7) 578
Pr(2,7,5,8) 579
Pr(5,8,2,7) 580
Pr(2,7,6,9) 581
Pr(6,9,2,7) 582
Pr(2,7,7,7) 583
Pr(7,7,2,7) 584
Pr(2,7,8,8) 585
Pr(8,8,2,7) 586
Pr(2,7,9,2) 587
Pr(9,2,2,7) 588
Pr(3,4,4,4) 589
Pr(4,4,3,4) 590
Pr(3,4,5,8) 591
Pr(5,8,3,4) 592
Pr(3,4,6,9) 593
Pr(6,9,3,4) 594
Pr(3,4,7,7) 595
Pr(7,7,3,4) 596
Pr(3,4,8,8) 597
Pr(8,8,3,4) 598
Pr(3,4,9,2) 599
Pr(9,2,3,4) 600
Pr(4,4,5,8) 601
Pr(5,8,4,4) 602
Pr(4,4,6,9) 603
Pr(6,9,4,4) 604
Pr(4,4,7,7) 605
Pr(7,7,4,4) 606
Pr(4,4,8,8) 607
Pr(8,8,4,4) 608
Pr(4,4,9,2) 609
Pr(9,2,4,4) 610
Pr(5,8,6,9) 611
Pr(6,9,5,8) 612
Pr(5,8,7,7) 613
Pr(7,7,5,8) 614
Pr(5,8,8,8) 615
Pr(8,8,5,8) 616
Pr(5,8,9,2) 617
Pr(9,2,5,8) 618
Pr(6,9,7,7) 619
Pr(7,7,6,9) 620
Pr(6,9,8,8) 621
Pr(8,8,6,9) 622
Pr(6,9,9,2) 623
Pr(9,2,6,9) 624
Pr(7,7,8,8) 625
Pr(8,8,7,7) 626
Pr(7,7,9,2) 627
Pr(9,2,7,7) 628
Pr(8,8,9,2) 629
Pr(9,2,8,8) 630
Pr(0,6,1,5) 631
Pr(1,5,0,6) 632
Pr(0,6,2,4) 633
Pr(2,4,0,6) 634
Pr(0,6,3,8) 635
Pr(3,8,0,6) 636
Pr(0,6,4,1) 637
Pr(4,1,0,6) 638
Pr(0,6,5,2) 639
Pr(5,2,0,6) 640
Pr(0,6,6,8) 641
Pr(6,8,0,6) 642
Pr(0,6,7,1) 643
Pr(7,1,0,6) 644
Pr(0,6,8,1) 645
Pr(8,1,0,6) 646
Pr(0,6,9,4) 647
Pr(9,4,0,6) 648
Pr(1,5,2,4) 649
Pr(2,4,1,5) 650
Pr(1,5,3,8) 651
Pr(3,8,1,5) 652
Pr(1,5,4,1) 653
Pr(4,1,1,5) 654
Pr(1,5,5,2) 655
Pr(5,2,1,5) 656
Pr(1,5,6,8) 657
Pr(6,8,1,5) 658
Pr(1,5,7,1) 659
Pr(7,1,1,5) 660
Pr(1,5,8,1) 661
Pr(8,1,1,5) 662
Pr(1,5,9,4) 663
Pr(9,4,1,5) 664
Pr(2,4,3,8) 665
Pr(3,8,2,4) 666
Pr(2,4,4,1) 667
Pr(4,1,2,4) 668
Pr(2,4,5,2) 669
Pr(5,2,2,4) 670
Pr(2,4,6,8) 671
Pr(6,8,2,4) 672
Pr(2,4,7,1) 673
Pr(7,1,2,4) 674
Pr(2,4,8,1) 675
Pr(8,1,2,4) 676
Pr(2,4,9,4) 677
Pr(9,4,2,4) 678
Pr(3,8,4,1) 679
Pr(4,1,3,8) 680
Pr(3,8,5,2) 681
Pr(5,2,3,8) 682
Pr(3,8,6,8) 683
Pr(6,8,3,8) 684
Pr(3,8,7,1) 685
Pr(7,1,3,8) 686
Pr(3,8,8,1) 687
Pr(8,1,3,8) 688
Pr(3,8,9,4) 689
Pr(9,4,3,8) 690
Pr(4,1,5,2) 691
Pr(5,2,4,1) 692
Pr(4,1,6,8) 693
Pr(6,8,4,1) 694
Pr(4,1,7,1) 695
Pr(7,1,4,1) 696
Pr(4,1,8,1) 697
Pr(8,1,4,1) 698
Pr(4,1,9,4) 699
Pr(9,4,4,1) 700
Pr(5,2,6,8) 701
Pr(6,8,5,2) 702
Pr(5,2,7,1) 703
Pr(7,1,5,2) 704
Pr(5,2,8,1) 705
Pr(8,1,5,2) 706
Pr(5,2,9,4) 707
Pr(9,4,5,2) 708
Pr(6,8,7,1) 709
Pr(7,1,6,8) 710
Pr(6,8,8,1) 711
Pr(8,1,6,8) 712
Pr(6,8,9,4) 713
Pr(9,4,6,8) 714
Pr(7,1,8,1) 715
Pr(8,1,7,1) 716
Pr(7,1,9,4) 717
Pr(9,4,7,1) 718
Pr(8,1,9,4) 719
Pr(9,4,8,1) 720
Pr(0,7,1,6) 721
Pr(1,6,0,7) 722
Pr(0,7,2,1) 723
Pr(2,1,0,7) 724
Pr(0,7,3,7) 725
Pr(3,7,0,7) 726
Pr(0,7,4,7) 727
Pr(4,7,0,7) 728
Pr(0,7,5,7) 729
Pr(5,7,0,7) 730
Pr(0,7,6,7) 731
Pr(6,7,0,7) 732
Pr(0,7,7,6) 733
Pr(7,6,0,7) 734
Pr(0,7,8,3) 735
Pr(8,3,0,7) 736
Pr(0,7,9,6) 737
Pr(9,6,0,7) 738
Pr(1,6,2,1) 739
Pr(2,1,1,6) 740
Pr(1,6,3,7) 741
Pr(3,7,1,6) 742
Pr(1,6,4,7) 743
Pr(4,7,1,6) 744
Pr(1,6,5,7) 745
Pr(5,7,1,6) 746
Pr(1,6,6,7) 747
Pr(6,7,1,6) 748
Pr(1,6,7,6) 749
Pr(7,6,1,6) 750
Pr(1,6,8,3) 751
Pr(8,3,1,6) 752
Pr(1,6,9,6) 753
Pr(9,6,1,6) 754
Pr(2,1,3,7) 755
Pr(3,7,2,1) 756
Pr(2,1,4,7) 757
Pr(4,7,2,1) 758
Pr(2,1,5,7) 759
Pr(5,7,2,1) 760
Pr(2,1,6,7) 761
Pr(6,7,2,1) 762
Pr(2,1,7,6) 763
Pr(7,6,2,1) 764
Pr(2,1,8,3) 765
Pr(8,3,2,1) 766
Pr(2,1,9,6) 767
Pr(9,6,2,1) 768
Pr(3,7,4,7) 769
Pr(4,7,3,7) 770
Pr(3,7,5,7) 771
Pr(5,7,3,7) 772
Pr(3,7,6,7) 773
Pr(6,7,3,7) 774
Pr(3,7,7,6) 775
Pr(7,6,3,7) 776
Pr(3,7,8,3) 777
Pr(8,3,3,7) 778
Pr(3,7,9,6) 779
Pr(9,6,3,7) 780
Pr(4,7,5,7) 781
Pr(5,7,4,7) 782
Pr(4,7,6,7) 783
Pr(6,7,4,7) 784
Pr(4,7,7,6) 785
Pr(7,6,4,7) 786
Pr(4,7,8,3) 787
Pr(8,3,4,7) 788
Pr(4,7,9,6) 789
Pr(9,6,4,7) 790
Pr(5,7,6,7) 791
Pr(6,7,5,7) 792
Pr(5,7,7,6) 793
Pr(7,6,5,7) 794
Pr(5,7,8,3) 795
Pr(8,3,5,7) 796
Pr(5,7,9,6) 797
Pr(9,6,5,7) 798
Pr(6,7,7,6) 799
Pr(7,6,6,7) 800
Pr(6,7,8,3) 801
Pr(8,3,6,7) 802
Pr(6,7,9,6) 803
Pr(9,6,6,7) 804
Pr(7,6,8,3) 805
Pr(8,3,7,6) 806
Pr(7,6,9,6) 807
Pr(9,6,7,6) 808
Pr(8,3,9,6) 809
Pr(9,6,8,3) 810
Pr(0,8,1,3) 811
Pr(1,3,0,8) 812
Pr(0,8,2,8) 813
Pr(2,8,0,8) 814
Pr(0,8,3,3) 815
Pr(3,3,0,8) 816
Pr(0,8,4,8) 817
Pr(4,8,0,8) 818
Pr(0,8,5,3) 819
Pr(5,3,0,8) 820
Pr(0,8,6,6) 821
Pr(6,6,0,8) 822
Pr(0,8,7,4) 823
Pr(7,4,0,8) 824
Pr(0,8,8,2) 825
Pr(8,2,0,8) 826
Pr(0,8,9,3) 827
Pr(9,3,0,8) 828
Pr(1,3,2,8) 829
Pr(2,8,1,3) 830
Pr(1,3,3,3) 831
Pr(3,3,1,3) 832
Pr(1,3,4,8) 833
Pr(4,8,1,3) 834
Pr(1,3,5,3) 835
Pr(5,3,1,3) 836
Pr(1,3,6,6) 837
Pr(6,6,1,3) 838
Pr(1,3,7,4) 839
Pr(7,4,1,3) 840
Pr(1,3,8,2) 841
Pr(8,2,1,3) 842
Pr(1,3,9,3) 843
Pr(9,3,1,3) 844
Pr(2,8,3,3) 845
Pr(3,3,2,8) 846
Pr(2,8,4,8) 847
Pr(4,8,2,8) 848
Pr(2,8,5,3) 849
Pr(5,3,2,8) 850
Pr(2,8,6,6) 851
Pr(6,6,2,8) 852
Pr(2,8,7,4) 853
Pr(7,4,2,8) 854
Pr(2,8,8,2) 855
Pr(8,2,2,8) 856
Pr(2,8,9,3) 857
Pr(9,3,2,8) 858
Pr(3,3,4,8) 859
Pr(4,8,3,3) 860
Pr(3,3,5,3) 861
Pr(5,3,3,3) 862
Pr(3,3,6,6) 863
Pr(6,6,3,3) 864
Pr(3,3,7,4) 865
Pr(7,4,3,3) 866
Pr(3,3,8,2) 867
Pr(8,2,3,3) 868
Pr(3,3,9,3) 869
Pr(9,3,3,3) 870
Pr(4,8,5,3) 871
Pr(5,3,4,8) 872
Pr(4,8,6,6) 873
Pr(6,6,4,8) 874
Pr(4,8,7,4) 875
Pr(7,4,4,8) 876
Pr(4,8,8,2) 877
Pr(8,2,4,8) 878
Pr(4,8,9,3) 879
Pr(9,3,4,8) 880
Pr(5,3,6,6) 881
Pr(6,6,5,3) 882
Pr(5,3,7,4) 883
Pr(7,4,5,3) 884
Pr(5,3,8,2) 885
Pr(8,2,5,3) 886
Pr(5,3,9,3) 887
Pr(9,3,5,3) 888
Pr(6,6,7,4) 889
Pr(7,4,6,6) 890
Pr(6,6,8,2) 891
Pr(8,2,6,6) 892
Pr(6,6,9,3) 893
Pr(9,3,6,6) 894
Pr(7,4,8,2) 895
Pr(8,2,7,4) 896
Pr(7,4,9,3) 897
Pr(9,3,7,4) 898
Pr(8,2,9,3) 899
Pr(9,3,8,2) 900
Pr(0,9,1,4) 901
Pr(1,4,0,9) 902
Pr(0,9,2,9) 903
Pr(2,9,0,9) 904
Pr(0,9,3,9) 905
Pr(3,9,0,9) 906
Pr(0,9,4,6) 907
Pr(4,6,0,9) 908
Pr(0,9,5,6) 909
Pr(5,6,0,9) 910
Pr(0,9,6,3) 911
Pr(6,3,0,9) 912
Pr(0,9,7,2) 913
Pr(7,2,0,9) 914
Pr(0,9,8,5) 915
Pr(8,5,0,9) 916
Pr(0,9,9,1) 917
Pr(9,1,0,9) 918
Pr(1,4,2,9) 919
Pr(2,9,1,4) 920
Pr(1,4,3,9) 921
Pr(3,9,1,4) 922
Pr(1,4,4,6) 923
Pr(4,6,1,4) 924
Pr(1,4,5,6) 925
Pr(5,6,1,4) 926
Pr(1,4,6,3) 927
Pr(6,3,1,4) 928
Pr(1,4,7,2) 929
Pr(7,2,1,4) 930
Pr(1,4,8,5) 931
Pr(8,5,1,4) 932
Pr(1,4,9,1) 933
Pr(9,1,1,4) 934
Pr(2,9,3,9) 935
Pr(3,9,2,9) 936
Pr(2,9,4,6) 937
Pr(4,6,2,9) 938
Pr(2,9,5,6) 939
Pr(5,6,2,9) 940
Pr(2,9,6,3) 941
Pr(6,3,2,9) 942
Pr(2,9,7,2) 943
Pr(7,2,2,9) 944
Pr(2,9,8,5) 945
Pr(8,5,2,9) 946
Pr(2,9,9,1) 947
Pr(9,1,2,9) 948
Pr(3,9,4,6) 949
Pr(4,6,3,9) 950
Pr(3,9,5,6) 951
Pr(5,6,3,9) 952
Pr(3,9,6,3) 953
Pr(6,3,3,9) 954
Pr(3,9,7,2) 955
Pr(7,2,3,9) 956
Pr(3,9,8,5) 957
Pr(8,5,3,9) 958
Pr(3,9,9,1) 959
Pr(9,1,3,9) 960
Pr(4,6,5,6) 961
Pr(5,6,4,6) 962
Pr(4,6,6,3) 963
Pr(6,3,4,6) 964
Pr(4,6,7,2) 965
Pr(7,2,4,6) 966
Pr(4,6,8,5) 967
Pr(8,5,4,6) 968
Pr(4,6,9,1) 969
Pr(9,1,4,6) 970
Pr(5,6,6,3) 971
Pr(6,3,5,6) 972
Pr(5,6,7,2) 973
Pr(7,2,5,6) 974
Pr(5,6,8,5) 975
Pr(8,5,5,6) 976
Pr(5,6,9,1) 977
Pr(9,1,5,6) 978
Pr(6,3,7,2) 979
Pr(7,2,6,3) 980
Pr(6,3,8,5) 981
Pr(8,5,6,3) 982
Pr(6,3,9,1) 983
Pr(9,1,6,3) 984
Pr(7,2,8,5) 985
Pr(8,5,7,2) 986
Pr(7,2,9,1) 987
Pr(9,1,7,2) 988
Pr(8,5,9,1) 989
Pr(9,1,8,5) 990
Sa(0,0,0) 991
Eb(0,0,-232) 992
Sa(0,1,32) 993
Eb(0,1,-218) 994
Sa(0,2,46) 995
Eb(0,2,-203) 996
Sa(0,3,61) 997
Eb(0,3,-166) 998
Sa(0,4,98) 999
Eb(0,4,-148) 1000
Sa(0,5,116) 1001
Eb(0,5,-105) 1002
Sa(0,6,159) 1003
Eb(0,6,-86) 1004
Sa(0,7,178) 1005
Eb(0,7,-59) 1006
Sa(0,8,205) 1007
Eb(0,8,-31) 1008
Sa(0,9,233) 1009
Eb(0,9,0) 1010
Sa(1,0,0) 1011
Eb(1,0,-247) 1012
Sa(1,1,8) 1013
Eb(1,1,-235) 1014
Sa(1,2,20) 1015
Eb(1,2,-186) 1016
Sa(1,3,69) 1017
Eb(1,3,-162) 1018
Sa(1,4,93) 1019
Eb(1,4,-110) 1020
Sa(1,5,145) 1021
Eb(1,5,-91) 1022
Sa(1,6,164) 1023
Eb(1,6,-68) 1024
Sa(1,7,187) 1025
Eb(1,7,-49) 1026
Sa(1,8,206) 1027
Eb(1,8,-32) 1028
Sa(1,9,223) 1029
Eb(1,9,0) 1030
Sa(2,0,0) 1031
Eb(2,0,-218) 1032
Sa(2,1,25) 1033
Eb(2,1,-199) 1034
Sa(2,2,44) 1035
Eb(2,2,-172) 1036
Sa(2,3,71) 1037
Eb(2,3,-127) 1038
Sa(2,4,116) 1039
Eb(2,4,-106) 1040
Sa(2,5,137) 1041
Eb(2,5,-91) 1042
Sa(2,6,152) 1043
Eb(2,6,-78) 1044
Sa(2,7,165) 1045
Eb(2,7,-62) 1046
Sa(2,8,181) 1047
Eb(2,8,-19) 1048
Sa(2,9,224) 1049
Eb(2,9,0) 1050
Sa(3,0,0) 1051
Eb(3,0,-198) 1052
Sa(3,1,24) 1053
Eb(3,1,-180) 1054
Sa(3,2,42) 1055
Eb(3,2,-139) 1056
Sa(3,3,83) 1057
Eb(3,3,-110) 1058
Sa(3,4,112) 1059
Eb(3,4,-96) 1060
Sa(3,5,126) 1061
Eb(3,5,-79) 1062
Sa(3,6,143) 1063
Eb(3,6,-56) 1064
Sa(3,7,166) 1065
Eb(3,7,-41) 1066
Sa(3,8,181) 1067
Eb(3,8,-23) 1068
Sa(3,9,199) 1069
Eb(3,9,0) 1070
Sa(4,0,0) 1071
Eb(4,0,-234) 1072
Sa(4,1,27) 1073
Eb(4,1,-205) 1074
Sa(4,2,56) 1075
Eb(4,2,-166) 1076
Sa(4,3,95) 1077
Eb(4,3,-145) 1078
Sa(4,4,116) 1079
Eb(4,4,-130) 1080
Sa(4,5,131) 1081
Eb(4,5,-115) 1082
Sa(4,6,146) 1083
Eb(4,6,-90) 1084
Sa(4,7,171) 1085
Eb(4,7,-64) 1086
Sa(4,8,197) 1087
Eb(4,8,-20) 1088
Sa(4,9,241) 1089
Eb(4,9,0) 1090
Sa(5,0,0) 1091
Eb(5,0,-258) 1092
Sa(5,1,17) 1093
Eb(5,1,-243) 1094
Sa(5,2,32) 1095
Eb(5,2,-192) 1096
Sa(5,3,83) 1097
Eb(5,3,-175) 1098
Sa(5,4,100) 1099
Eb(5,4,-129) 1100
Sa(5,5,146) 1101
Eb(5,5,-113) 1102
Sa(5,6,162) 1103
Eb(5,6,-80) 1104
Sa(5,7,195) 1105
Eb(5,7,-55) 1106
Sa(5,8,220) 1107
Eb(5,8,-25) 1108
Sa(5,9,250) 1109
Eb(5,9,0) 1110
Sa(6,0,0) 1111
Eb(6,0,-210) 1112
Sa(6,1,15) 1113
Eb(6,1,-179) 1114
Sa(6,2,46) 1115
Eb(6,2,-154) 1116
Sa(6,3,71) 1117
Eb(6,3,-142) 1118
Sa(6,4,83) 1119
Eb(6,4,-129) 1120
Sa(6,5,96) 1121
Eb(6,5,-78) 1122
Sa(6,6,147) 1123
Eb(6,6,-59) 1124
Sa(6,7,166) 1125
Eb(6,7,-38) 1126
Sa(6,8,187) 1127
Eb(6,8,-26) 1128
Sa(6,9,199) 1129
Eb(6,9,0) 1130
Sa(7,0,0) 1131
Eb(7,0,-199) 1132
Sa(7,1,8) 1133
Eb(7,1,-170) 1134
Sa(7,2,37) 1135
Eb(7,2,-145) 1136
Sa(7,3,62) 1137
Eb(7,3,-130) 1138
Sa(7,4,77) 1139
Eb(7,4,-113) 1140
Sa(7,5,94) 1141
Eb(7,5,-91) 1142
Sa(7,6,116) 1143
Eb(7,6,-59) 1144
Sa(7,7,148) 1145
Eb(7,7,-39) 1146
Sa(7,8,168) 1147
Eb(7,8,-28) 1148
Sa(7,9,179) 1149
Eb(7,9,0) 1150
Sa(8,0,0) 1151
Eb(8,0,-208) 1152
Sa(8,1,41) 1153
Eb(8,1,-198) 1154
Sa(8,2,51) 1155
Eb(8,2,-166) 1156
Sa(8,3,83) 1157
Eb(8,3,-161) 1158
Sa(8,4,88) 1159
Eb(8,4,-140) 1160
Sa(8,5,109) 1161
Eb(8,5,-81) 1162
Sa(8,6,168) 1163
Eb(8,6,-55) 1164
Sa(8,7,194) 1165
Eb(8,7,-45) 1166
Sa(8,8,204) 1167
Eb(8,8,-29) 1168
Sa(8,9,220) 1169
Eb(8,9,0) 1170
Sa(9,0,0) 1171
Eb(9,0,-186) 1172
Sa(9,1,20) 1173
Eb(9,1,-179) 1174
Sa(9,2,27) 1175
Eb(9,2,-135) 1176
Sa(9,3,71) 1177
Eb(9,3,-113) 1178
Sa(9,4,93) 1179
Eb(9,4,-80) 1180
Sa(9,5,126) 1181
Eb(9,5,-55) 1182
Sa(9,6,151) 1183
Eb(9,6,-26) 1184
Sa(9,7,180) 1185
Eb(9,7,-14) 1186
Sa(9,8,192) 1187
Eb(9,8,0) 1188
Sa(9,9,206) 1189
Eb(9,9,0) 1190
Sa(9,9,0) 1191
Eb(9,9,-1) 1192
Sa(9,9,1) 1193
Sa(5,1,0) 1194
Sa(6,2,0) 1195
Sa(7,8,0) 1196
Sa(8,9,0) 1197
