Pr(0,0,0,1) 1
Pr(0,1,0,2) 2
Pr(1,0,1,1) 3
Pr(1,1,1,2) 4
Pr(2,0,2,1) 5
Pr(2,1,2,2) 6
Pr(0,0,1,0) 7
Pr(1,0,0,0) 8
Pr(0,0,2,2) 9
Pr(2,2,0,0) 10
Pr(1,0,2,2) 11
Pr(2,2,1,0) 12
Pr(0,1,1,2) 13
Pr(1,2,0,1) 14
Pr(0,1,2,1) 15
Pr(2,1,0,1) 16
Pr(1,2,2,1) 17
Pr(2,1,1,2) 18
Pr(0,2,1,1) 19
Pr(1,1,0,2) 20
Pr(0,2,2,0) 21
Pr(2,0,0,2) 22
Pr(1,1,2,0) 23
Pr(2,0,1,1) 24
Sa(0,0,0) 25
Eb(0,0,10) 26
Sa(0,0,1) 27
Sa(0,0,2) 28
Sa(0,0,3) 29
Sa(0,0,4) 30
Sa(0,0,5) 31
Sa(0,0,6) 32
Sa(0,0,7) 33
Sa(0,0,8) 34
Sa(0,0,9) 35
Sa(0,0,10) 36
Sa(0,0,11) 37
Sa(0,0,12) 38
Sa(0,0,13) 39
Sa(0,0,14) 40
Sa(0,0,15) 41
Eb(0,0,0) 42
Eb(0,0,1) 43
Eb(0,0,2) 44
Eb(0,0,3) 45
Eb(0,0,4) 46
Eb(0,0,5) 47
Eb(0,0,6) 48
Eb(0,0,7) 49
Eb(0,0,8) 50
Eb(0,0,9) 51
Eb(0,0,11) 52
Eb(0,0,12) 53
Eb(0,0,13) 54
Eb(0,0,14) 55
Eb(0,0,15) 56
Sa(0,1,2) 57
Sa(1,0,2) 58
Sa(2,2,2) 59
Sa(0,1,3) 60
Sa(1,0,3) 61
Sa(2,2,3) 62
Sa(0,1,4) 63
Sa(1,0,4) 64
Sa(2,2,4) 65
Sa(0,1,5) 66
Sa(1,0,5) 67
Sa(2,2,5) 68
Sa(0,1,6) 69
Sa(1,0,6) 70
Sa(2,2,6) 71
Sa(0,1,7) 72
Sa(1,0,7) 73
Sa(2,2,7) 74
Sa(0,1,8) 75
Sa(1,0,8) 76
Sa(2,2,8) 77
Sa(0,1,9) 78
Sa(1,0,9) 79
Sa(2,2,9) 80
Sa(0,1,10) 81
Sa(1,0,10) 82
Sa(2,2,10) 83
Sa(0,1,11) 84
Sa(1,0,11) 85
Sa(2,2,11) 86
Sa(0,1,12) 87
Sa(1,0,12) 88
Sa(2,2,12) 89
Sa(0,1,13) 90
Sa(1,0,13) 91
Sa(2,2,13) 92
Sa(0,1,14) 93
Sa(1,0,14) 94
Sa(2,2,14) 95
Sa(0,1,15) 96
Sa(1,0,15) 97
Sa(2,2,15) 98
Eb(0,1,11) 99
Sa(0,1,1) 100
Sa(0,1,0) 101
Eb(0,1,0) 102
Eb(0,1,1) 103
Eb(0,1,2) 104
Eb(0,1,3) 105
Eb(0,1,4) 106
Eb(0,1,5) 107
Eb(0,1,6) 108
Eb(0,1,7) 109
Eb(0,1,8) 110
Eb(0,1,9) 111
Eb(0,1,10) 112
Eb(0,1,12) 113
Eb(0,1,13) 114
Eb(0,1,14) 115
Eb(0,1,15) 116
Sa(0,2,1) 117
Sa(1,2,1) 118
Sa(2,1,1) 119
Sa(0,2,2) 120
Sa(1,2,2) 121
Sa(2,1,2) 122
Sa(0,2,3) 123
Sa(1,2,3) 124
Sa(2,1,3) 125
Sa(0,2,4) 126
Sa(1,2,4) 127
Sa(2,1,4) 128
Sa(0,2,5) 129
Sa(1,2,5) 130
Sa(2,1,5) 131
Sa(0,2,6) 132
Sa(1,2,6) 133
Sa(2,1,6) 134
Sa(0,2,7) 135
Sa(1,2,7) 136
Sa(2,1,7) 137
Sa(0,2,8) 138
Sa(1,2,8) 139
Sa(2,1,8) 140
Sa(0,2,9) 141
Sa(1,2,9) 142
Sa(2,1,9) 143
Sa(0,2,10) 144
Sa(1,2,10) 145
Sa(2,1,10) 146
Sa(0,2,11) 147
Sa(1,2,11) 148
Sa(2,1,11) 149
Sa(0,2,12) 150
Sa(1,2,12) 151
Sa(2,1,12) 152
Sa(0,2,13) 153
Sa(1,2,13) 154
Sa(2,1,13) 155
Sa(0,2,14) 156
Sa(1,2,14) 157
Sa(2,1,14) 158
Sa(0,2,15) 159
Sa(1,2,15) 160
Sa(2,1,15) 161
Eb(0,2,15) 162
Sa(0,2,0) 163
Eb(0,2,0) 164
Eb(0,2,1) 165
Eb(0,2,2) 166
Eb(0,2,3) 167
Eb(0,2,4) 168
Eb(0,2,5) 169
Eb(0,2,6) 170
Eb(0,2,7) 171
Eb(0,2,8) 172
Eb(0,2,9) 173
Eb(0,2,10) 174
Eb(0,2,11) 175
Eb(0,2,12) 176
Eb(0,2,13) 177
Eb(0,2,14) 178
Sa(1,1,4) 179
Sa(2,0,4) 180
Sa(1,1,5) 181
Sa(2,0,5) 182
Sa(1,1,6) 183
Sa(2,0,6) 184
Sa(1,1,7) 185
Sa(2,0,7) 186
Sa(1,1,8) 187
Sa(2,0,8) 188
Sa(1,1,9) 189
Sa(2,0,9) 190
Sa(1,1,10) 191
Sa(2,0,10) 192
Sa(1,1,11) 193
Sa(2,0,11) 194
Sa(1,1,12) 195
Sa(2,0,12) 196
Sa(1,1,13) 197
Sa(2,0,13) 198
Sa(1,1,14) 199
Sa(2,0,14) 200
Sa(1,1,15) 201
Sa(2,0,15) 202
Sa(1,0,0) 203
Eb(1,0,11) 204
Sa(1,0,1) 205
Eb(1,0,0) 206
Eb(1,0,1) 207
Eb(1,0,2) 208
Eb(1,0,3) 209
Eb(1,0,4) 210
Eb(1,0,5) 211
Eb(1,0,6) 212
Eb(1,0,7) 213
Eb(1,0,8) 214
Eb(1,0,9) 215
Eb(1,0,10) 216
Eb(1,0,12) 217
Eb(1,0,13) 218
Eb(1,0,14) 219
Eb(1,0,15) 220
Sa(1,1,3) 221
Eb(1,1,13) 222
Sa(1,1,1) 223
Sa(1,1,0) 224
Sa(1,1,2) 225
Eb(1,1,0) 226
Eb(1,1,1) 227
Eb(1,1,2) 228
Eb(1,1,3) 229
Eb(1,1,4) 230
Eb(1,1,5) 231
Eb(1,1,6) 232
Eb(1,1,7) 233
Eb(1,1,8) 234
Eb(1,1,9) 235
Eb(1,1,10) 236
Eb(1,1,11) 237
Eb(1,1,12) 238
Eb(1,1,14) 239
Eb(1,1,15) 240
Sa(2,0,2) 241
Sa(2,0,3) 242
Eb(1,2,15) 243
Sa(1,2,0) 244
Eb(1,2,0) 245
Eb(1,2,1) 246
Eb(1,2,2) 247
Eb(1,2,3) 248
Eb(1,2,4) 249
Eb(1,2,5) 250
Eb(1,2,6) 251
Eb(1,2,7) 252
Eb(1,2,8) 253
Eb(1,2,9) 254
Eb(1,2,10) 255
Eb(1,2,11) 256
Eb(1,2,12) 257
Eb(1,2,13) 258
Eb(1,2,14) 259
Sa(2,0,0) 260
Eb(2,0,7) 261
Sa(2,0,1) 262
Eb(2,0,0) 263
Eb(2,0,1) 264
Eb(2,0,2) 265
Eb(2,0,3) 266
Eb(2,0,4) 267
Eb(2,0,5) 268
Eb(2,0,6) 269
Eb(2,0,8) 270
Eb(2,0,9) 271
Eb(2,0,10) 272
Eb(2,0,11) 273
Eb(2,0,12) 274
Eb(2,0,13) 275
Eb(2,0,14) 276
Eb(2,0,15) 277
Eb(2,1,10) 278
Sa(2,1,0) 279
Eb(2,1,0) 280
Eb(2,1,1) 281
Eb(2,1,2) 282
Eb(2,1,3) 283
Eb(2,1,4) 284
Eb(2,1,5) 285
Eb(2,1,6) 286
Eb(2,1,7) 287
Eb(2,1,8) 288
Eb(2,1,9) 289
Eb(2,1,11) 290
Eb(2,1,12) 291
Eb(2,1,13) 292
Eb(2,1,14) 293
Eb(2,1,15) 294
Eb(2,2,15) 295
Sa(2,2,1) 296
Sa(2,2,0) 297
Eb(2,2,0) 298
Eb(2,2,1) 299
Eb(2,2,2) 300
Eb(2,2,3) 301
Eb(2,2,4) 302
Eb(2,2,5) 303
Eb(2,2,6) 304
Eb(2,2,7) 305
Eb(2,2,8) 306
Eb(2,2,9) 307
Eb(2,2,10) 308
Eb(2,2,11) 309
Eb(2,2,12) 310
Eb(2,2,13) 311
Eb(2,2,14) 312
