(0,0): 0 32 8 40
(0,1): 1 14 40 54
(0,2): 2 15 61 76
(0,3): 3 37 77 114
(0,4): 4 18 124 142
(0,5): 5 43 142 185
(0,6): 6 19 185 204
(0,7): 7 27 204 231
(0,8): 8 28 231 259
(0,9): 9 31 325 356
(1,0): 0 8 0 8
(1,1): 3 12 19 31
(1,2): 4 49 42 91
(1,3): 8 24 110 134
(1,4): 9 52 134 186
(1,5): 6 19 204 223
(1,6): 7 23 253 276
(1,7): 5 19 304 323
(1,8): 2 17 323 340
(1,9): 1 32 340 372
(2,0): 0 25 68 93
(2,1): 7 19 93 112
(2,2): 3 27 114 141
(2,3): 2 45 159 204
(2,4): 6 21 223 244
(2,5): 4 15 244 259
(2,6): 1 13 259 272
(2,7): 5 16 272 288
(2,8): 8 43 291 334
(2,9): 9 19 356 375
(3,0): 0 24 133 157
(3,1): 1 18 197 215
(3,2): 3 41 215 256
(3,3): 8 29 259 288
(3,4): 5 14 288 302
(3,5): 2 17 302 319
(3,6): 4 23 319 342
(3,7): 7 15 342 357
(3,8): 6 18 357 375
(3,9): 9 23 375 398
(4,0): 0 27 40 67
(4,1): 6 29 71 100
(4,2): 1 39 100 139
(4,3): 3 21 166 187
(4,4): 5 15 189 204
(4,5): 2 15 204 219
(4,6): 9 25 251 276
(4,7): 7 26 276 302
(4,8): 8 44 334 378
(4,9): 4 20 378 398
(5,0): 4 17 23 40
(5,1): 0 15 118 133
(5,2): 6 51 133 184
(5,3): 8 17 184 201
(5,4): 2 46 219 265
(5,5): 3 16 265 281
(5,6): 9 33 281 314
(5,7): 7 25 314 339
(5,8): 5 30 342 372
(5,9): 1 25 373 398
(6,0): 4 15 8 23
(6,1): 3 31 31 62
(6,2): 0 25 93 118
(6,3): 9 12 118 130
(6,4): 2 13 133 146
(6,5): 1 51 146 197
(6,6): 8 19 201 220
(6,7): 7 21 231 252
(6,8): 6 12 345 357
(6,9): 5 26 372 398
(7,0): 4 8 0 8
(7,1): 6 29 8 37
(7,2): 9 25 37 62
(7,3): 3 15 62 77
(7,4): 8 17 93 110
(7,5): 2 22 111 133
(7,6): 7 32 134 166
(7,7): 5 20 241 261
(7,8): 0 11 261 272
(7,9): 1 28 272 300
(8,0): 2 41 20 61
(8,1): 6 10 61 71
(8,2): 8 32 134 166
(8,3): 7 5 166 171
(8,4): 4 21 171 192
(8,5): 9 59 192 251
(8,6): 3 26 281 307
(8,7): 1 10 307 317
(8,8): 5 16 323 339
(8,9): 0 29 367 396
(9,0): 2 20 0 20
(9,1): 9 7 20 27
(9,2): 5 44 27 71
(9,3): 8 22 71 93
(9,4): 6 33 100 133
(9,5): 3 25 141 166
(9,6): 7 29 175 204
(9,7): 4 12 307 319
(9,8): 1 14 326 340
(9,9): 0 0 396 396



(1,0): 0 8 0 8
(0,0): 0 32 8 40
(4,0): 0 27 40 67
(2,0): 0 25 68 93
(6,2): 0 25 93 118
(5,1): 0 15 118 133
(3,0): 0 24 133 157
(7,8): 0 11 261 272
(8,9): 0 29 367 396
(9,9): 0 0 396 396
(0,1): 1 14 40 54
(4,2): 1 39 100 139
(6,5): 1 51 146 197
(3,1): 1 18 197 215
(2,6): 1 13 259 272
(7,9): 1 28 272 300
(8,7): 1 10 307 317
(9,8): 1 14 326 340
(1,9): 1 32 340 372
(5,9): 1 25 373 398
(9,0): 2 20 0 20
(8,0): 2 41 20 61
(0,2): 2 15 61 76
(7,5): 2 22 111 133
(6,4): 2 13 133 146
(2,3): 2 45 159 204
(4,5): 2 15 204 219
(5,4): 2 46 219 265
(3,5): 2 17 302 319
(1,8): 2 17 323 340
(1,1): 3 12 19 31
(6,1): 3 31 31 62
(7,3): 3 15 62 77
(0,3): 3 37 77 114
(2,2): 3 27 114 141
(9,5): 3 25 141 166
(4,3): 3 21 166 187
(3,2): 3 41 215 256
(5,5): 3 16 265 281
(8,6): 3 26 281 307
(7,0): 4 8 0 8
(6,0): 4 15 8 23
(5,0): 4 17 23 40
(1,2): 4 49 42 91
(0,4): 4 18 124 142
(8,4): 4 21 171 192
(2,5): 4 15 244 259
(9,7): 4 12 307 319
(3,6): 4 23 319 342
(4,9): 4 20 378 398
(9,2): 5 44 27 71
(0,5): 5 43 142 185
(4,4): 5 15 189 204
(7,7): 5 20 241 261
(2,7): 5 16 272 288
(3,4): 5 14 288 302
(1,7): 5 19 304 323
(8,8): 5 16 323 339
(5,8): 5 30 342 372
(6,9): 5 26 372 398
(7,1): 6 29 8 37
(8,1): 6 10 61 71
(4,1): 6 29 71 100
(9,4): 6 33 100 133
(5,2): 6 51 133 184
(0,6): 6 19 185 204
(1,5): 6 19 204 223
(2,4): 6 21 223 244
(6,8): 6 12 345 357
(3,8): 6 18 357 375
(2,1): 7 19 93 112
(7,6): 7 32 134 166
(8,3): 7 5 166 171
(9,6): 7 29 175 204
(0,7): 7 27 204 231
(6,7): 7 21 231 252
(1,6): 7 23 253 276
(4,7): 7 26 276 302
(5,7): 7 25 314 339
(3,7): 7 15 342 357
(9,3): 8 22 71 93
(7,4): 8 17 93 110
(1,3): 8 24 110 134
(8,2): 8 32 134 166
(5,3): 8 17 184 201
(6,6): 8 19 201 220
(0,8): 8 28 231 259
(3,3): 8 29 259 288
(2,8): 8 43 291 334
(4,8): 8 44 334 378
(9,1): 9 7 20 27
(7,2): 9 25 37 62
(6,3): 9 12 118 130
(1,4): 9 52 134 186
(8,5): 9 59 192 251
(4,6): 9 25 251 276
(5,6): 9 33 281 314
(0,9): 9 31 325 356
(2,9): 9 19 356 375
(3,9): 9 23 375 398

Time taken: 72.22022104263306 seconds
