(0,0): 0 32 112 144
(0,1): 1 14 144 158
(0,2): 2 15 158 173
(0,3): 3 37 173 210
(0,4): 4 18 210 228
(0,5): 5 43 233 276
(0,6): 6 19 276 295
(0,7): 7 27 295 322
(0,8): 8 28 343 371
(0,9): 9 31 375 406
(1,0): 0 8 3 11
(1,1): 3 12 15 27
(1,2): 4 49 42 91
(1,3): 8 24 91 115
(1,4): 9 52 122 174
(1,5): 6 19 177 196
(1,6): 7 23 202 225
(1,7): 5 19 288 307
(1,8): 2 17 307 324
(1,9): 1 32 334 366
(2,0): 0 25 11 36
(2,1): 7 19 44 63
(2,2): 3 27 63 90
(2,3): 2 45 91 136
(2,4): 6 21 156 177
(2,5): 4 15 189 204
(2,6): 1 13 204 217
(2,7): 5 16 217 233
(2,8): 8 43 233 276
(2,9): 9 19 333 352
(3,0): 0 24 63 87
(3,1): 1 18 87 105
(3,2): 3 41 105 146
(3,3): 8 29 154 183
(3,4): 5 14 183 197
(3,5): 2 17 210 227
(3,6): 4 23 228 251
(3,7): 7 15 251 266
(3,8): 6 18 334 352
(3,9): 9 23 352 375
(4,0): 0 27 36 63
(4,1): 6 29 76 105
(4,2): 1 39 105 144
(4,3): 3 21 146 167
(4,4): 5 15 167 182
(4,5): 2 15 182 197
(4,6): 9 25 200 225
(4,7): 7 26 225 251
(4,8): 8 44 276 320
(4,9): 4 20 385 405
(5,0): 4 17 23 40
(5,1): 0 15 90 105
(5,2): 6 51 105 156
(5,3): 8 17 183 200
(5,4): 2 46 227 273
(5,5): 3 16 273 289
(5,6): 9 33 289 322
(5,7): 7 25 322 347
(5,8): 5 30 350 380
(5,9): 1 25 381 406
(6,0): 4 15 8 23
(6,1): 3 31 32 63
(6,2): 0 25 144 169
(6,3): 9 12 174 186
(6,4): 2 13 197 210
(6,5): 1 51 228 279
(6,6): 8 19 320 339
(6,7): 7 21 347 368
(6,8): 6 12 368 380
(6,9): 5 26 380 406
(7,0): 4 8 0 8
(7,1): 6 29 9 38
(7,2): 9 25 38 63
(7,3): 3 15 90 105
(7,4): 8 17 115 132
(7,5): 2 22 136 158
(7,6): 7 32 165 197
(7,7): 5 20 197 217
(7,8): 0 11 285 296
(7,9): 1 28 296 324
(8,0): 2 41 0 41
(8,1): 6 10 49 59
(8,2): 8 32 59 91
(8,3): 7 5 123 128
(8,4): 4 21 128 149
(8,5): 9 59 227 286
(8,6): 3 26 298 324
(8,7): 1 10 324 334
(8,8): 5 16 334 350
(8,9): 0 29 372 401
(9,0): 2 20 41 61
(9,1): 9 7 63 70
(9,2): 5 44 70 114
(9,3): 8 22 132 154
(9,4): 6 33 196 229
(9,5): 3 25 229 254
(9,6): 7 29 266 295
(9,7): 4 12 355 367
(9,8): 1 14 367 381
(9,9): 0 0 405 405



(1,0): 0 8 3 11
(2,0): 0 25 11 36
(4,0): 0 27 36 63
(3,0): 0 24 63 87
(5,1): 0 15 90 105
(0,0): 0 32 112 144
(6,2): 0 25 144 169
(7,8): 0 11 285 296
(8,9): 0 29 372 401
(9,9): 0 0 405 405
(3,1): 1 18 87 105
(4,2): 1 39 105 144
(0,1): 1 14 144 158
(2,6): 1 13 204 217
(6,5): 1 51 228 279
(7,9): 1 28 296 324
(8,7): 1 10 324 334
(1,9): 1 32 334 366
(9,8): 1 14 367 381
(5,9): 1 25 381 406
(8,0): 2 41 0 41
(9,0): 2 20 41 61
(2,3): 2 45 91 136
(7,5): 2 22 136 158
(0,2): 2 15 158 173
(4,5): 2 15 182 197
(6,4): 2 13 197 210
(3,5): 2 17 210 227
(5,4): 2 46 227 273
(1,8): 2 17 307 324
(1,1): 3 12 15 27
(6,1): 3 31 32 63
(2,2): 3 27 63 90
(7,3): 3 15 90 105
(3,2): 3 41 105 146
(4,3): 3 21 146 167
(0,3): 3 37 173 210
(9,5): 3 25 229 254
(5,5): 3 16 273 289
(8,6): 3 26 298 324
(7,0): 4 8 0 8
(6,0): 4 15 8 23
(5,0): 4 17 23 40
(1,2): 4 49 42 91
(8,4): 4 21 128 149
(2,5): 4 15 189 204
(0,4): 4 18 210 228
(3,6): 4 23 228 251
(9,7): 4 12 355 367
(4,9): 4 20 385 405
(9,2): 5 44 70 114
(4,4): 5 15 167 182
(3,4): 5 14 183 197
(7,7): 5 20 197 217
(2,7): 5 16 217 233
(0,5): 5 43 233 276
(1,7): 5 19 288 307
(8,8): 5 16 334 350
(5,8): 5 30 350 380
(6,9): 5 26 380 406
(7,1): 6 29 9 38
(8,1): 6 10 49 59
(4,1): 6 29 76 105
(5,2): 6 51 105 156
(2,4): 6 21 156 177
(1,5): 6 19 177 196
(9,4): 6 33 196 229
(0,6): 6 19 276 295
(3,8): 6 18 334 352
(6,8): 6 12 368 380
(2,1): 7 19 44 63
(8,3): 7 5 123 128
(7,6): 7 32 165 197
(1,6): 7 23 202 225
(4,7): 7 26 225 251
(3,7): 7 15 251 266
(9,6): 7 29 266 295
(0,7): 7 27 295 322
(5,7): 7 25 322 347
(6,7): 7 21 347 368
(8,2): 8 32 59 91
(1,3): 8 24 91 115
(7,4): 8 17 115 132
(9,3): 8 22 132 154
(3,3): 8 29 154 183
(5,3): 8 17 183 200
(2,8): 8 43 233 276
(4,8): 8 44 276 320
(6,6): 8 19 320 339
(0,8): 8 28 343 371
(7,2): 9 25 38 63
(9,1): 9 7 63 70
(1,4): 9 52 122 174
(6,3): 9 12 174 186
(4,6): 9 25 200 225
(8,5): 9 59 227 286
(5,6): 9 33 289 322
(2,9): 9 19 333 352
(3,9): 9 23 352 375
(0,9): 9 31 375 406

Time taken: 76.43816471099854 seconds
