(0,0): 2 1 26 27
(0,1): 0 3 34 37
(0,2): 1 6 37 43
(0,3): 3 7 43 50
(0,4): 5 3 50 53
(0,5): 4 6 53 59
(1,0): 1 8 8 16
(1,1): 2 5 16 21
(1,2): 4 10 24 34
(1,3): 5 10 34 44
(1,4): 0 10 44 54
(1,5): 3 4 58 62
(2,0): 2 5 0 5
(2,1): 3 4 6 10
(2,2): 5 8 15 23
(2,3): 0 9 25 34
(2,4): 1 1 34 35
(2,5): 4 7 38 45
(3,0): 1 5 3 8
(3,1): 0 5 8 13
(3,2): 2 5 21 26
(3,3): 3 3 26 29
(3,4): 4 8 45 53
(3,5): 5 9 53 62
(4,0): 2 9 5 14
(4,1): 1 3 16 19
(4,2): 4 5 19 24
(4,3): 5 4 46 50
(4,4): 0 3 54 57
(4,5): 3 1 57 58
(5,0): 1 3 0 3
(5,1): 3 3 3 6
(5,2): 5 9 6 15
(5,3): 0 10 15 25
(5,4): 4 4 34 38
(5,5): 2 1 46 47



(3,1): 0 5 8 13
(5,3): 0 10 15 25
(2,3): 0 9 25 34
(0,1): 0 3 34 37
(1,4): 0 10 44 54
(4,4): 0 3 54 57
(5,0): 1 3 0 3
(3,0): 1 5 3 8
(1,0): 1 8 8 16
(4,1): 1 3 16 19
(2,4): 1 1 34 35
(0,2): 1 6 37 43
(2,0): 2 5 0 5
(4,0): 2 9 5 14
(1,1): 2 5 16 21
(3,2): 2 5 21 26
(0,0): 2 1 26 27
(5,5): 2 1 46 47
(5,1): 3 3 3 6
(2,1): 3 4 6 10
(3,3): 3 3 26 29
(0,3): 3 7 43 50
(4,5): 3 1 57 58
(1,5): 3 4 58 62
(4,2): 4 5 19 24
(1,2): 4 10 24 34
(5,4): 4 4 34 38
(2,5): 4 7 38 45
(3,4): 4 8 45 53
(0,5): 4 6 53 59
(5,2): 5 9 6 15
(2,2): 5 8 15 23
(1,3): 5 10 34 44
(4,3): 5 4 46 50
(0,4): 5 3 50 53
(3,5): 5 9 53 62

Time taken: 3.0290780067443848 seconds
