Pr(0,0,0,1) 1
Pr(0,1,0,2) 2
Pr(0,2,0,3) 3
Pr(0,3,0,4) 4
Pr(0,4,0,5) 5
Pr(1,0,1,1) 6
Pr(1,1,1,2) 7
Pr(1,2,1,3) 8
Pr(1,3,1,4) 9
Pr(1,4,1,5) 10
Pr(2,0,2,1) 11
Pr(2,1,2,2) 12
Pr(2,2,2,3) 13
Pr(2,3,2,4) 14
Pr(2,4,2,5) 15
Pr(3,0,3,1) 16
Pr(3,1,3,2) 17
Pr(3,2,3,3) 18
Pr(3,3,3,4) 19
Pr(3,4,3,5) 20
Pr(4,0,4,1) 21
Pr(4,1,4,2) 22
Pr(4,2,4,3) 23
Pr(4,3,4,4) 24
Pr(4,4,4,5) 25
Pr(5,0,5,1) 26
Pr(5,1,5,2) 27
Pr(5,2,5,3) 28
Pr(5,3,5,4) 29
Pr(5,4,5,5) 30
Pr(0,0,1,1) 31
Pr(1,1,0,0) 32
Pr(0,0,2,0) 33
Pr(2,0,0,0) 34
Pr(0,0,3,2) 35
Pr(3,2,0,0) 36
Pr(0,0,4,0) 37
Pr(4,0,0,0) 38
Pr(0,0,5,5) 39
Pr(5,5,0,0) 40
Pr(1,1,2,0) 41
Pr(2,0,1,1) 42
Pr(1,1,3,2) 43
Pr(3,2,1,1) 44
Pr(1,1,4,0) 45
Pr(4,0,1,1) 46
Pr(1,1,5,5) 47
Pr(5,5,1,1) 48
Pr(2,0,3,2) 49
Pr(3,2,2,0) 50
Pr(2,0,4,0) 51
Pr(4,0,2,0) 52
Pr(2,0,5,5) 53
Pr(5,5,2,0) 54
Pr(3,2,4,0) 55
Pr(4,0,3,2) 56
Pr(3,2,5,5) 57
Pr(5,5,3,2) 58
Pr(4,0,5,5) 59
Pr(5,5,4,0) 60
Pr(0,1,1,4) 61
Pr(1,4,0,1) 62
Pr(0,1,2,3) 63
Pr(2,3,0,1) 64
Pr(0,1,3,1) 65
Pr(3,1,0,1) 66
Pr(0,1,4,4) 67
Pr(4,4,0,1) 68
Pr(0,1,5,3) 69
Pr(5,3,0,1) 70
Pr(1,4,2,3) 71
Pr(2,3,1,4) 72
Pr(1,4,3,1) 73
Pr(3,1,1,4) 74
Pr(1,4,4,4) 75
Pr(4,4,1,4) 76
Pr(1,4,5,3) 77
Pr(5,3,1,4) 78
Pr(2,3,3,1) 79
Pr(3,1,2,3) 80
Pr(2,3,4,4) 81
Pr(4,4,2,3) 82
Pr(2,3,5,3) 83
Pr(5,3,2,3) 84
Pr(3,1,4,4) 85
Pr(4,4,3,1) 86
Pr(3,1,5,3) 87
Pr(5,3,3,1) 88
Pr(4,4,5,3) 89
Pr(5,3,4,4) 90
Pr(0,2,1,0) 91
Pr(1,0,0,2) 92
Pr(0,2,2,4) 93
Pr(2,4,0,2) 94
Pr(0,2,3,0) 95
Pr(3,0,0,2) 96
Pr(0,2,4,1) 97
Pr(4,1,0,2) 98
Pr(0,2,5,0) 99
Pr(5,0,0,2) 100
Pr(1,0,2,4) 101
Pr(2,4,1,0) 102
Pr(1,0,3,0) 103
Pr(3,0,1,0) 104
Pr(1,0,4,1) 105
Pr(4,1,1,0) 106
Pr(1,0,5,0) 107
Pr(5,0,1,0) 108
Pr(2,4,3,0) 109
Pr(3,0,2,4) 110
Pr(2,4,4,1) 111
Pr(4,1,2,4) 112
Pr(2,4,5,0) 113
Pr(5,0,2,4) 114
Pr(3,0,4,1) 115
Pr(4,1,3,0) 116
Pr(3,0,5,0) 117
Pr(5,0,3,0) 118
Pr(4,1,5,0) 119
Pr(5,0,4,1) 120
Pr(0,3,1,5) 121
Pr(1,5,0,3) 122
Pr(0,3,2,1) 123
Pr(2,1,0,3) 124
Pr(0,3,3,3) 125
Pr(3,3,0,3) 126
Pr(0,3,4,5) 127
Pr(4,5,0,3) 128
Pr(0,3,5,1) 129
Pr(5,1,0,3) 130
Pr(1,5,2,1) 131
Pr(2,1,1,5) 132
Pr(1,5,3,3) 133
Pr(3,3,1,5) 134
Pr(1,5,4,5) 135
Pr(4,5,1,5) 136
Pr(1,5,5,1) 137
Pr(5,1,1,5) 138
Pr(2,1,3,3) 139
Pr(3,3,2,1) 140
Pr(2,1,4,5) 141
Pr(4,5,2,1) 142
Pr(2,1,5,1) 143
Pr(5,1,2,1) 144
Pr(3,3,4,5) 145
Pr(4,5,3,3) 146
Pr(3,3,5,1) 147
Pr(5,1,3,3) 148
Pr(4,5,5,1) 149
Pr(5,1,4,5) 150
Pr(0,4,1,3) 151
Pr(1,3,0,4) 152
Pr(0,4,2,2) 153
Pr(2,2,0,4) 154
Pr(0,4,3,5) 155
Pr(3,5,0,4) 156
Pr(0,4,4,3) 157
Pr(4,3,0,4) 158
Pr(0,4,5,2) 159
Pr(5,2,0,4) 160
Pr(1,3,2,2) 161
Pr(2,2,1,3) 162
Pr(1,3,3,5) 163
Pr(3,5,1,3) 164
Pr(1,3,4,3) 165
Pr(4,3,1,3) 166
Pr(1,3,5,2) 167
Pr(5,2,1,3) 168
Pr(2,2,3,5) 169
Pr(3,5,2,2) 170
Pr(2,2,4,3) 171
Pr(4,3,2,2) 172
Pr(2,2,5,2) 173
Pr(5,2,2,2) 174
Pr(3,5,4,3) 175
Pr(4,3,3,5) 176
Pr(3,5,5,2) 177
Pr(5,2,3,5) 178
Pr(4,3,5,2) 179
Pr(5,2,4,3) 180
Pr(0,5,1,2) 181
Pr(1,2,0,5) 182
Pr(0,5,2,5) 183
Pr(2,5,0,5) 184
Pr(0,5,3,4) 185
Pr(3,4,0,5) 186
Pr(0,5,4,2) 187
Pr(4,2,0,5) 188
Pr(0,5,5,4) 189
Pr(5,4,0,5) 190
Pr(1,2,2,5) 191
Pr(2,5,1,2) 192
Pr(1,2,3,4) 193
Pr(3,4,1,2) 194
Pr(1,2,4,2) 195
Pr(4,2,1,2) 196
Pr(1,2,5,4) 197
Pr(5,4,1,2) 198
Pr(2,5,3,4) 199
Pr(3,4,2,5) 200
Pr(2,5,4,2) 201
Pr(4,2,2,5) 202
Pr(2,5,5,4) 203
Pr(5,4,2,5) 204
Pr(3,4,4,2) 205
Pr(4,2,3,4) 206
Pr(3,4,5,4) 207
Pr(5,4,3,4) 208
Pr(4,2,5,4) 209
Pr(5,4,4,2) 210
Sa(0,0,0) 211
Eb(0,0,27) 212
Sa(0,0,1) 213
Sa(0,0,2) 214
Sa(0,0,3) 215
Sa(0,0,4) 216
Sa(0,0,5) 217
Sa(0,0,6) 218
Sa(0,0,7) 219
Sa(0,0,8) 220
Sa(0,0,9) 221
Sa(0,0,10) 222
Sa(0,0,11) 223
Sa(0,0,12) 224
Sa(0,0,13) 225
Sa(0,0,14) 226
Sa(0,0,15) 227
Sa(0,0,16) 228
Sa(0,0,17) 229
Sa(0,0,18) 230
Sa(0,0,19) 231
Sa(0,0,20) 232
Sa(0,0,21) 233
Sa(0,0,22) 234
Sa(0,0,23) 235
Sa(0,0,24) 236
Sa(0,0,25) 237
Sa(0,0,26) 238
Sa(0,0,27) 239
Sa(0,0,28) 240
Sa(0,0,29) 241
Sa(0,0,30) 242
Sa(0,0,31) 243
Sa(0,0,32) 244
Sa(0,0,33) 245
Sa(0,0,34) 246
Sa(0,0,35) 247
Sa(0,0,36) 248
Sa(0,0,37) 249
Sa(0,0,38) 250
Sa(0,0,39) 251
Sa(0,0,40) 252
Sa(0,0,41) 253
Sa(0,0,42) 254
Sa(0,0,43) 255
Sa(0,0,44) 256
Sa(0,0,45) 257
Sa(0,0,46) 258
Sa(0,0,47) 259
Sa(0,0,48) 260
Sa(0,0,49) 261
Sa(0,0,50) 262
Sa(0,0,51) 263
Sa(0,0,52) 264
Eb(0,0,0) 265
Eb(0,0,1) 266
Eb(0,0,2) 267
Eb(0,0,3) 268
Eb(0,0,4) 269
Eb(0,0,5) 270
Eb(0,0,6) 271
Eb(0,0,7) 272
Eb(0,0,8) 273
Eb(0,0,9) 274
Eb(0,0,10) 275
Eb(0,0,11) 276
Eb(0,0,12) 277
Eb(0,0,13) 278
Eb(0,0,14) 279
Eb(0,0,15) 280
Eb(0,0,16) 281
Eb(0,0,17) 282
Eb(0,0,18) 283
Eb(0,0,19) 284
Eb(0,0,20) 285
Eb(0,0,21) 286
Eb(0,0,22) 287
Eb(0,0,23) 288
Eb(0,0,24) 289
Eb(0,0,25) 290
Eb(0,0,26) 291
Eb(0,0,28) 292
Eb(0,0,29) 293
Eb(0,0,30) 294
Eb(0,0,31) 295
Eb(0,0,32) 296
Eb(0,0,33) 297
Eb(0,0,34) 298
Eb(0,0,35) 299
Eb(0,0,36) 300
Eb(0,0,37) 301
Eb(0,0,38) 302
Eb(0,0,39) 303
Eb(0,0,40) 304
Eb(0,0,41) 305
Eb(0,0,42) 306
Eb(0,0,43) 307
Eb(0,0,44) 308
Eb(0,0,45) 309
Eb(0,0,46) 310
Eb(0,0,47) 311
Eb(0,0,48) 312
Eb(0,0,49) 313
Eb(0,0,50) 314
Eb(0,0,51) 315
Eb(0,0,52) 316
Sa(0,1,1) 317
Sa(1,1,1) 318
Sa(2,0,1) 319
Sa(3,2,1) 320
Sa(4,0,1) 321
Sa(5,5,1) 322
Sa(0,1,2) 323
Sa(1,1,2) 324
Sa(2,0,2) 325
Sa(3,2,2) 326
Sa(4,0,2) 327
Sa(5,5,2) 328
Sa(0,1,3) 329
Sa(1,1,3) 330
Sa(2,0,3) 331
Sa(3,2,3) 332
Sa(4,0,3) 333
Sa(5,5,3) 334
Sa(0,1,4) 335
Sa(1,1,4) 336
Sa(2,0,4) 337
Sa(3,2,4) 338
Sa(4,0,4) 339
Sa(5,5,4) 340
Sa(0,1,5) 341
Sa(1,1,5) 342
Sa(2,0,5) 343
Sa(3,2,5) 344
Sa(4,0,5) 345
Sa(5,5,5) 346
Sa(0,1,6) 347
Sa(1,1,6) 348
Sa(2,0,6) 349
Sa(3,2,6) 350
Sa(4,0,6) 351
Sa(5,5,6) 352
Sa(0,1,7) 353
Sa(1,1,7) 354
Sa(2,0,7) 355
Sa(3,2,7) 356
Sa(4,0,7) 357
Sa(5,5,7) 358
Sa(0,1,8) 359
Sa(1,1,8) 360
Sa(2,0,8) 361
Sa(3,2,8) 362
Sa(4,0,8) 363
Sa(5,5,8) 364
Sa(0,1,9) 365
Sa(1,1,9) 366
Sa(2,0,9) 367
Sa(3,2,9) 368
Sa(4,0,9) 369
Sa(5,5,9) 370
Sa(0,1,10) 371
Sa(1,1,10) 372
Sa(2,0,10) 373
Sa(3,2,10) 374
Sa(4,0,10) 375
Sa(5,5,10) 376
Sa(0,1,11) 377
Sa(1,1,11) 378
Sa(2,0,11) 379
Sa(3,2,11) 380
Sa(4,0,11) 381
Sa(5,5,11) 382
Sa(0,1,12) 383
Sa(1,1,12) 384
Sa(2,0,12) 385
Sa(3,2,12) 386
Sa(4,0,12) 387
Sa(5,5,12) 388
Sa(0,1,13) 389
Sa(1,1,13) 390
Sa(2,0,13) 391
Sa(3,2,13) 392
Sa(4,0,13) 393
Sa(5,5,13) 394
Sa(0,1,14) 395
Sa(1,1,14) 396
Sa(2,0,14) 397
Sa(3,2,14) 398
Sa(4,0,14) 399
Sa(5,5,14) 400
Sa(0,1,15) 401
Sa(1,1,15) 402
Sa(2,0,15) 403
Sa(3,2,15) 404
Sa(4,0,15) 405
Sa(5,5,15) 406
Sa(0,1,16) 407
Sa(1,1,16) 408
Sa(2,0,16) 409
Sa(3,2,16) 410
Sa(4,0,16) 411
Sa(5,5,16) 412
Sa(0,1,17) 413
Sa(1,1,17) 414
Sa(2,0,17) 415
Sa(3,2,17) 416
Sa(4,0,17) 417
Sa(5,5,17) 418
Sa(0,1,18) 419
Sa(1,1,18) 420
Sa(2,0,18) 421
Sa(3,2,18) 422
Sa(4,0,18) 423
Sa(5,5,18) 424
Sa(0,1,19) 425
Sa(1,1,19) 426
Sa(2,0,19) 427
Sa(3,2,19) 428
Sa(4,0,19) 429
Sa(5,5,19) 430
Sa(0,1,20) 431
Sa(1,1,20) 432
Sa(2,0,20) 433
Sa(3,2,20) 434
Sa(4,0,20) 435
Sa(5,5,20) 436
Sa(0,1,21) 437
Sa(1,1,21) 438
Sa(2,0,21) 439
Sa(3,2,21) 440
Sa(4,0,21) 441
Sa(5,5,21) 442
Sa(0,1,22) 443
Sa(1,1,22) 444
Sa(2,0,22) 445
Sa(3,2,22) 446
Sa(4,0,22) 447
Sa(5,5,22) 448
Sa(0,1,23) 449
Sa(1,1,23) 450
Sa(2,0,23) 451
Sa(3,2,23) 452
Sa(4,0,23) 453
Sa(5,5,23) 454
Sa(0,1,24) 455
Sa(1,1,24) 456
Sa(2,0,24) 457
Sa(3,2,24) 458
Sa(4,0,24) 459
Sa(5,5,24) 460
Sa(0,1,25) 461
Sa(1,1,25) 462
Sa(2,0,25) 463
Sa(3,2,25) 464
Sa(4,0,25) 465
Sa(5,5,25) 466
Sa(0,1,26) 467
Sa(1,1,26) 468
Sa(2,0,26) 469
Sa(3,2,26) 470
Sa(4,0,26) 471
Sa(5,5,26) 472
Sa(0,1,27) 473
Sa(1,1,27) 474
Sa(2,0,27) 475
Sa(3,2,27) 476
Sa(4,0,27) 477
Sa(5,5,27) 478
Sa(0,1,28) 479
Sa(1,1,28) 480
Sa(2,0,28) 481
Sa(3,2,28) 482
Sa(4,0,28) 483
Sa(5,5,28) 484
Sa(0,1,29) 485
Sa(1,1,29) 486
Sa(2,0,29) 487
Sa(3,2,29) 488
Sa(4,0,29) 489
Sa(5,5,29) 490
Sa(0,1,30) 491
Sa(1,1,30) 492
Sa(2,0,30) 493
Sa(3,2,30) 494
Sa(4,0,30) 495
Sa(5,5,30) 496
Sa(0,1,31) 497
Sa(1,1,31) 498
Sa(2,0,31) 499
Sa(3,2,31) 500
Sa(4,0,31) 501
Sa(5,5,31) 502
Sa(0,1,32) 503
Sa(1,1,32) 504
Sa(2,0,32) 505
Sa(3,2,32) 506
Sa(4,0,32) 507
Sa(5,5,32) 508
Sa(0,1,33) 509
Sa(1,1,33) 510
Sa(2,0,33) 511
Sa(3,2,33) 512
Sa(4,0,33) 513
Sa(5,5,33) 514
Sa(0,1,34) 515
Sa(1,1,34) 516
Sa(2,0,34) 517
Sa(3,2,34) 518
Sa(4,0,34) 519
Sa(5,5,34) 520
Sa(0,1,35) 521
Sa(1,1,35) 522
Sa(2,0,35) 523
Sa(3,2,35) 524
Sa(4,0,35) 525
Sa(5,5,35) 526
Sa(0,1,36) 527
Sa(1,1,36) 528
Sa(2,0,36) 529
Sa(3,2,36) 530
Sa(4,0,36) 531
Sa(5,5,36) 532
Sa(0,1,37) 533
Sa(1,1,37) 534
Sa(2,0,37) 535
Sa(3,2,37) 536
Sa(4,0,37) 537
Sa(5,5,37) 538
Sa(0,1,38) 539
Sa(1,1,38) 540
Sa(2,0,38) 541
Sa(3,2,38) 542
Sa(4,0,38) 543
Sa(5,5,38) 544
Sa(0,1,39) 545
Sa(1,1,39) 546
Sa(2,0,39) 547
Sa(3,2,39) 548
Sa(4,0,39) 549
Sa(5,5,39) 550
Sa(0,1,40) 551
Sa(1,1,40) 552
Sa(2,0,40) 553
Sa(3,2,40) 554
Sa(4,0,40) 555
Sa(5,5,40) 556
Sa(0,1,41) 557
Sa(1,1,41) 558
Sa(2,0,41) 559
Sa(3,2,41) 560
Sa(4,0,41) 561
Sa(5,5,41) 562
Sa(0,1,42) 563
Sa(1,1,42) 564
Sa(2,0,42) 565
Sa(3,2,42) 566
Sa(4,0,42) 567
Sa(5,5,42) 568
Sa(0,1,43) 569
Sa(1,1,43) 570
Sa(2,0,43) 571
Sa(3,2,43) 572
Sa(4,0,43) 573
Sa(5,5,43) 574
Sa(0,1,44) 575
Sa(1,1,44) 576
Sa(2,0,44) 577
Sa(3,2,44) 578
Sa(4,0,44) 579
Sa(5,5,44) 580
Sa(0,1,45) 581
Sa(1,1,45) 582
Sa(2,0,45) 583
Sa(3,2,45) 584
Sa(4,0,45) 585
Sa(5,5,45) 586
Sa(0,1,46) 587
Sa(1,1,46) 588
Sa(2,0,46) 589
Sa(3,2,46) 590
Sa(4,0,46) 591
Sa(5,5,46) 592
Sa(0,1,47) 593
Sa(1,1,47) 594
Sa(2,0,47) 595
Sa(3,2,47) 596
Sa(4,0,47) 597
Sa(5,5,47) 598
Sa(0,1,48) 599
Sa(1,1,48) 600
Sa(2,0,48) 601
Sa(3,2,48) 602
Sa(4,0,48) 603
Sa(5,5,48) 604
Sa(0,1,49) 605
Sa(1,1,49) 606
Sa(2,0,49) 607
Sa(3,2,49) 608
Sa(4,0,49) 609
Sa(5,5,49) 610
Sa(0,1,50) 611
Sa(1,1,50) 612
Sa(2,0,50) 613
Sa(3,2,50) 614
Sa(4,0,50) 615
Sa(5,5,50) 616
Sa(0,1,51) 617
Sa(1,1,51) 618
Sa(2,0,51) 619
Sa(3,2,51) 620
Sa(4,0,51) 621
Sa(5,5,51) 622
Sa(0,1,52) 623
Sa(1,1,52) 624
Sa(2,0,52) 625
Sa(3,2,52) 626
Sa(4,0,52) 627
Sa(5,5,52) 628
Eb(0,1,30) 629
Sa(0,1,0) 630
Eb(0,1,0) 631
Eb(0,1,1) 632
Eb(0,1,2) 633
Eb(0,1,3) 634
Eb(0,1,4) 635
Eb(0,1,5) 636
Eb(0,1,6) 637
Eb(0,1,7) 638
Eb(0,1,8) 639
Eb(0,1,9) 640
Eb(0,1,10) 641
Eb(0,1,11) 642
Eb(0,1,12) 643
Eb(0,1,13) 644
Eb(0,1,14) 645
Eb(0,1,15) 646
Eb(0,1,16) 647
Eb(0,1,17) 648
Eb(0,1,18) 649
Eb(0,1,19) 650
Eb(0,1,20) 651
Eb(0,1,21) 652
Eb(0,1,22) 653
Eb(0,1,23) 654
Eb(0,1,24) 655
Eb(0,1,25) 656
Eb(0,1,26) 657
Eb(0,1,27) 658
Eb(0,1,28) 659
Eb(0,1,29) 660
Eb(0,1,31) 661
Eb(0,1,32) 662
Eb(0,1,33) 663
Eb(0,1,34) 664
Eb(0,1,35) 665
Eb(0,1,36) 666
Eb(0,1,37) 667
Eb(0,1,38) 668
Eb(0,1,39) 669
Eb(0,1,40) 670
Eb(0,1,41) 671
Eb(0,1,42) 672
Eb(0,1,43) 673
Eb(0,1,44) 674
Eb(0,1,45) 675
Eb(0,1,46) 676
Eb(0,1,47) 677
Eb(0,1,48) 678
Eb(0,1,49) 679
Eb(0,1,50) 680
Eb(0,1,51) 681
Eb(0,1,52) 682
Sa(0,2,3) 683
Sa(1,4,3) 684
Sa(2,3,3) 685
Sa(3,1,3) 686
Sa(4,4,3) 687
Sa(5,3,3) 688
Sa(0,2,4) 689
Sa(1,4,4) 690
Sa(2,3,4) 691
Sa(3,1,4) 692
Sa(4,4,4) 693
Sa(5,3,4) 694
Sa(0,2,5) 695
Sa(1,4,5) 696
Sa(2,3,5) 697
Sa(3,1,5) 698
Sa(4,4,5) 699
Sa(5,3,5) 700
Sa(0,2,6) 701
Sa(1,4,6) 702
Sa(2,3,6) 703
Sa(3,1,6) 704
Sa(4,4,6) 705
Sa(5,3,6) 706
Sa(0,2,7) 707
Sa(1,4,7) 708
Sa(2,3,7) 709
Sa(3,1,7) 710
Sa(4,4,7) 711
Sa(5,3,7) 712
Sa(0,2,8) 713
Sa(1,4,8) 714
Sa(2,3,8) 715
Sa(3,1,8) 716
Sa(4,4,8) 717
Sa(5,3,8) 718
Sa(0,2,9) 719
Sa(1,4,9) 720
Sa(2,3,9) 721
Sa(3,1,9) 722
Sa(4,4,9) 723
Sa(5,3,9) 724
Sa(0,2,10) 725
Sa(1,4,10) 726
Sa(2,3,10) 727
Sa(3,1,10) 728
Sa(4,4,10) 729
Sa(5,3,10) 730
Sa(0,2,11) 731
Sa(1,4,11) 732
Sa(2,3,11) 733
Sa(3,1,11) 734
Sa(4,4,11) 735
Sa(5,3,11) 736
Sa(0,2,12) 737
Sa(1,4,12) 738
Sa(2,3,12) 739
Sa(3,1,12) 740
Sa(4,4,12) 741
Sa(5,3,12) 742
Sa(0,2,13) 743
Sa(1,4,13) 744
Sa(2,3,13) 745
Sa(3,1,13) 746
Sa(4,4,13) 747
Sa(5,3,13) 748
Sa(0,2,14) 749
Sa(1,4,14) 750
Sa(2,3,14) 751
Sa(3,1,14) 752
Sa(4,4,14) 753
Sa(5,3,14) 754
Sa(0,2,15) 755
Sa(1,4,15) 756
Sa(2,3,15) 757
Sa(3,1,15) 758
Sa(4,4,15) 759
Sa(5,3,15) 760
Sa(0,2,16) 761
Sa(1,4,16) 762
Sa(2,3,16) 763
Sa(3,1,16) 764
Sa(4,4,16) 765
Sa(5,3,16) 766
Sa(0,2,17) 767
Sa(1,4,17) 768
Sa(2,3,17) 769
Sa(3,1,17) 770
Sa(4,4,17) 771
Sa(5,3,17) 772
Sa(0,2,18) 773
Sa(1,4,18) 774
Sa(2,3,18) 775
Sa(3,1,18) 776
Sa(4,4,18) 777
Sa(5,3,18) 778
Sa(0,2,19) 779
Sa(1,4,19) 780
Sa(2,3,19) 781
Sa(3,1,19) 782
Sa(4,4,19) 783
Sa(5,3,19) 784
Sa(0,2,20) 785
Sa(1,4,20) 786
Sa(2,3,20) 787
Sa(3,1,20) 788
Sa(4,4,20) 789
Sa(5,3,20) 790
Sa(0,2,21) 791
Sa(1,4,21) 792
Sa(2,3,21) 793
Sa(3,1,21) 794
Sa(4,4,21) 795
Sa(5,3,21) 796
Sa(0,2,22) 797
Sa(1,4,22) 798
Sa(2,3,22) 799
Sa(3,1,22) 800
Sa(4,4,22) 801
Sa(5,3,22) 802
Sa(0,2,23) 803
Sa(1,4,23) 804
Sa(2,3,23) 805
Sa(3,1,23) 806
Sa(4,4,23) 807
Sa(5,3,23) 808
Sa(0,2,24) 809
Sa(1,4,24) 810
Sa(2,3,24) 811
Sa(3,1,24) 812
Sa(4,4,24) 813
Sa(5,3,24) 814
Sa(0,2,25) 815
Sa(1,4,25) 816
Sa(2,3,25) 817
Sa(3,1,25) 818
Sa(4,4,25) 819
Sa(5,3,25) 820
Sa(0,2,26) 821
Sa(1,4,26) 822
Sa(2,3,26) 823
Sa(3,1,26) 824
Sa(4,4,26) 825
Sa(5,3,26) 826
Sa(0,2,27) 827
Sa(1,4,27) 828
Sa(2,3,27) 829
Sa(3,1,27) 830
Sa(4,4,27) 831
Sa(5,3,27) 832
Sa(0,2,28) 833
Sa(1,4,28) 834
Sa(2,3,28) 835
Sa(3,1,28) 836
Sa(4,4,28) 837
Sa(5,3,28) 838
Sa(0,2,29) 839
Sa(1,4,29) 840
Sa(2,3,29) 841
Sa(3,1,29) 842
Sa(4,4,29) 843
Sa(5,3,29) 844
Sa(0,2,30) 845
Sa(1,4,30) 846
Sa(2,3,30) 847
Sa(3,1,30) 848
Sa(4,4,30) 849
Sa(5,3,30) 850
Sa(0,2,31) 851
Sa(1,4,31) 852
Sa(2,3,31) 853
Sa(3,1,31) 854
Sa(4,4,31) 855
Sa(5,3,31) 856
Sa(0,2,32) 857
Sa(1,4,32) 858
Sa(2,3,32) 859
Sa(3,1,32) 860
Sa(4,4,32) 861
Sa(5,3,32) 862
Sa(0,2,33) 863
Sa(1,4,33) 864
Sa(2,3,33) 865
Sa(3,1,33) 866
Sa(4,4,33) 867
Sa(5,3,33) 868
Sa(0,2,34) 869
Sa(1,4,34) 870
Sa(2,3,34) 871
Sa(3,1,34) 872
Sa(4,4,34) 873
Sa(5,3,34) 874
Sa(0,2,35) 875
Sa(1,4,35) 876
Sa(2,3,35) 877
Sa(3,1,35) 878
Sa(4,4,35) 879
Sa(5,3,35) 880
Sa(0,2,36) 881
Sa(1,4,36) 882
Sa(2,3,36) 883
Sa(3,1,36) 884
Sa(4,4,36) 885
Sa(5,3,36) 886
Sa(0,2,37) 887
Sa(1,4,37) 888
Sa(2,3,37) 889
Sa(3,1,37) 890
Sa(4,4,37) 891
Sa(5,3,37) 892
Sa(0,2,38) 893
Sa(1,4,38) 894
Sa(2,3,38) 895
Sa(3,1,38) 896
Sa(4,4,38) 897
Sa(5,3,38) 898
Sa(0,2,39) 899
Sa(1,4,39) 900
Sa(2,3,39) 901
Sa(3,1,39) 902
Sa(4,4,39) 903
Sa(5,3,39) 904
Sa(0,2,40) 905
Sa(1,4,40) 906
Sa(2,3,40) 907
Sa(3,1,40) 908
Sa(4,4,40) 909
Sa(5,3,40) 910
Sa(0,2,41) 911
Sa(1,4,41) 912
Sa(2,3,41) 913
Sa(3,1,41) 914
Sa(4,4,41) 915
Sa(5,3,41) 916
Sa(0,2,42) 917
Sa(1,4,42) 918
Sa(2,3,42) 919
Sa(3,1,42) 920
Sa(4,4,42) 921
Sa(5,3,42) 922
Sa(0,2,43) 923
Sa(1,4,43) 924
Sa(2,3,43) 925
Sa(3,1,43) 926
Sa(4,4,43) 927
Sa(5,3,43) 928
Sa(0,2,44) 929
Sa(1,4,44) 930
Sa(2,3,44) 931
Sa(3,1,44) 932
Sa(4,4,44) 933
Sa(5,3,44) 934
Sa(0,2,45) 935
Sa(1,4,45) 936
Sa(2,3,45) 937
Sa(3,1,45) 938
Sa(4,4,45) 939
Sa(5,3,45) 940
Sa(0,2,46) 941
Sa(1,4,46) 942
Sa(2,3,46) 943
Sa(3,1,46) 944
Sa(4,4,46) 945
Sa(5,3,46) 946
Sa(0,2,47) 947
Sa(1,4,47) 948
Sa(2,3,47) 949
Sa(3,1,47) 950
Sa(4,4,47) 951
Sa(5,3,47) 952
Sa(0,2,48) 953
Sa(1,4,48) 954
Sa(2,3,48) 955
Sa(3,1,48) 956
Sa(4,4,48) 957
Sa(5,3,48) 958
Sa(0,2,49) 959
Sa(1,4,49) 960
Sa(2,3,49) 961
Sa(3,1,49) 962
Sa(4,4,49) 963
Sa(5,3,49) 964
Sa(0,2,50) 965
Sa(1,4,50) 966
Sa(2,3,50) 967
Sa(3,1,50) 968
Sa(4,4,50) 969
Sa(5,3,50) 970
Sa(0,2,51) 971
Sa(1,4,51) 972
Sa(2,3,51) 973
Sa(3,1,51) 974
Sa(4,4,51) 975
Sa(5,3,51) 976
Sa(0,2,52) 977
Sa(1,4,52) 978
Sa(2,3,52) 979
Sa(3,1,52) 980
Sa(4,4,52) 981
Sa(5,3,52) 982
Eb(0,2,36) 983
Sa(0,2,1) 984
Sa(0,2,0) 985
Sa(0,2,2) 986
Eb(0,2,0) 987
Eb(0,2,1) 988
Eb(0,2,2) 989
Eb(0,2,3) 990
Eb(0,2,4) 991
Eb(0,2,5) 992
Eb(0,2,6) 993
Eb(0,2,7) 994
Eb(0,2,8) 995
Eb(0,2,9) 996
Eb(0,2,10) 997
Eb(0,2,11) 998
Eb(0,2,12) 999
Eb(0,2,13) 1000
Eb(0,2,14) 1001
Eb(0,2,15) 1002
Eb(0,2,16) 1003
Eb(0,2,17) 1004
Eb(0,2,18) 1005
Eb(0,2,19) 1006
Eb(0,2,20) 1007
Eb(0,2,21) 1008
Eb(0,2,22) 1009
Eb(0,2,23) 1010
Eb(0,2,24) 1011
Eb(0,2,25) 1012
Eb(0,2,26) 1013
Eb(0,2,27) 1014
Eb(0,2,28) 1015
Eb(0,2,29) 1016
Eb(0,2,30) 1017
Eb(0,2,31) 1018
Eb(0,2,32) 1019
Eb(0,2,33) 1020
Eb(0,2,34) 1021
Eb(0,2,35) 1022
Eb(0,2,37) 1023
Eb(0,2,38) 1024
Eb(0,2,39) 1025
Eb(0,2,40) 1026
Eb(0,2,41) 1027
Eb(0,2,42) 1028
Eb(0,2,43) 1029
Eb(0,2,44) 1030
Eb(0,2,45) 1031
Eb(0,2,46) 1032
Eb(0,2,47) 1033
Eb(0,2,48) 1034
Eb(0,2,49) 1035
Eb(0,2,50) 1036
Eb(0,2,51) 1037
Eb(0,2,52) 1038
Sa(0,3,6) 1039
Sa(1,0,6) 1040
Sa(2,4,6) 1041
Sa(3,0,6) 1042
Sa(4,1,6) 1043
Sa(5,0,6) 1044
Sa(0,3,7) 1045
Sa(1,0,7) 1046
Sa(2,4,7) 1047
Sa(3,0,7) 1048
Sa(4,1,7) 1049
Sa(5,0,7) 1050
Sa(0,3,8) 1051
Sa(1,0,8) 1052
Sa(2,4,8) 1053
Sa(3,0,8) 1054
Sa(4,1,8) 1055
Sa(5,0,8) 1056
Sa(0,3,9) 1057
Sa(1,0,9) 1058
Sa(2,4,9) 1059
Sa(3,0,9) 1060
Sa(4,1,9) 1061
Sa(5,0,9) 1062
Sa(0,3,10) 1063
Sa(1,0,10) 1064
Sa(2,4,10) 1065
Sa(3,0,10) 1066
Sa(4,1,10) 1067
Sa(5,0,10) 1068
Sa(0,3,11) 1069
Sa(1,0,11) 1070
Sa(2,4,11) 1071
Sa(3,0,11) 1072
Sa(4,1,11) 1073
Sa(5,0,11) 1074
Sa(0,3,12) 1075
Sa(1,0,12) 1076
Sa(2,4,12) 1077
Sa(3,0,12) 1078
Sa(4,1,12) 1079
Sa(5,0,12) 1080
Sa(0,3,13) 1081
Sa(1,0,13) 1082
Sa(2,4,13) 1083
Sa(3,0,13) 1084
Sa(4,1,13) 1085
Sa(5,0,13) 1086
Sa(0,3,14) 1087
Sa(1,0,14) 1088
Sa(2,4,14) 1089
Sa(3,0,14) 1090
Sa(4,1,14) 1091
Sa(5,0,14) 1092
Sa(0,3,15) 1093
Sa(1,0,15) 1094
Sa(2,4,15) 1095
Sa(3,0,15) 1096
Sa(4,1,15) 1097
Sa(5,0,15) 1098
Sa(0,3,16) 1099
Sa(1,0,16) 1100
Sa(2,4,16) 1101
Sa(3,0,16) 1102
Sa(4,1,16) 1103
Sa(5,0,16) 1104
Sa(0,3,17) 1105
Sa(1,0,17) 1106
Sa(2,4,17) 1107
Sa(3,0,17) 1108
Sa(4,1,17) 1109
Sa(5,0,17) 1110
Sa(0,3,18) 1111
Sa(1,0,18) 1112
Sa(2,4,18) 1113
Sa(3,0,18) 1114
Sa(4,1,18) 1115
Sa(5,0,18) 1116
Sa(0,3,19) 1117
Sa(1,0,19) 1118
Sa(2,4,19) 1119
Sa(3,0,19) 1120
Sa(4,1,19) 1121
Sa(5,0,19) 1122
Sa(0,3,20) 1123
Sa(1,0,20) 1124
Sa(2,4,20) 1125
Sa(3,0,20) 1126
Sa(4,1,20) 1127
Sa(5,0,20) 1128
Sa(0,3,21) 1129
Sa(1,0,21) 1130
Sa(2,4,21) 1131
Sa(3,0,21) 1132
Sa(4,1,21) 1133
Sa(5,0,21) 1134
Sa(0,3,22) 1135
Sa(1,0,22) 1136
Sa(2,4,22) 1137
Sa(3,0,22) 1138
Sa(4,1,22) 1139
Sa(5,0,22) 1140
Sa(0,3,23) 1141
Sa(1,0,23) 1142
Sa(2,4,23) 1143
Sa(3,0,23) 1144
Sa(4,1,23) 1145
Sa(5,0,23) 1146
Sa(0,3,24) 1147
Sa(1,0,24) 1148
Sa(2,4,24) 1149
Sa(3,0,24) 1150
Sa(4,1,24) 1151
Sa(5,0,24) 1152
Sa(0,3,25) 1153
Sa(1,0,25) 1154
Sa(2,4,25) 1155
Sa(3,0,25) 1156
Sa(4,1,25) 1157
Sa(5,0,25) 1158
Sa(0,3,26) 1159
Sa(1,0,26) 1160
Sa(2,4,26) 1161
Sa(3,0,26) 1162
Sa(4,1,26) 1163
Sa(5,0,26) 1164
Sa(0,3,27) 1165
Sa(1,0,27) 1166
Sa(2,4,27) 1167
Sa(3,0,27) 1168
Sa(4,1,27) 1169
Sa(5,0,27) 1170
Sa(0,3,28) 1171
Sa(1,0,28) 1172
Sa(2,4,28) 1173
Sa(3,0,28) 1174
Sa(4,1,28) 1175
Sa(5,0,28) 1176
Sa(0,3,29) 1177
Sa(1,0,29) 1178
Sa(2,4,29) 1179
Sa(3,0,29) 1180
Sa(4,1,29) 1181
Sa(5,0,29) 1182
Sa(0,3,30) 1183
Sa(1,0,30) 1184
Sa(2,4,30) 1185
Sa(3,0,30) 1186
Sa(4,1,30) 1187
Sa(5,0,30) 1188
Sa(0,3,31) 1189
Sa(1,0,31) 1190
Sa(2,4,31) 1191
Sa(3,0,31) 1192
Sa(4,1,31) 1193
Sa(5,0,31) 1194
Sa(0,3,32) 1195
Sa(1,0,32) 1196
Sa(2,4,32) 1197
Sa(3,0,32) 1198
Sa(4,1,32) 1199
Sa(5,0,32) 1200
Sa(0,3,33) 1201
Sa(1,0,33) 1202
Sa(2,4,33) 1203
Sa(3,0,33) 1204
Sa(4,1,33) 1205
Sa(5,0,33) 1206
Sa(0,3,34) 1207
Sa(1,0,34) 1208
Sa(2,4,34) 1209
Sa(3,0,34) 1210
Sa(4,1,34) 1211
Sa(5,0,34) 1212
Sa(0,3,35) 1213
Sa(1,0,35) 1214
Sa(2,4,35) 1215
Sa(3,0,35) 1216
Sa(4,1,35) 1217
Sa(5,0,35) 1218
Sa(0,3,36) 1219
Sa(1,0,36) 1220
Sa(2,4,36) 1221
Sa(3,0,36) 1222
Sa(4,1,36) 1223
Sa(5,0,36) 1224
Sa(0,3,37) 1225
Sa(1,0,37) 1226
Sa(2,4,37) 1227
Sa(3,0,37) 1228
Sa(4,1,37) 1229
Sa(5,0,37) 1230
Sa(0,3,38) 1231
Sa(1,0,38) 1232
Sa(2,4,38) 1233
Sa(3,0,38) 1234
Sa(4,1,38) 1235
Sa(5,0,38) 1236
Sa(0,3,39) 1237
Sa(1,0,39) 1238
Sa(2,4,39) 1239
Sa(3,0,39) 1240
Sa(4,1,39) 1241
Sa(5,0,39) 1242
Sa(0,3,40) 1243
Sa(1,0,40) 1244
Sa(2,4,40) 1245
Sa(3,0,40) 1246
Sa(4,1,40) 1247
Sa(5,0,40) 1248
Sa(0,3,41) 1249
Sa(1,0,41) 1250
Sa(2,4,41) 1251
Sa(3,0,41) 1252
Sa(4,1,41) 1253
Sa(5,0,41) 1254
Sa(0,3,42) 1255
Sa(1,0,42) 1256
Sa(2,4,42) 1257
Sa(3,0,42) 1258
Sa(4,1,42) 1259
Sa(5,0,42) 1260
Sa(0,3,43) 1261
Sa(1,0,43) 1262
Sa(2,4,43) 1263
Sa(3,0,43) 1264
Sa(4,1,43) 1265
Sa(5,0,43) 1266
Sa(0,3,44) 1267
Sa(1,0,44) 1268
Sa(2,4,44) 1269
Sa(3,0,44) 1270
Sa(4,1,44) 1271
Sa(5,0,44) 1272
Sa(0,3,45) 1273
Sa(1,0,45) 1274
Sa(2,4,45) 1275
Sa(3,0,45) 1276
Sa(4,1,45) 1277
Sa(5,0,45) 1278
Sa(0,3,46) 1279
Sa(1,0,46) 1280
Sa(2,4,46) 1281
Sa(3,0,46) 1282
Sa(4,1,46) 1283
Sa(5,0,46) 1284
Sa(0,3,47) 1285
Sa(1,0,47) 1286
Sa(2,4,47) 1287
Sa(3,0,47) 1288
Sa(4,1,47) 1289
Sa(5,0,47) 1290
Sa(0,3,48) 1291
Sa(1,0,48) 1292
Sa(2,4,48) 1293
Sa(3,0,48) 1294
Sa(4,1,48) 1295
Sa(5,0,48) 1296
Sa(0,3,49) 1297
Sa(1,0,49) 1298
Sa(2,4,49) 1299
Sa(3,0,49) 1300
Sa(4,1,49) 1301
Sa(5,0,49) 1302
Sa(0,3,50) 1303
Sa(1,0,50) 1304
Sa(2,4,50) 1305
Sa(3,0,50) 1306
Sa(4,1,50) 1307
Sa(5,0,50) 1308
Sa(0,3,51) 1309
Sa(1,0,51) 1310
Sa(2,4,51) 1311
Sa(3,0,51) 1312
Sa(4,1,51) 1313
Sa(5,0,51) 1314
Sa(0,3,52) 1315
Sa(1,0,52) 1316
Sa(2,4,52) 1317
Sa(3,0,52) 1318
Sa(4,1,52) 1319
Sa(5,0,52) 1320
Eb(0,3,43) 1321
Sa(0,3,1) 1322
Sa(0,3,0) 1323
Sa(0,3,2) 1324
Sa(0,3,3) 1325
Sa(0,3,4) 1326
Sa(0,3,5) 1327
Eb(0,3,0) 1328
Eb(0,3,1) 1329
Eb(0,3,2) 1330
Eb(0,3,3) 1331
Eb(0,3,4) 1332
Eb(0,3,5) 1333
Eb(0,3,6) 1334
Eb(0,3,7) 1335
Eb(0,3,8) 1336
Eb(0,3,9) 1337
Eb(0,3,10) 1338
Eb(0,3,11) 1339
Eb(0,3,12) 1340
Eb(0,3,13) 1341
Eb(0,3,14) 1342
Eb(0,3,15) 1343
Eb(0,3,16) 1344
Eb(0,3,17) 1345
Eb(0,3,18) 1346
Eb(0,3,19) 1347
Eb(0,3,20) 1348
Eb(0,3,21) 1349
Eb(0,3,22) 1350
Eb(0,3,23) 1351
Eb(0,3,24) 1352
Eb(0,3,25) 1353
Eb(0,3,26) 1354
Eb(0,3,27) 1355
Eb(0,3,28) 1356
Eb(0,3,29) 1357
Eb(0,3,30) 1358
Eb(0,3,31) 1359
Eb(0,3,32) 1360
Eb(0,3,33) 1361
Eb(0,3,34) 1362
Eb(0,3,35) 1363
Eb(0,3,36) 1364
Eb(0,3,37) 1365
Eb(0,3,38) 1366
Eb(0,3,39) 1367
Eb(0,3,40) 1368
Eb(0,3,41) 1369
Eb(0,3,42) 1370
Eb(0,3,44) 1371
Eb(0,3,45) 1372
Eb(0,3,46) 1373
Eb(0,3,47) 1374
Eb(0,3,48) 1375
Eb(0,3,49) 1376
Eb(0,3,50) 1377
Eb(0,3,51) 1378
Eb(0,3,52) 1379
Sa(0,4,7) 1380
Sa(1,5,7) 1381
Sa(2,1,7) 1382
Sa(3,3,7) 1383
Sa(4,5,7) 1384
Sa(5,1,7) 1385
Sa(0,4,8) 1386
Sa(1,5,8) 1387
Sa(2,1,8) 1388
Sa(3,3,8) 1389
Sa(4,5,8) 1390
Sa(5,1,8) 1391
Sa(0,4,9) 1392
Sa(1,5,9) 1393
Sa(2,1,9) 1394
Sa(3,3,9) 1395
Sa(4,5,9) 1396
Sa(5,1,9) 1397
Sa(0,4,10) 1398
Sa(1,5,10) 1399
Sa(2,1,10) 1400
Sa(3,3,10) 1401
Sa(4,5,10) 1402
Sa(5,1,10) 1403
Sa(0,4,11) 1404
Sa(1,5,11) 1405
Sa(2,1,11) 1406
Sa(3,3,11) 1407
Sa(4,5,11) 1408
Sa(5,1,11) 1409
Sa(0,4,12) 1410
Sa(1,5,12) 1411
Sa(2,1,12) 1412
Sa(3,3,12) 1413
Sa(4,5,12) 1414
Sa(5,1,12) 1415
Sa(0,4,13) 1416
Sa(1,5,13) 1417
Sa(2,1,13) 1418
Sa(3,3,13) 1419
Sa(4,5,13) 1420
Sa(5,1,13) 1421
Sa(0,4,14) 1422
Sa(1,5,14) 1423
Sa(2,1,14) 1424
Sa(3,3,14) 1425
Sa(4,5,14) 1426
Sa(5,1,14) 1427
Sa(0,4,15) 1428
Sa(1,5,15) 1429
Sa(2,1,15) 1430
Sa(3,3,15) 1431
Sa(4,5,15) 1432
Sa(5,1,15) 1433
Sa(0,4,16) 1434
Sa(1,5,16) 1435
Sa(2,1,16) 1436
Sa(3,3,16) 1437
Sa(4,5,16) 1438
Sa(5,1,16) 1439
Sa(0,4,17) 1440
Sa(1,5,17) 1441
Sa(2,1,17) 1442
Sa(3,3,17) 1443
Sa(4,5,17) 1444
Sa(5,1,17) 1445
Sa(0,4,18) 1446
Sa(1,5,18) 1447
Sa(2,1,18) 1448
Sa(3,3,18) 1449
Sa(4,5,18) 1450
Sa(5,1,18) 1451
Sa(0,4,19) 1452
Sa(1,5,19) 1453
Sa(2,1,19) 1454
Sa(3,3,19) 1455
Sa(4,5,19) 1456
Sa(5,1,19) 1457
Sa(0,4,20) 1458
Sa(1,5,20) 1459
Sa(2,1,20) 1460
Sa(3,3,20) 1461
Sa(4,5,20) 1462
Sa(5,1,20) 1463
Sa(0,4,21) 1464
Sa(1,5,21) 1465
Sa(2,1,21) 1466
Sa(3,3,21) 1467
Sa(4,5,21) 1468
Sa(5,1,21) 1469
Sa(0,4,22) 1470
Sa(1,5,22) 1471
Sa(2,1,22) 1472
Sa(3,3,22) 1473
Sa(4,5,22) 1474
Sa(5,1,22) 1475
Sa(0,4,23) 1476
Sa(1,5,23) 1477
Sa(2,1,23) 1478
Sa(3,3,23) 1479
Sa(4,5,23) 1480
Sa(5,1,23) 1481
Sa(0,4,24) 1482
Sa(1,5,24) 1483
Sa(2,1,24) 1484
Sa(3,3,24) 1485
Sa(4,5,24) 1486
Sa(5,1,24) 1487
Sa(0,4,25) 1488
Sa(1,5,25) 1489
Sa(2,1,25) 1490
Sa(3,3,25) 1491
Sa(4,5,25) 1492
Sa(5,1,25) 1493
Sa(0,4,26) 1494
Sa(1,5,26) 1495
Sa(2,1,26) 1496
Sa(3,3,26) 1497
Sa(4,5,26) 1498
Sa(5,1,26) 1499
Sa(0,4,27) 1500
Sa(1,5,27) 1501
Sa(2,1,27) 1502
Sa(3,3,27) 1503
Sa(4,5,27) 1504
Sa(5,1,27) 1505
Sa(0,4,28) 1506
Sa(1,5,28) 1507
Sa(2,1,28) 1508
Sa(3,3,28) 1509
Sa(4,5,28) 1510
Sa(5,1,28) 1511
Sa(0,4,29) 1512
Sa(1,5,29) 1513
Sa(2,1,29) 1514
Sa(3,3,29) 1515
Sa(4,5,29) 1516
Sa(5,1,29) 1517
Sa(0,4,30) 1518
Sa(1,5,30) 1519
Sa(2,1,30) 1520
Sa(3,3,30) 1521
Sa(4,5,30) 1522
Sa(5,1,30) 1523
Sa(0,4,31) 1524
Sa(1,5,31) 1525
Sa(2,1,31) 1526
Sa(3,3,31) 1527
Sa(4,5,31) 1528
Sa(5,1,31) 1529
Sa(0,4,32) 1530
Sa(1,5,32) 1531
Sa(2,1,32) 1532
Sa(3,3,32) 1533
Sa(4,5,32) 1534
Sa(5,1,32) 1535
Sa(0,4,33) 1536
Sa(1,5,33) 1537
Sa(2,1,33) 1538
Sa(3,3,33) 1539
Sa(4,5,33) 1540
Sa(5,1,33) 1541
Sa(0,4,34) 1542
Sa(1,5,34) 1543
Sa(2,1,34) 1544
Sa(3,3,34) 1545
Sa(4,5,34) 1546
Sa(5,1,34) 1547
Sa(0,4,35) 1548
Sa(1,5,35) 1549
Sa(2,1,35) 1550
Sa(3,3,35) 1551
Sa(4,5,35) 1552
Sa(5,1,35) 1553
Sa(0,4,36) 1554
Sa(1,5,36) 1555
Sa(2,1,36) 1556
Sa(3,3,36) 1557
Sa(4,5,36) 1558
Sa(5,1,36) 1559
Sa(0,4,37) 1560
Sa(1,5,37) 1561
Sa(2,1,37) 1562
Sa(3,3,37) 1563
Sa(4,5,37) 1564
Sa(5,1,37) 1565
Sa(0,4,38) 1566
Sa(1,5,38) 1567
Sa(2,1,38) 1568
Sa(3,3,38) 1569
Sa(4,5,38) 1570
Sa(5,1,38) 1571
Sa(0,4,39) 1572
Sa(1,5,39) 1573
Sa(2,1,39) 1574
Sa(3,3,39) 1575
Sa(4,5,39) 1576
Sa(5,1,39) 1577
Sa(0,4,40) 1578
Sa(1,5,40) 1579
Sa(2,1,40) 1580
Sa(3,3,40) 1581
Sa(4,5,40) 1582
Sa(5,1,40) 1583
Sa(0,4,41) 1584
Sa(1,5,41) 1585
Sa(2,1,41) 1586
Sa(3,3,41) 1587
Sa(4,5,41) 1588
Sa(5,1,41) 1589
Sa(0,4,42) 1590
Sa(1,5,42) 1591
Sa(2,1,42) 1592
Sa(3,3,42) 1593
Sa(4,5,42) 1594
Sa(5,1,42) 1595
Sa(0,4,43) 1596
Sa(1,5,43) 1597
Sa(2,1,43) 1598
Sa(3,3,43) 1599
Sa(4,5,43) 1600
Sa(5,1,43) 1601
Sa(0,4,44) 1602
Sa(1,5,44) 1603
Sa(2,1,44) 1604
Sa(3,3,44) 1605
Sa(4,5,44) 1606
Sa(5,1,44) 1607
Sa(0,4,45) 1608
Sa(1,5,45) 1609
Sa(2,1,45) 1610
Sa(3,3,45) 1611
Sa(4,5,45) 1612
Sa(5,1,45) 1613
Sa(0,4,46) 1614
Sa(1,5,46) 1615
Sa(2,1,46) 1616
Sa(3,3,46) 1617
Sa(4,5,46) 1618
Sa(5,1,46) 1619
Sa(0,4,47) 1620
Sa(1,5,47) 1621
Sa(2,1,47) 1622
Sa(3,3,47) 1623
Sa(4,5,47) 1624
Sa(5,1,47) 1625
Sa(0,4,48) 1626
Sa(1,5,48) 1627
Sa(2,1,48) 1628
Sa(3,3,48) 1629
Sa(4,5,48) 1630
Sa(5,1,48) 1631
Sa(0,4,49) 1632
Sa(1,5,49) 1633
Sa(2,1,49) 1634
Sa(3,3,49) 1635
Sa(4,5,49) 1636
Sa(5,1,49) 1637
Sa(0,4,50) 1638
Sa(1,5,50) 1639
Sa(2,1,50) 1640
Sa(3,3,50) 1641
Sa(4,5,50) 1642
Sa(5,1,50) 1643
Sa(0,4,51) 1644
Sa(1,5,51) 1645
Sa(2,1,51) 1646
Sa(3,3,51) 1647
Sa(4,5,51) 1648
Sa(5,1,51) 1649
Sa(0,4,52) 1650
Sa(1,5,52) 1651
Sa(2,1,52) 1652
Sa(3,3,52) 1653
Sa(4,5,52) 1654
Sa(5,1,52) 1655
Eb(0,4,46) 1656
Sa(0,4,1) 1657
Sa(0,4,0) 1658
Sa(0,4,2) 1659
Sa(0,4,3) 1660
Sa(0,4,4) 1661
Sa(0,4,5) 1662
Sa(0,4,6) 1663
Eb(0,4,0) 1664
Eb(0,4,1) 1665
Eb(0,4,2) 1666
Eb(0,4,3) 1667
Eb(0,4,4) 1668
Eb(0,4,5) 1669
Eb(0,4,6) 1670
Eb(0,4,7) 1671
Eb(0,4,8) 1672
Eb(0,4,9) 1673
Eb(0,4,10) 1674
Eb(0,4,11) 1675
Eb(0,4,12) 1676
Eb(0,4,13) 1677
Eb(0,4,14) 1678
Eb(0,4,15) 1679
Eb(0,4,16) 1680
Eb(0,4,17) 1681
Eb(0,4,18) 1682
Eb(0,4,19) 1683
Eb(0,4,20) 1684
Eb(0,4,21) 1685
Eb(0,4,22) 1686
Eb(0,4,23) 1687
Eb(0,4,24) 1688
Eb(0,4,25) 1689
Eb(0,4,26) 1690
Eb(0,4,27) 1691
Eb(0,4,28) 1692
Eb(0,4,29) 1693
Eb(0,4,30) 1694
Eb(0,4,31) 1695
Eb(0,4,32) 1696
Eb(0,4,33) 1697
Eb(0,4,34) 1698
Eb(0,4,35) 1699
Eb(0,4,36) 1700
Eb(0,4,37) 1701
Eb(0,4,38) 1702
Eb(0,4,39) 1703
Eb(0,4,40) 1704
Eb(0,4,41) 1705
Eb(0,4,42) 1706
Eb(0,4,43) 1707
Eb(0,4,44) 1708
Eb(0,4,45) 1709
Eb(0,4,47) 1710
Eb(0,4,48) 1711
Eb(0,4,49) 1712
Eb(0,4,50) 1713
Eb(0,4,51) 1714
Eb(0,4,52) 1715
Sa(0,5,3) 1716
Sa(1,3,3) 1717
Sa(2,2,3) 1718
Sa(3,5,3) 1719
Sa(4,3,3) 1720
Sa(5,2,3) 1721
Sa(0,5,4) 1722
Sa(1,3,4) 1723
Sa(2,2,4) 1724
Sa(3,5,4) 1725
Sa(4,3,4) 1726
Sa(5,2,4) 1727
Sa(0,5,5) 1728
Sa(1,3,5) 1729
Sa(2,2,5) 1730
Sa(3,5,5) 1731
Sa(4,3,5) 1732
Sa(5,2,5) 1733
Sa(0,5,6) 1734
Sa(1,3,6) 1735
Sa(2,2,6) 1736
Sa(3,5,6) 1737
Sa(4,3,6) 1738
Sa(5,2,6) 1739
Sa(0,5,7) 1740
Sa(1,3,7) 1741
Sa(2,2,7) 1742
Sa(3,5,7) 1743
Sa(4,3,7) 1744
Sa(5,2,7) 1745
Sa(0,5,8) 1746
Sa(1,3,8) 1747
Sa(2,2,8) 1748
Sa(3,5,8) 1749
Sa(4,3,8) 1750
Sa(5,2,8) 1751
Sa(0,5,9) 1752
Sa(1,3,9) 1753
Sa(2,2,9) 1754
Sa(3,5,9) 1755
Sa(4,3,9) 1756
Sa(5,2,9) 1757
Sa(0,5,10) 1758
Sa(1,3,10) 1759
Sa(2,2,10) 1760
Sa(3,5,10) 1761
Sa(4,3,10) 1762
Sa(5,2,10) 1763
Sa(0,5,11) 1764
Sa(1,3,11) 1765
Sa(2,2,11) 1766
Sa(3,5,11) 1767
Sa(4,3,11) 1768
Sa(5,2,11) 1769
Sa(0,5,12) 1770
Sa(1,3,12) 1771
Sa(2,2,12) 1772
Sa(3,5,12) 1773
Sa(4,3,12) 1774
Sa(5,2,12) 1775
Sa(0,5,13) 1776
Sa(1,3,13) 1777
Sa(2,2,13) 1778
Sa(3,5,13) 1779
Sa(4,3,13) 1780
Sa(5,2,13) 1781
Sa(0,5,14) 1782
Sa(1,3,14) 1783
Sa(2,2,14) 1784
Sa(3,5,14) 1785
Sa(4,3,14) 1786
Sa(5,2,14) 1787
Sa(0,5,15) 1788
Sa(1,3,15) 1789
Sa(2,2,15) 1790
Sa(3,5,15) 1791
Sa(4,3,15) 1792
Sa(5,2,15) 1793
Sa(0,5,16) 1794
Sa(1,3,16) 1795
Sa(2,2,16) 1796
Sa(3,5,16) 1797
Sa(4,3,16) 1798
Sa(5,2,16) 1799
Sa(0,5,17) 1800
Sa(1,3,17) 1801
Sa(2,2,17) 1802
Sa(3,5,17) 1803
Sa(4,3,17) 1804
Sa(5,2,17) 1805
Sa(0,5,18) 1806
Sa(1,3,18) 1807
Sa(2,2,18) 1808
Sa(3,5,18) 1809
Sa(4,3,18) 1810
Sa(5,2,18) 1811
Sa(0,5,19) 1812
Sa(1,3,19) 1813
Sa(2,2,19) 1814
Sa(3,5,19) 1815
Sa(4,3,19) 1816
Sa(5,2,19) 1817
Sa(0,5,20) 1818
Sa(1,3,20) 1819
Sa(2,2,20) 1820
Sa(3,5,20) 1821
Sa(4,3,20) 1822
Sa(5,2,20) 1823
Sa(0,5,21) 1824
Sa(1,3,21) 1825
Sa(2,2,21) 1826
Sa(3,5,21) 1827
Sa(4,3,21) 1828
Sa(5,2,21) 1829
Sa(0,5,22) 1830
Sa(1,3,22) 1831
Sa(2,2,22) 1832
Sa(3,5,22) 1833
Sa(4,3,22) 1834
Sa(5,2,22) 1835
Sa(0,5,23) 1836
Sa(1,3,23) 1837
Sa(2,2,23) 1838
Sa(3,5,23) 1839
Sa(4,3,23) 1840
Sa(5,2,23) 1841
Sa(0,5,24) 1842
Sa(1,3,24) 1843
Sa(2,2,24) 1844
Sa(3,5,24) 1845
Sa(4,3,24) 1846
Sa(5,2,24) 1847
Sa(0,5,25) 1848
Sa(1,3,25) 1849
Sa(2,2,25) 1850
Sa(3,5,25) 1851
Sa(4,3,25) 1852
Sa(5,2,25) 1853
Sa(0,5,26) 1854
Sa(1,3,26) 1855
Sa(2,2,26) 1856
Sa(3,5,26) 1857
Sa(4,3,26) 1858
Sa(5,2,26) 1859
Sa(0,5,27) 1860
Sa(1,3,27) 1861
Sa(2,2,27) 1862
Sa(3,5,27) 1863
Sa(4,3,27) 1864
Sa(5,2,27) 1865
Sa(0,5,28) 1866
Sa(1,3,28) 1867
Sa(2,2,28) 1868
Sa(3,5,28) 1869
Sa(4,3,28) 1870
Sa(5,2,28) 1871
Sa(0,5,29) 1872
Sa(1,3,29) 1873
Sa(2,2,29) 1874
Sa(3,5,29) 1875
Sa(4,3,29) 1876
Sa(5,2,29) 1877
Sa(0,5,30) 1878
Sa(1,3,30) 1879
Sa(2,2,30) 1880
Sa(3,5,30) 1881
Sa(4,3,30) 1882
Sa(5,2,30) 1883
Sa(0,5,31) 1884
Sa(1,3,31) 1885
Sa(2,2,31) 1886
Sa(3,5,31) 1887
Sa(4,3,31) 1888
Sa(5,2,31) 1889
Sa(0,5,32) 1890
Sa(1,3,32) 1891
Sa(2,2,32) 1892
Sa(3,5,32) 1893
Sa(4,3,32) 1894
Sa(5,2,32) 1895
Sa(0,5,33) 1896
Sa(1,3,33) 1897
Sa(2,2,33) 1898
Sa(3,5,33) 1899
Sa(4,3,33) 1900
Sa(5,2,33) 1901
Sa(0,5,34) 1902
Sa(1,3,34) 1903
Sa(2,2,34) 1904
Sa(3,5,34) 1905
Sa(4,3,34) 1906
Sa(5,2,34) 1907
Sa(0,5,35) 1908
Sa(1,3,35) 1909
Sa(2,2,35) 1910
Sa(3,5,35) 1911
Sa(4,3,35) 1912
Sa(5,2,35) 1913
Sa(0,5,36) 1914
Sa(1,3,36) 1915
Sa(2,2,36) 1916
Sa(3,5,36) 1917
Sa(4,3,36) 1918
Sa(5,2,36) 1919
Sa(0,5,37) 1920
Sa(1,3,37) 1921
Sa(2,2,37) 1922
Sa(3,5,37) 1923
Sa(4,3,37) 1924
Sa(5,2,37) 1925
Sa(0,5,38) 1926
Sa(1,3,38) 1927
Sa(2,2,38) 1928
Sa(3,5,38) 1929
Sa(4,3,38) 1930
Sa(5,2,38) 1931
Sa(0,5,39) 1932
Sa(1,3,39) 1933
Sa(2,2,39) 1934
Sa(3,5,39) 1935
Sa(4,3,39) 1936
Sa(5,2,39) 1937
Sa(0,5,40) 1938
Sa(1,3,40) 1939
Sa(2,2,40) 1940
Sa(3,5,40) 1941
Sa(4,3,40) 1942
Sa(5,2,40) 1943
Sa(0,5,41) 1944
Sa(1,3,41) 1945
Sa(2,2,41) 1946
Sa(3,5,41) 1947
Sa(4,3,41) 1948
Sa(5,2,41) 1949
Sa(0,5,42) 1950
Sa(1,3,42) 1951
Sa(2,2,42) 1952
Sa(3,5,42) 1953
Sa(4,3,42) 1954
Sa(5,2,42) 1955
Sa(0,5,43) 1956
Sa(1,3,43) 1957
Sa(2,2,43) 1958
Sa(3,5,43) 1959
Sa(4,3,43) 1960
Sa(5,2,43) 1961
Sa(0,5,44) 1962
Sa(1,3,44) 1963
Sa(2,2,44) 1964
Sa(3,5,44) 1965
Sa(4,3,44) 1966
Sa(5,2,44) 1967
Sa(0,5,45) 1968
Sa(1,3,45) 1969
Sa(2,2,45) 1970
Sa(3,5,45) 1971
Sa(4,3,45) 1972
Sa(5,2,45) 1973
Sa(0,5,46) 1974
Sa(1,3,46) 1975
Sa(2,2,46) 1976
Sa(3,5,46) 1977
Sa(4,3,46) 1978
Sa(5,2,46) 1979
Sa(0,5,47) 1980
Sa(1,3,47) 1981
Sa(2,2,47) 1982
Sa(3,5,47) 1983
Sa(4,3,47) 1984
Sa(5,2,47) 1985
Sa(0,5,48) 1986
Sa(1,3,48) 1987
Sa(2,2,48) 1988
Sa(3,5,48) 1989
Sa(4,3,48) 1990
Sa(5,2,48) 1991
Sa(0,5,49) 1992
Sa(1,3,49) 1993
Sa(2,2,49) 1994
Sa(3,5,49) 1995
Sa(4,3,49) 1996
Sa(5,2,49) 1997
Sa(0,5,50) 1998
Sa(1,3,50) 1999
Sa(2,2,50) 2000
Sa(3,5,50) 2001
Sa(4,3,50) 2002
Sa(5,2,50) 2003
Sa(0,5,51) 2004
Sa(1,3,51) 2005
Sa(2,2,51) 2006
Sa(3,5,51) 2007
Sa(4,3,51) 2008
Sa(5,2,51) 2009
Sa(0,5,52) 2010
Sa(1,3,52) 2011
Sa(2,2,52) 2012
Sa(3,5,52) 2013
Sa(4,3,52) 2014
Sa(5,2,52) 2015
Eb(0,5,52) 2016
Sa(0,5,1) 2017
Sa(0,5,0) 2018
Sa(0,5,2) 2019
Eb(0,5,0) 2020
Eb(0,5,1) 2021
Eb(0,5,2) 2022
Eb(0,5,3) 2023
Eb(0,5,4) 2024
Eb(0,5,5) 2025
Eb(0,5,6) 2026
Eb(0,5,7) 2027
Eb(0,5,8) 2028
Eb(0,5,9) 2029
Eb(0,5,10) 2030
Eb(0,5,11) 2031
Eb(0,5,12) 2032
Eb(0,5,13) 2033
Eb(0,5,14) 2034
Eb(0,5,15) 2035
Eb(0,5,16) 2036
Eb(0,5,17) 2037
Eb(0,5,18) 2038
Eb(0,5,19) 2039
Eb(0,5,20) 2040
Eb(0,5,21) 2041
Eb(0,5,22) 2042
Eb(0,5,23) 2043
Eb(0,5,24) 2044
Eb(0,5,25) 2045
Eb(0,5,26) 2046
Eb(0,5,27) 2047
Eb(0,5,28) 2048
Eb(0,5,29) 2049
Eb(0,5,30) 2050
Eb(0,5,31) 2051
Eb(0,5,32) 2052
Eb(0,5,33) 2053
Eb(0,5,34) 2054
Eb(0,5,35) 2055
Eb(0,5,36) 2056
Eb(0,5,37) 2057
Eb(0,5,38) 2058
Eb(0,5,39) 2059
Eb(0,5,40) 2060
Eb(0,5,41) 2061
Eb(0,5,42) 2062
Eb(0,5,43) 2063
Eb(0,5,44) 2064
Eb(0,5,45) 2065
Eb(0,5,46) 2066
Eb(0,5,47) 2067
Eb(0,5,48) 2068
Eb(0,5,49) 2069
Eb(0,5,50) 2070
Eb(0,5,51) 2071
Sa(1,2,6) 2072
Sa(2,5,6) 2073
Sa(3,4,6) 2074
Sa(4,2,6) 2075
Sa(5,4,6) 2076
Sa(1,2,7) 2077
Sa(2,5,7) 2078
Sa(3,4,7) 2079
Sa(4,2,7) 2080
Sa(5,4,7) 2081
Sa(1,2,8) 2082
Sa(2,5,8) 2083
Sa(3,4,8) 2084
Sa(4,2,8) 2085
Sa(5,4,8) 2086
Sa(1,2,9) 2087
Sa(2,5,9) 2088
Sa(3,4,9) 2089
Sa(4,2,9) 2090
Sa(5,4,9) 2091
Sa(1,2,10) 2092
Sa(2,5,10) 2093
Sa(3,4,10) 2094
Sa(4,2,10) 2095
Sa(5,4,10) 2096
Sa(1,2,11) 2097
Sa(2,5,11) 2098
Sa(3,4,11) 2099
Sa(4,2,11) 2100
Sa(5,4,11) 2101
Sa(1,2,12) 2102
Sa(2,5,12) 2103
Sa(3,4,12) 2104
Sa(4,2,12) 2105
Sa(5,4,12) 2106
Sa(1,2,13) 2107
Sa(2,5,13) 2108
Sa(3,4,13) 2109
Sa(4,2,13) 2110
Sa(5,4,13) 2111
Sa(1,2,14) 2112
Sa(2,5,14) 2113
Sa(3,4,14) 2114
Sa(4,2,14) 2115
Sa(5,4,14) 2116
Sa(1,2,15) 2117
Sa(2,5,15) 2118
Sa(3,4,15) 2119
Sa(4,2,15) 2120
Sa(5,4,15) 2121
Sa(1,2,16) 2122
Sa(2,5,16) 2123
Sa(3,4,16) 2124
Sa(4,2,16) 2125
Sa(5,4,16) 2126
Sa(1,2,17) 2127
Sa(2,5,17) 2128
Sa(3,4,17) 2129
Sa(4,2,17) 2130
Sa(5,4,17) 2131
Sa(1,2,18) 2132
Sa(2,5,18) 2133
Sa(3,4,18) 2134
Sa(4,2,18) 2135
Sa(5,4,18) 2136
Sa(1,2,19) 2137
Sa(2,5,19) 2138
Sa(3,4,19) 2139
Sa(4,2,19) 2140
Sa(5,4,19) 2141
Sa(1,2,20) 2142
Sa(2,5,20) 2143
Sa(3,4,20) 2144
Sa(4,2,20) 2145
Sa(5,4,20) 2146
Sa(1,2,21) 2147
Sa(2,5,21) 2148
Sa(3,4,21) 2149
Sa(4,2,21) 2150
Sa(5,4,21) 2151
Sa(1,2,22) 2152
Sa(2,5,22) 2153
Sa(3,4,22) 2154
Sa(4,2,22) 2155
Sa(5,4,22) 2156
Sa(1,2,23) 2157
Sa(2,5,23) 2158
Sa(3,4,23) 2159
Sa(4,2,23) 2160
Sa(5,4,23) 2161
Sa(1,2,24) 2162
Sa(2,5,24) 2163
Sa(3,4,24) 2164
Sa(4,2,24) 2165
Sa(5,4,24) 2166
Sa(1,2,25) 2167
Sa(2,5,25) 2168
Sa(3,4,25) 2169
Sa(4,2,25) 2170
Sa(5,4,25) 2171
Sa(1,2,26) 2172
Sa(2,5,26) 2173
Sa(3,4,26) 2174
Sa(4,2,26) 2175
Sa(5,4,26) 2176
Sa(1,2,27) 2177
Sa(2,5,27) 2178
Sa(3,4,27) 2179
Sa(4,2,27) 2180
Sa(5,4,27) 2181
Sa(1,2,28) 2182
Sa(2,5,28) 2183
Sa(3,4,28) 2184
Sa(4,2,28) 2185
Sa(5,4,28) 2186
Sa(1,2,29) 2187
Sa(2,5,29) 2188
Sa(3,4,29) 2189
Sa(4,2,29) 2190
Sa(5,4,29) 2191
Sa(1,2,30) 2192
Sa(2,5,30) 2193
Sa(3,4,30) 2194
Sa(4,2,30) 2195
Sa(5,4,30) 2196
Sa(1,2,31) 2197
Sa(2,5,31) 2198
Sa(3,4,31) 2199
Sa(4,2,31) 2200
Sa(5,4,31) 2201
Sa(1,2,32) 2202
Sa(2,5,32) 2203
Sa(3,4,32) 2204
Sa(4,2,32) 2205
Sa(5,4,32) 2206
Sa(1,2,33) 2207
Sa(2,5,33) 2208
Sa(3,4,33) 2209
Sa(4,2,33) 2210
Sa(5,4,33) 2211
Sa(1,2,34) 2212
Sa(2,5,34) 2213
Sa(3,4,34) 2214
Sa(4,2,34) 2215
Sa(5,4,34) 2216
Sa(1,2,35) 2217
Sa(2,5,35) 2218
Sa(3,4,35) 2219
Sa(4,2,35) 2220
Sa(5,4,35) 2221
Sa(1,2,36) 2222
Sa(2,5,36) 2223
Sa(3,4,36) 2224
Sa(4,2,36) 2225
Sa(5,4,36) 2226
Sa(1,2,37) 2227
Sa(2,5,37) 2228
Sa(3,4,37) 2229
Sa(4,2,37) 2230
Sa(5,4,37) 2231
Sa(1,2,38) 2232
Sa(2,5,38) 2233
Sa(3,4,38) 2234
Sa(4,2,38) 2235
Sa(5,4,38) 2236
Sa(1,2,39) 2237
Sa(2,5,39) 2238
Sa(3,4,39) 2239
Sa(4,2,39) 2240
Sa(5,4,39) 2241
Sa(1,2,40) 2242
Sa(2,5,40) 2243
Sa(3,4,40) 2244
Sa(4,2,40) 2245
Sa(5,4,40) 2246
Sa(1,2,41) 2247
Sa(2,5,41) 2248
Sa(3,4,41) 2249
Sa(4,2,41) 2250
Sa(5,4,41) 2251
Sa(1,2,42) 2252
Sa(2,5,42) 2253
Sa(3,4,42) 2254
Sa(4,2,42) 2255
Sa(5,4,42) 2256
Sa(1,2,43) 2257
Sa(2,5,43) 2258
Sa(3,4,43) 2259
Sa(4,2,43) 2260
Sa(5,4,43) 2261
Sa(1,2,44) 2262
Sa(2,5,44) 2263
Sa(3,4,44) 2264
Sa(4,2,44) 2265
Sa(5,4,44) 2266
Sa(1,2,45) 2267
Sa(2,5,45) 2268
Sa(3,4,45) 2269
Sa(4,2,45) 2270
Sa(5,4,45) 2271
Sa(1,2,46) 2272
Sa(2,5,46) 2273
Sa(3,4,46) 2274
Sa(4,2,46) 2275
Sa(5,4,46) 2276
Sa(1,2,47) 2277
Sa(2,5,47) 2278
Sa(3,4,47) 2279
Sa(4,2,47) 2280
Sa(5,4,47) 2281
Sa(1,2,48) 2282
Sa(2,5,48) 2283
Sa(3,4,48) 2284
Sa(4,2,48) 2285
Sa(5,4,48) 2286
Sa(1,2,49) 2287
Sa(2,5,49) 2288
Sa(3,4,49) 2289
Sa(4,2,49) 2290
Sa(5,4,49) 2291
Sa(1,2,50) 2292
Sa(2,5,50) 2293
Sa(3,4,50) 2294
Sa(4,2,50) 2295
Sa(5,4,50) 2296
Sa(1,2,51) 2297
Sa(2,5,51) 2298
Sa(3,4,51) 2299
Sa(4,2,51) 2300
Sa(5,4,51) 2301
Sa(1,2,52) 2302
Sa(2,5,52) 2303
Sa(3,4,52) 2304
Sa(4,2,52) 2305
Sa(5,4,52) 2306
Sa(1,0,0) 2307
Eb(1,0,13) 2308
Sa(1,0,1) 2309
Sa(1,0,2) 2310
Sa(1,0,3) 2311
Sa(1,0,4) 2312
Sa(1,0,5) 2313
Eb(1,0,0) 2314
Eb(1,0,1) 2315
Eb(1,0,2) 2316
Eb(1,0,3) 2317
Eb(1,0,4) 2318
Eb(1,0,5) 2319
Eb(1,0,6) 2320
Eb(1,0,7) 2321
Eb(1,0,8) 2322
Eb(1,0,9) 2323
Eb(1,0,10) 2324
Eb(1,0,11) 2325
Eb(1,0,12) 2326
Eb(1,0,14) 2327
Eb(1,0,15) 2328
Eb(1,0,16) 2329
Eb(1,0,17) 2330
Eb(1,0,18) 2331
Eb(1,0,19) 2332
Eb(1,0,20) 2333
Eb(1,0,21) 2334
Eb(1,0,22) 2335
Eb(1,0,23) 2336
Eb(1,0,24) 2337
Eb(1,0,25) 2338
Eb(1,0,26) 2339
Eb(1,0,27) 2340
Eb(1,0,28) 2341
Eb(1,0,29) 2342
Eb(1,0,30) 2343
Eb(1,0,31) 2344
Eb(1,0,32) 2345
Eb(1,0,33) 2346
Eb(1,0,34) 2347
Eb(1,0,35) 2348
Eb(1,0,36) 2349
Eb(1,0,37) 2350
Eb(1,0,38) 2351
Eb(1,0,39) 2352
Eb(1,0,40) 2353
Eb(1,0,41) 2354
Eb(1,0,42) 2355
Eb(1,0,43) 2356
Eb(1,0,44) 2357
Eb(1,0,45) 2358
Eb(1,0,46) 2359
Eb(1,0,47) 2360
Eb(1,0,48) 2361
Eb(1,0,49) 2362
Eb(1,0,50) 2363
Eb(1,0,51) 2364
Eb(1,0,52) 2365
Eb(1,1,18) 2366
Sa(1,1,0) 2367
Eb(1,1,0) 2368
Eb(1,1,1) 2369
Eb(1,1,2) 2370
Eb(1,1,3) 2371
Eb(1,1,4) 2372
Eb(1,1,5) 2373
Eb(1,1,6) 2374
Eb(1,1,7) 2375
Eb(1,1,8) 2376
Eb(1,1,9) 2377
Eb(1,1,10) 2378
Eb(1,1,11) 2379
Eb(1,1,12) 2380
Eb(1,1,13) 2381
Eb(1,1,14) 2382
Eb(1,1,15) 2383
Eb(1,1,16) 2384
Eb(1,1,17) 2385
Eb(1,1,19) 2386
Eb(1,1,20) 2387
Eb(1,1,21) 2388
Eb(1,1,22) 2389
Eb(1,1,23) 2390
Eb(1,1,24) 2391
Eb(1,1,25) 2392
Eb(1,1,26) 2393
Eb(1,1,27) 2394
Eb(1,1,28) 2395
Eb(1,1,29) 2396
Eb(1,1,30) 2397
Eb(1,1,31) 2398
Eb(1,1,32) 2399
Eb(1,1,33) 2400
Eb(1,1,34) 2401
Eb(1,1,35) 2402
Eb(1,1,36) 2403
Eb(1,1,37) 2404
Eb(1,1,38) 2405
Eb(1,1,39) 2406
Eb(1,1,40) 2407
Eb(1,1,41) 2408
Eb(1,1,42) 2409
Eb(1,1,43) 2410
Eb(1,1,44) 2411
Eb(1,1,45) 2412
Eb(1,1,46) 2413
Eb(1,1,47) 2414
Eb(1,1,48) 2415
Eb(1,1,49) 2416
Eb(1,1,50) 2417
Eb(1,1,51) 2418
Eb(1,1,52) 2419
Sa(1,2,5) 2420
Eb(1,2,28) 2421
Sa(1,2,1) 2422
Sa(1,2,0) 2423
Sa(1,2,2) 2424
Sa(1,2,3) 2425
Sa(1,2,4) 2426
Eb(1,2,0) 2427
Eb(1,2,1) 2428
Eb(1,2,2) 2429
Eb(1,2,3) 2430
Eb(1,2,4) 2431
Eb(1,2,5) 2432
Eb(1,2,6) 2433
Eb(1,2,7) 2434
Eb(1,2,8) 2435
Eb(1,2,9) 2436
Eb(1,2,10) 2437
Eb(1,2,11) 2438
Eb(1,2,12) 2439
Eb(1,2,13) 2440
Eb(1,2,14) 2441
Eb(1,2,15) 2442
Eb(1,2,16) 2443
Eb(1,2,17) 2444
Eb(1,2,18) 2445
Eb(1,2,19) 2446
Eb(1,2,20) 2447
Eb(1,2,21) 2448
Eb(1,2,22) 2449
Eb(1,2,23) 2450
Eb(1,2,24) 2451
Eb(1,2,25) 2452
Eb(1,2,26) 2453
Eb(1,2,27) 2454
Eb(1,2,29) 2455
Eb(1,2,30) 2456
Eb(1,2,31) 2457
Eb(1,2,32) 2458
Eb(1,2,33) 2459
Eb(1,2,34) 2460
Eb(1,2,35) 2461
Eb(1,2,36) 2462
Eb(1,2,37) 2463
Eb(1,2,38) 2464
Eb(1,2,39) 2465
Eb(1,2,40) 2466
Eb(1,2,41) 2467
Eb(1,2,42) 2468
Eb(1,2,43) 2469
Eb(1,2,44) 2470
Eb(1,2,45) 2471
Eb(1,2,46) 2472
Eb(1,2,47) 2473
Eb(1,2,48) 2474
Eb(1,2,49) 2475
Eb(1,2,50) 2476
Eb(1,2,51) 2477
Eb(1,2,52) 2478
Eb(1,3,38) 2479
Sa(1,3,1) 2480
Sa(1,3,0) 2481
Sa(1,3,2) 2482
Eb(1,3,0) 2483
Eb(1,3,1) 2484
Eb(1,3,2) 2485
Eb(1,3,3) 2486
Eb(1,3,4) 2487
Eb(1,3,5) 2488
Eb(1,3,6) 2489
Eb(1,3,7) 2490
Eb(1,3,8) 2491
Eb(1,3,9) 2492
Eb(1,3,10) 2493
Eb(1,3,11) 2494
Eb(1,3,12) 2495
Eb(1,3,13) 2496
Eb(1,3,14) 2497
Eb(1,3,15) 2498
Eb(1,3,16) 2499
Eb(1,3,17) 2500
Eb(1,3,18) 2501
Eb(1,3,19) 2502
Eb(1,3,20) 2503
Eb(1,3,21) 2504
Eb(1,3,22) 2505
Eb(1,3,23) 2506
Eb(1,3,24) 2507
Eb(1,3,25) 2508
Eb(1,3,26) 2509
Eb(1,3,27) 2510
Eb(1,3,28) 2511
Eb(1,3,29) 2512
Eb(1,3,30) 2513
Eb(1,3,31) 2514
Eb(1,3,32) 2515
Eb(1,3,33) 2516
Eb(1,3,34) 2517
Eb(1,3,35) 2518
Eb(1,3,36) 2519
Eb(1,3,37) 2520
Eb(1,3,39) 2521
Eb(1,3,40) 2522
Eb(1,3,41) 2523
Eb(1,3,42) 2524
Eb(1,3,43) 2525
Eb(1,3,44) 2526
Eb(1,3,45) 2527
Eb(1,3,46) 2528
Eb(1,3,47) 2529
Eb(1,3,48) 2530
Eb(1,3,49) 2531
Eb(1,3,50) 2532
Eb(1,3,51) 2533
Eb(1,3,52) 2534
Eb(1,4,48) 2535
Sa(1,4,1) 2536
Sa(1,4,0) 2537
Sa(1,4,2) 2538
Eb(1,4,0) 2539
Eb(1,4,1) 2540
Eb(1,4,2) 2541
Eb(1,4,3) 2542
Eb(1,4,4) 2543
Eb(1,4,5) 2544
Eb(1,4,6) 2545
Eb(1,4,7) 2546
Eb(1,4,8) 2547
Eb(1,4,9) 2548
Eb(1,4,10) 2549
Eb(1,4,11) 2550
Eb(1,4,12) 2551
Eb(1,4,13) 2552
Eb(1,4,14) 2553
Eb(1,4,15) 2554
Eb(1,4,16) 2555
Eb(1,4,17) 2556
Eb(1,4,18) 2557
Eb(1,4,19) 2558
Eb(1,4,20) 2559
Eb(1,4,21) 2560
Eb(1,4,22) 2561
Eb(1,4,23) 2562
Eb(1,4,24) 2563
Eb(1,4,25) 2564
Eb(1,4,26) 2565
Eb(1,4,27) 2566
Eb(1,4,28) 2567
Eb(1,4,29) 2568
Eb(1,4,30) 2569
Eb(1,4,31) 2570
Eb(1,4,32) 2571
Eb(1,4,33) 2572
Eb(1,4,34) 2573
Eb(1,4,35) 2574
Eb(1,4,36) 2575
Eb(1,4,37) 2576
Eb(1,4,38) 2577
Eb(1,4,39) 2578
Eb(1,4,40) 2579
Eb(1,4,41) 2580
Eb(1,4,42) 2581
Eb(1,4,43) 2582
Eb(1,4,44) 2583
Eb(1,4,45) 2584
Eb(1,4,46) 2585
Eb(1,4,47) 2586
Eb(1,4,49) 2587
Eb(1,4,50) 2588
Eb(1,4,51) 2589
Eb(1,4,52) 2590
Eb(1,5,52) 2591
Sa(1,5,1) 2592
Sa(1,5,0) 2593
Sa(1,5,2) 2594
Sa(1,5,3) 2595
Sa(1,5,4) 2596
Sa(1,5,5) 2597
Sa(1,5,6) 2598
Eb(1,5,0) 2599
Eb(1,5,1) 2600
Eb(1,5,2) 2601
Eb(1,5,3) 2602
Eb(1,5,4) 2603
Eb(1,5,5) 2604
Eb(1,5,6) 2605
Eb(1,5,7) 2606
Eb(1,5,8) 2607
Eb(1,5,9) 2608
Eb(1,5,10) 2609
Eb(1,5,11) 2610
Eb(1,5,12) 2611
Eb(1,5,13) 2612
Eb(1,5,14) 2613
Eb(1,5,15) 2614
Eb(1,5,16) 2615
Eb(1,5,17) 2616
Eb(1,5,18) 2617
Eb(1,5,19) 2618
Eb(1,5,20) 2619
Eb(1,5,21) 2620
Eb(1,5,22) 2621
Eb(1,5,23) 2622
Eb(1,5,24) 2623
Eb(1,5,25) 2624
Eb(1,5,26) 2625
Eb(1,5,27) 2626
Eb(1,5,28) 2627
Eb(1,5,29) 2628
Eb(1,5,30) 2629
Eb(1,5,31) 2630
Eb(1,5,32) 2631
Eb(1,5,33) 2632
Eb(1,5,34) 2633
Eb(1,5,35) 2634
Eb(1,5,36) 2635
Eb(1,5,37) 2636
Eb(1,5,38) 2637
Eb(1,5,39) 2638
Eb(1,5,40) 2639
Eb(1,5,41) 2640
Eb(1,5,42) 2641
Eb(1,5,43) 2642
Eb(1,5,44) 2643
Eb(1,5,45) 2644
Eb(1,5,46) 2645
Eb(1,5,47) 2646
Eb(1,5,48) 2647
Eb(1,5,49) 2648
Eb(1,5,50) 2649
Eb(1,5,51) 2650
Sa(2,1,4) 2651
Sa(3,3,4) 2652
Sa(4,5,4) 2653
Sa(5,1,4) 2654
Sa(2,1,5) 2655
Sa(3,3,5) 2656
Sa(4,5,5) 2657
Sa(5,1,5) 2658
Sa(2,1,6) 2659
Sa(3,3,6) 2660
Sa(4,5,6) 2661
Sa(5,1,6) 2662
Sa(2,0,0) 2663
Eb(2,0,23) 2664
Eb(2,0,0) 2665
Eb(2,0,1) 2666
Eb(2,0,2) 2667
Eb(2,0,3) 2668
Eb(2,0,4) 2669
Eb(2,0,5) 2670
Eb(2,0,6) 2671
Eb(2,0,7) 2672
Eb(2,0,8) 2673
Eb(2,0,9) 2674
Eb(2,0,10) 2675
Eb(2,0,11) 2676
Eb(2,0,12) 2677
Eb(2,0,13) 2678
Eb(2,0,14) 2679
Eb(2,0,15) 2680
Eb(2,0,16) 2681
Eb(2,0,17) 2682
Eb(2,0,18) 2683
Eb(2,0,19) 2684
Eb(2,0,20) 2685
Eb(2,0,21) 2686
Eb(2,0,22) 2687
Eb(2,0,24) 2688
Eb(2,0,25) 2689
Eb(2,0,26) 2690
Eb(2,0,27) 2691
Eb(2,0,28) 2692
Eb(2,0,29) 2693
Eb(2,0,30) 2694
Eb(2,0,31) 2695
Eb(2,0,32) 2696
Eb(2,0,33) 2697
Eb(2,0,34) 2698
Eb(2,0,35) 2699
Eb(2,0,36) 2700
Eb(2,0,37) 2701
Eb(2,0,38) 2702
Eb(2,0,39) 2703
Eb(2,0,40) 2704
Eb(2,0,41) 2705
Eb(2,0,42) 2706
Eb(2,0,43) 2707
Eb(2,0,44) 2708
Eb(2,0,45) 2709
Eb(2,0,46) 2710
Eb(2,0,47) 2711
Eb(2,0,48) 2712
Eb(2,0,49) 2713
Eb(2,0,50) 2714
Eb(2,0,51) 2715
Eb(2,0,52) 2716
Eb(2,1,27) 2717
Sa(2,1,1) 2718
Sa(2,1,0) 2719
Sa(2,1,2) 2720
Sa(2,1,3) 2721
Eb(2,1,0) 2722
Eb(2,1,1) 2723
Eb(2,1,2) 2724
Eb(2,1,3) 2725
Eb(2,1,4) 2726
Eb(2,1,5) 2727
Eb(2,1,6) 2728
Eb(2,1,7) 2729
Eb(2,1,8) 2730
Eb(2,1,9) 2731
Eb(2,1,10) 2732
Eb(2,1,11) 2733
Eb(2,1,12) 2734
Eb(2,1,13) 2735
Eb(2,1,14) 2736
Eb(2,1,15) 2737
Eb(2,1,16) 2738
Eb(2,1,17) 2739
Eb(2,1,18) 2740
Eb(2,1,19) 2741
Eb(2,1,20) 2742
Eb(2,1,21) 2743
Eb(2,1,22) 2744
Eb(2,1,23) 2745
Eb(2,1,24) 2746
Eb(2,1,25) 2747
Eb(2,1,26) 2748
Eb(2,1,28) 2749
Eb(2,1,29) 2750
Eb(2,1,30) 2751
Eb(2,1,31) 2752
Eb(2,1,32) 2753
Eb(2,1,33) 2754
Eb(2,1,34) 2755
Eb(2,1,35) 2756
Eb(2,1,36) 2757
Eb(2,1,37) 2758
Eb(2,1,38) 2759
Eb(2,1,39) 2760
Eb(2,1,40) 2761
Eb(2,1,41) 2762
Eb(2,1,42) 2763
Eb(2,1,43) 2764
Eb(2,1,44) 2765
Eb(2,1,45) 2766
Eb(2,1,46) 2767
Eb(2,1,47) 2768
Eb(2,1,48) 2769
Eb(2,1,49) 2770
Eb(2,1,50) 2771
Eb(2,1,51) 2772
Eb(2,1,52) 2773
Eb(2,2,35) 2774
Sa(2,2,1) 2775
Sa(2,2,0) 2776
Sa(2,2,2) 2777
Eb(2,2,0) 2778
Eb(2,2,1) 2779
Eb(2,2,2) 2780
Eb(2,2,3) 2781
Eb(2,2,4) 2782
Eb(2,2,5) 2783
Eb(2,2,6) 2784
Eb(2,2,7) 2785
Eb(2,2,8) 2786
Eb(2,2,9) 2787
Eb(2,2,10) 2788
Eb(2,2,11) 2789
Eb(2,2,12) 2790
Eb(2,2,13) 2791
Eb(2,2,14) 2792
Eb(2,2,15) 2793
Eb(2,2,16) 2794
Eb(2,2,17) 2795
Eb(2,2,18) 2796
Eb(2,2,19) 2797
Eb(2,2,20) 2798
Eb(2,2,21) 2799
Eb(2,2,22) 2800
Eb(2,2,23) 2801
Eb(2,2,24) 2802
Eb(2,2,25) 2803
Eb(2,2,26) 2804
Eb(2,2,27) 2805
Eb(2,2,28) 2806
Eb(2,2,29) 2807
Eb(2,2,30) 2808
Eb(2,2,31) 2809
Eb(2,2,32) 2810
Eb(2,2,33) 2811
Eb(2,2,34) 2812
Eb(2,2,36) 2813
Eb(2,2,37) 2814
Eb(2,2,38) 2815
Eb(2,2,39) 2816
Eb(2,2,40) 2817
Eb(2,2,41) 2818
Eb(2,2,42) 2819
Eb(2,2,43) 2820
Eb(2,2,44) 2821
Eb(2,2,45) 2822
Eb(2,2,46) 2823
Eb(2,2,47) 2824
Eb(2,2,48) 2825
Eb(2,2,49) 2826
Eb(2,2,50) 2827
Eb(2,2,51) 2828
Eb(2,2,52) 2829
Eb(2,3,44) 2830
Sa(2,3,1) 2831
Sa(2,3,0) 2832
Sa(2,3,2) 2833
Eb(2,3,0) 2834
Eb(2,3,1) 2835
Eb(2,3,2) 2836
Eb(2,3,3) 2837
Eb(2,3,4) 2838
Eb(2,3,5) 2839
Eb(2,3,6) 2840
Eb(2,3,7) 2841
Eb(2,3,8) 2842
Eb(2,3,9) 2843
Eb(2,3,10) 2844
Eb(2,3,11) 2845
Eb(2,3,12) 2846
Eb(2,3,13) 2847
Eb(2,3,14) 2848
Eb(2,3,15) 2849
Eb(2,3,16) 2850
Eb(2,3,17) 2851
Eb(2,3,18) 2852
Eb(2,3,19) 2853
Eb(2,3,20) 2854
Eb(2,3,21) 2855
Eb(2,3,22) 2856
Eb(2,3,23) 2857
Eb(2,3,24) 2858
Eb(2,3,25) 2859
Eb(2,3,26) 2860
Eb(2,3,27) 2861
Eb(2,3,28) 2862
Eb(2,3,29) 2863
Eb(2,3,30) 2864
Eb(2,3,31) 2865
Eb(2,3,32) 2866
Eb(2,3,33) 2867
Eb(2,3,34) 2868
Eb(2,3,35) 2869
Eb(2,3,36) 2870
Eb(2,3,37) 2871
Eb(2,3,38) 2872
Eb(2,3,39) 2873
Eb(2,3,40) 2874
Eb(2,3,41) 2875
Eb(2,3,42) 2876
Eb(2,3,43) 2877
Eb(2,3,45) 2878
Eb(2,3,46) 2879
Eb(2,3,47) 2880
Eb(2,3,48) 2881
Eb(2,3,49) 2882
Eb(2,3,50) 2883
Eb(2,3,51) 2884
Eb(2,3,52) 2885
Eb(2,4,45) 2886
Sa(2,4,1) 2887
Sa(2,4,0) 2888
Sa(2,4,2) 2889
Sa(2,4,3) 2890
Sa(2,4,4) 2891
Sa(2,4,5) 2892
Eb(2,4,0) 2893
Eb(2,4,1) 2894
Eb(2,4,2) 2895
Eb(2,4,3) 2896
Eb(2,4,4) 2897
Eb(2,4,5) 2898
Eb(2,4,6) 2899
Eb(2,4,7) 2900
Eb(2,4,8) 2901
Eb(2,4,9) 2902
Eb(2,4,10) 2903
Eb(2,4,11) 2904
Eb(2,4,12) 2905
Eb(2,4,13) 2906
Eb(2,4,14) 2907
Eb(2,4,15) 2908
Eb(2,4,16) 2909
Eb(2,4,17) 2910
Eb(2,4,18) 2911
Eb(2,4,19) 2912
Eb(2,4,20) 2913
Eb(2,4,21) 2914
Eb(2,4,22) 2915
Eb(2,4,23) 2916
Eb(2,4,24) 2917
Eb(2,4,25) 2918
Eb(2,4,26) 2919
Eb(2,4,27) 2920
Eb(2,4,28) 2921
Eb(2,4,29) 2922
Eb(2,4,30) 2923
Eb(2,4,31) 2924
Eb(2,4,32) 2925
Eb(2,4,33) 2926
Eb(2,4,34) 2927
Eb(2,4,35) 2928
Eb(2,4,36) 2929
Eb(2,4,37) 2930
Eb(2,4,38) 2931
Eb(2,4,39) 2932
Eb(2,4,40) 2933
Eb(2,4,41) 2934
Eb(2,4,42) 2935
Eb(2,4,43) 2936
Eb(2,4,44) 2937
Eb(2,4,46) 2938
Eb(2,4,47) 2939
Eb(2,4,48) 2940
Eb(2,4,49) 2941
Eb(2,4,50) 2942
Eb(2,4,51) 2943
Eb(2,4,52) 2944
Sa(2,5,1) 2945
Sa(3,0,1) 2946
Sa(4,1,1) 2947
Sa(5,0,1) 2948
Sa(2,5,2) 2949
Sa(3,0,2) 2950
Sa(4,1,2) 2951
Sa(5,0,2) 2952
Sa(2,5,3) 2953
Sa(3,0,3) 2954
Sa(4,1,3) 2955
Sa(5,0,3) 2956
Sa(2,5,4) 2957
Sa(3,0,4) 2958
Sa(4,1,4) 2959
Sa(5,0,4) 2960
Sa(2,5,5) 2961
Sa(3,0,5) 2962
Sa(4,1,5) 2963
Sa(5,0,5) 2964
Eb(2,5,52) 2965
Sa(2,5,0) 2966
Eb(2,5,0) 2967
Eb(2,5,1) 2968
Eb(2,5,2) 2969
Eb(2,5,3) 2970
Eb(2,5,4) 2971
Eb(2,5,5) 2972
Eb(2,5,6) 2973
Eb(2,5,7) 2974
Eb(2,5,8) 2975
Eb(2,5,9) 2976
Eb(2,5,10) 2977
Eb(2,5,11) 2978
Eb(2,5,12) 2979
Eb(2,5,13) 2980
Eb(2,5,14) 2981
Eb(2,5,15) 2982
Eb(2,5,16) 2983
Eb(2,5,17) 2984
Eb(2,5,18) 2985
Eb(2,5,19) 2986
Eb(2,5,20) 2987
Eb(2,5,21) 2988
Eb(2,5,22) 2989
Eb(2,5,23) 2990
Eb(2,5,24) 2991
Eb(2,5,25) 2992
Eb(2,5,26) 2993
Eb(2,5,27) 2994
Eb(2,5,28) 2995
Eb(2,5,29) 2996
Eb(2,5,30) 2997
Eb(2,5,31) 2998
Eb(2,5,32) 2999
Eb(2,5,33) 3000
Eb(2,5,34) 3001
Eb(2,5,35) 3002
Eb(2,5,36) 3003
Eb(2,5,37) 3004
Eb(2,5,38) 3005
Eb(2,5,39) 3006
Eb(2,5,40) 3007
Eb(2,5,41) 3008
Eb(2,5,42) 3009
Eb(2,5,43) 3010
Eb(2,5,44) 3011
Eb(2,5,45) 3012
Eb(2,5,46) 3013
Eb(2,5,47) 3014
Eb(2,5,48) 3015
Eb(2,5,49) 3016
Eb(2,5,50) 3017
Eb(2,5,51) 3018
Sa(3,0,0) 3019
Eb(3,0,22) 3020
Eb(3,0,0) 3021
Eb(3,0,1) 3022
Eb(3,0,2) 3023
Eb(3,0,3) 3024
Eb(3,0,4) 3025
Eb(3,0,5) 3026
Eb(3,0,6) 3027
Eb(3,0,7) 3028
Eb(3,0,8) 3029
Eb(3,0,9) 3030
Eb(3,0,10) 3031
Eb(3,0,11) 3032
Eb(3,0,12) 3033
Eb(3,0,13) 3034
Eb(3,0,14) 3035
Eb(3,0,15) 3036
Eb(3,0,16) 3037
Eb(3,0,17) 3038
Eb(3,0,18) 3039
Eb(3,0,19) 3040
Eb(3,0,20) 3041
Eb(3,0,21) 3042
Eb(3,0,23) 3043
Eb(3,0,24) 3044
Eb(3,0,25) 3045
Eb(3,0,26) 3046
Eb(3,0,27) 3047
Eb(3,0,28) 3048
Eb(3,0,29) 3049
Eb(3,0,30) 3050
Eb(3,0,31) 3051
Eb(3,0,32) 3052
Eb(3,0,33) 3053
Eb(3,0,34) 3054
Eb(3,0,35) 3055
Eb(3,0,36) 3056
Eb(3,0,37) 3057
Eb(3,0,38) 3058
Eb(3,0,39) 3059
Eb(3,0,40) 3060
Eb(3,0,41) 3061
Eb(3,0,42) 3062
Eb(3,0,43) 3063
Eb(3,0,44) 3064
Eb(3,0,45) 3065
Eb(3,0,46) 3066
Eb(3,0,47) 3067
Eb(3,0,48) 3068
Eb(3,0,49) 3069
Eb(3,0,50) 3070
Eb(3,0,51) 3071
Eb(3,0,52) 3072
Eb(3,1,27) 3073
Sa(3,1,1) 3074
Sa(3,1,0) 3075
Sa(3,1,2) 3076
Eb(3,1,0) 3077
Eb(3,1,1) 3078
Eb(3,1,2) 3079
Eb(3,1,3) 3080
Eb(3,1,4) 3081
Eb(3,1,5) 3082
Eb(3,1,6) 3083
Eb(3,1,7) 3084
Eb(3,1,8) 3085
Eb(3,1,9) 3086
Eb(3,1,10) 3087
Eb(3,1,11) 3088
Eb(3,1,12) 3089
Eb(3,1,13) 3090
Eb(3,1,14) 3091
Eb(3,1,15) 3092
Eb(3,1,16) 3093
Eb(3,1,17) 3094
Eb(3,1,18) 3095
Eb(3,1,19) 3096
Eb(3,1,20) 3097
Eb(3,1,21) 3098
Eb(3,1,22) 3099
Eb(3,1,23) 3100
Eb(3,1,24) 3101
Eb(3,1,25) 3102
Eb(3,1,26) 3103
Eb(3,1,28) 3104
Eb(3,1,29) 3105
Eb(3,1,30) 3106
Eb(3,1,31) 3107
Eb(3,1,32) 3108
Eb(3,1,33) 3109
Eb(3,1,34) 3110
Eb(3,1,35) 3111
Eb(3,1,36) 3112
Eb(3,1,37) 3113
Eb(3,1,38) 3114
Eb(3,1,39) 3115
Eb(3,1,40) 3116
Eb(3,1,41) 3117
Eb(3,1,42) 3118
Eb(3,1,43) 3119
Eb(3,1,44) 3120
Eb(3,1,45) 3121
Eb(3,1,46) 3122
Eb(3,1,47) 3123
Eb(3,1,48) 3124
Eb(3,1,49) 3125
Eb(3,1,50) 3126
Eb(3,1,51) 3127
Eb(3,1,52) 3128
Eb(3,2,32) 3129
Sa(3,2,0) 3130
Eb(3,2,0) 3131
Eb(3,2,1) 3132
Eb(3,2,2) 3133
Eb(3,2,3) 3134
Eb(3,2,4) 3135
Eb(3,2,5) 3136
Eb(3,2,6) 3137
Eb(3,2,7) 3138
Eb(3,2,8) 3139
Eb(3,2,9) 3140
Eb(3,2,10) 3141
Eb(3,2,11) 3142
Eb(3,2,12) 3143
Eb(3,2,13) 3144
Eb(3,2,14) 3145
Eb(3,2,15) 3146
Eb(3,2,16) 3147
Eb(3,2,17) 3148
Eb(3,2,18) 3149
Eb(3,2,19) 3150
Eb(3,2,20) 3151
Eb(3,2,21) 3152
Eb(3,2,22) 3153
Eb(3,2,23) 3154
Eb(3,2,24) 3155
Eb(3,2,25) 3156
Eb(3,2,26) 3157
Eb(3,2,27) 3158
Eb(3,2,28) 3159
Eb(3,2,29) 3160
Eb(3,2,30) 3161
Eb(3,2,31) 3162
Eb(3,2,33) 3163
Eb(3,2,34) 3164
Eb(3,2,35) 3165
Eb(3,2,36) 3166
Eb(3,2,37) 3167
Eb(3,2,38) 3168
Eb(3,2,39) 3169
Eb(3,2,40) 3170
Eb(3,2,41) 3171
Eb(3,2,42) 3172
Eb(3,2,43) 3173
Eb(3,2,44) 3174
Eb(3,2,45) 3175
Eb(3,2,46) 3176
Eb(3,2,47) 3177
Eb(3,2,48) 3178
Eb(3,2,49) 3179
Eb(3,2,50) 3180
Eb(3,2,51) 3181
Eb(3,2,52) 3182
Eb(3,3,35) 3183
Sa(3,3,1) 3184
Sa(3,3,0) 3185
Sa(3,3,2) 3186
Sa(3,3,3) 3187
Eb(3,3,0) 3188
Eb(3,3,1) 3189
Eb(3,3,2) 3190
Eb(3,3,3) 3191
Eb(3,3,4) 3192
Eb(3,3,5) 3193
Eb(3,3,6) 3194
Eb(3,3,7) 3195
Eb(3,3,8) 3196
Eb(3,3,9) 3197
Eb(3,3,10) 3198
Eb(3,3,11) 3199
Eb(3,3,12) 3200
Eb(3,3,13) 3201
Eb(3,3,14) 3202
Eb(3,3,15) 3203
Eb(3,3,16) 3204
Eb(3,3,17) 3205
Eb(3,3,18) 3206
Eb(3,3,19) 3207
Eb(3,3,20) 3208
Eb(3,3,21) 3209
Eb(3,3,22) 3210
Eb(3,3,23) 3211
Eb(3,3,24) 3212
Eb(3,3,25) 3213
Eb(3,3,26) 3214
Eb(3,3,27) 3215
Eb(3,3,28) 3216
Eb(3,3,29) 3217
Eb(3,3,30) 3218
Eb(3,3,31) 3219
Eb(3,3,32) 3220
Eb(3,3,33) 3221
Eb(3,3,34) 3222
Eb(3,3,36) 3223
Eb(3,3,37) 3224
Eb(3,3,38) 3225
Eb(3,3,39) 3226
Eb(3,3,40) 3227
Eb(3,3,41) 3228
Eb(3,3,42) 3229
Eb(3,3,43) 3230
Eb(3,3,44) 3231
Eb(3,3,45) 3232
Eb(3,3,46) 3233
Eb(3,3,47) 3234
Eb(3,3,48) 3235
Eb(3,3,49) 3236
Eb(3,3,50) 3237
Eb(3,3,51) 3238
Eb(3,3,52) 3239
Sa(3,4,3) 3240
Sa(4,5,3) 3241
Sa(5,1,3) 3242
Sa(3,4,4) 3243
Sa(3,4,5) 3244
Eb(3,4,43) 3245
Sa(3,4,1) 3246
Sa(3,4,0) 3247
Sa(3,4,2) 3248
Eb(3,4,0) 3249
Eb(3,4,1) 3250
Eb(3,4,2) 3251
Eb(3,4,3) 3252
Eb(3,4,4) 3253
Eb(3,4,5) 3254
Eb(3,4,6) 3255
Eb(3,4,7) 3256
Eb(3,4,8) 3257
Eb(3,4,9) 3258
Eb(3,4,10) 3259
Eb(3,4,11) 3260
Eb(3,4,12) 3261
Eb(3,4,13) 3262
Eb(3,4,14) 3263
Eb(3,4,15) 3264
Eb(3,4,16) 3265
Eb(3,4,17) 3266
Eb(3,4,18) 3267
Eb(3,4,19) 3268
Eb(3,4,20) 3269
Eb(3,4,21) 3270
Eb(3,4,22) 3271
Eb(3,4,23) 3272
Eb(3,4,24) 3273
Eb(3,4,25) 3274
Eb(3,4,26) 3275
Eb(3,4,27) 3276
Eb(3,4,28) 3277
Eb(3,4,29) 3278
Eb(3,4,30) 3279
Eb(3,4,31) 3280
Eb(3,4,32) 3281
Eb(3,4,33) 3282
Eb(3,4,34) 3283
Eb(3,4,35) 3284
Eb(3,4,36) 3285
Eb(3,4,37) 3286
Eb(3,4,38) 3287
Eb(3,4,39) 3288
Eb(3,4,40) 3289
Eb(3,4,41) 3290
Eb(3,4,42) 3291
Eb(3,4,44) 3292
Eb(3,4,45) 3293
Eb(3,4,46) 3294
Eb(3,4,47) 3295
Eb(3,4,48) 3296
Eb(3,4,49) 3297
Eb(3,4,50) 3298
Eb(3,4,51) 3299
Eb(3,4,52) 3300
Eb(3,5,52) 3301
Sa(3,5,1) 3302
Sa(3,5,0) 3303
Sa(3,5,2) 3304
Eb(3,5,0) 3305
Eb(3,5,1) 3306
Eb(3,5,2) 3307
Eb(3,5,3) 3308
Eb(3,5,4) 3309
Eb(3,5,5) 3310
Eb(3,5,6) 3311
Eb(3,5,7) 3312
Eb(3,5,8) 3313
Eb(3,5,9) 3314
Eb(3,5,10) 3315
Eb(3,5,11) 3316
Eb(3,5,12) 3317
Eb(3,5,13) 3318
Eb(3,5,14) 3319
Eb(3,5,15) 3320
Eb(3,5,16) 3321
Eb(3,5,17) 3322
Eb(3,5,18) 3323
Eb(3,5,19) 3324
Eb(3,5,20) 3325
Eb(3,5,21) 3326
Eb(3,5,22) 3327
Eb(3,5,23) 3328
Eb(3,5,24) 3329
Eb(3,5,25) 3330
Eb(3,5,26) 3331
Eb(3,5,27) 3332
Eb(3,5,28) 3333
Eb(3,5,29) 3334
Eb(3,5,30) 3335
Eb(3,5,31) 3336
Eb(3,5,32) 3337
Eb(3,5,33) 3338
Eb(3,5,34) 3339
Eb(3,5,35) 3340
Eb(3,5,36) 3341
Eb(3,5,37) 3342
Eb(3,5,38) 3343
Eb(3,5,39) 3344
Eb(3,5,40) 3345
Eb(3,5,41) 3346
Eb(3,5,42) 3347
Eb(3,5,43) 3348
Eb(3,5,44) 3349
Eb(3,5,45) 3350
Eb(3,5,46) 3351
Eb(3,5,47) 3352
Eb(3,5,48) 3353
Eb(3,5,49) 3354
Eb(3,5,50) 3355
Eb(3,5,51) 3356
Sa(4,0,0) 3357
Eb(4,0,36) 3358
Eb(4,0,0) 3359
Eb(4,0,1) 3360
Eb(4,0,2) 3361
Eb(4,0,3) 3362
Eb(4,0,4) 3363
Eb(4,0,5) 3364
Eb(4,0,6) 3365
Eb(4,0,7) 3366
Eb(4,0,8) 3367
Eb(4,0,9) 3368
Eb(4,0,10) 3369
Eb(4,0,11) 3370
Eb(4,0,12) 3371
Eb(4,0,13) 3372
Eb(4,0,14) 3373
Eb(4,0,15) 3374
Eb(4,0,16) 3375
Eb(4,0,17) 3376
Eb(4,0,18) 3377
Eb(4,0,19) 3378
Eb(4,0,20) 3379
Eb(4,0,21) 3380
Eb(4,0,22) 3381
Eb(4,0,23) 3382
Eb(4,0,24) 3383
Eb(4,0,25) 3384
Eb(4,0,26) 3385
Eb(4,0,27) 3386
Eb(4,0,28) 3387
Eb(4,0,29) 3388
Eb(4,0,30) 3389
Eb(4,0,31) 3390
Eb(4,0,32) 3391
Eb(4,0,33) 3392
Eb(4,0,34) 3393
Eb(4,0,35) 3394
Eb(4,0,37) 3395
Eb(4,0,38) 3396
Eb(4,0,39) 3397
Eb(4,0,40) 3398
Eb(4,0,41) 3399
Eb(4,0,42) 3400
Eb(4,0,43) 3401
Eb(4,0,44) 3402
Eb(4,0,45) 3403
Eb(4,0,46) 3404
Eb(4,0,47) 3405
Eb(4,0,48) 3406
Eb(4,0,49) 3407
Eb(4,0,50) 3408
Eb(4,0,51) 3409
Eb(4,0,52) 3410
Eb(4,1,39) 3411
Sa(4,1,0) 3412
Eb(4,1,0) 3413
Eb(4,1,1) 3414
Eb(4,1,2) 3415
Eb(4,1,3) 3416
Eb(4,1,4) 3417
Eb(4,1,5) 3418
Eb(4,1,6) 3419
Eb(4,1,7) 3420
Eb(4,1,8) 3421
Eb(4,1,9) 3422
Eb(4,1,10) 3423
Eb(4,1,11) 3424
Eb(4,1,12) 3425
Eb(4,1,13) 3426
Eb(4,1,14) 3427
Eb(4,1,15) 3428
Eb(4,1,16) 3429
Eb(4,1,17) 3430
Eb(4,1,18) 3431
Eb(4,1,19) 3432
Eb(4,1,20) 3433
Eb(4,1,21) 3434
Eb(4,1,22) 3435
Eb(4,1,23) 3436
Eb(4,1,24) 3437
Eb(4,1,25) 3438
Eb(4,1,26) 3439
Eb(4,1,27) 3440
Eb(4,1,28) 3441
Eb(4,1,29) 3442
Eb(4,1,30) 3443
Eb(4,1,31) 3444
Eb(4,1,32) 3445
Eb(4,1,33) 3446
Eb(4,1,34) 3447
Eb(4,1,35) 3448
Eb(4,1,36) 3449
Eb(4,1,37) 3450
Eb(4,1,38) 3451
Eb(4,1,40) 3452
Eb(4,1,41) 3453
Eb(4,1,42) 3454
Eb(4,1,43) 3455
Eb(4,1,44) 3456
Eb(4,1,45) 3457
Eb(4,1,46) 3458
Eb(4,1,47) 3459
Eb(4,1,48) 3460
Eb(4,1,49) 3461
Eb(4,1,50) 3462
Eb(4,1,51) 3463
Eb(4,1,52) 3464
Sa(4,2,3) 3465
Sa(4,2,4) 3466
Sa(4,2,5) 3467
Eb(4,2,44) 3468
Sa(4,2,1) 3469
Sa(4,2,0) 3470
Sa(4,2,2) 3471
Eb(4,2,0) 3472
Eb(4,2,1) 3473
Eb(4,2,2) 3474
Eb(4,2,3) 3475
Eb(4,2,4) 3476
Eb(4,2,5) 3477
Eb(4,2,6) 3478
Eb(4,2,7) 3479
Eb(4,2,8) 3480
Eb(4,2,9) 3481
Eb(4,2,10) 3482
Eb(4,2,11) 3483
Eb(4,2,12) 3484
Eb(4,2,13) 3485
Eb(4,2,14) 3486
Eb(4,2,15) 3487
Eb(4,2,16) 3488
Eb(4,2,17) 3489
Eb(4,2,18) 3490
Eb(4,2,19) 3491
Eb(4,2,20) 3492
Eb(4,2,21) 3493
Eb(4,2,22) 3494
Eb(4,2,23) 3495
Eb(4,2,24) 3496
Eb(4,2,25) 3497
Eb(4,2,26) 3498
Eb(4,2,27) 3499
Eb(4,2,28) 3500
Eb(4,2,29) 3501
Eb(4,2,30) 3502
Eb(4,2,31) 3503
Eb(4,2,32) 3504
Eb(4,2,33) 3505
Eb(4,2,34) 3506
Eb(4,2,35) 3507
Eb(4,2,36) 3508
Eb(4,2,37) 3509
Eb(4,2,38) 3510
Eb(4,2,39) 3511
Eb(4,2,40) 3512
Eb(4,2,41) 3513
Eb(4,2,42) 3514
Eb(4,2,43) 3515
Eb(4,2,45) 3516
Eb(4,2,46) 3517
Eb(4,2,47) 3518
Eb(4,2,48) 3519
Eb(4,2,49) 3520
Eb(4,2,50) 3521
Eb(4,2,51) 3522
Eb(4,2,52) 3523
Sa(5,4,5) 3524
Eb(4,3,48) 3525
Sa(4,3,1) 3526
Sa(4,3,0) 3527
Sa(4,3,2) 3528
Eb(4,3,0) 3529
Eb(4,3,1) 3530
Eb(4,3,2) 3531
Eb(4,3,3) 3532
Eb(4,3,4) 3533
Eb(4,3,5) 3534
Eb(4,3,6) 3535
Eb(4,3,7) 3536
Eb(4,3,8) 3537
Eb(4,3,9) 3538
Eb(4,3,10) 3539
Eb(4,3,11) 3540
Eb(4,3,12) 3541
Eb(4,3,13) 3542
Eb(4,3,14) 3543
Eb(4,3,15) 3544
Eb(4,3,16) 3545
Eb(4,3,17) 3546
Eb(4,3,18) 3547
Eb(4,3,19) 3548
Eb(4,3,20) 3549
Eb(4,3,21) 3550
Eb(4,3,22) 3551
Eb(4,3,23) 3552
Eb(4,3,24) 3553
Eb(4,3,25) 3554
Eb(4,3,26) 3555
Eb(4,3,27) 3556
Eb(4,3,28) 3557
Eb(4,3,29) 3558
Eb(4,3,30) 3559
Eb(4,3,31) 3560
Eb(4,3,32) 3561
Eb(4,3,33) 3562
Eb(4,3,34) 3563
Eb(4,3,35) 3564
Eb(4,3,36) 3565
Eb(4,3,37) 3566
Eb(4,3,38) 3567
Eb(4,3,39) 3568
Eb(4,3,40) 3569
Eb(4,3,41) 3570
Eb(4,3,42) 3571
Eb(4,3,43) 3572
Eb(4,3,44) 3573
Eb(4,3,45) 3574
Eb(4,3,46) 3575
Eb(4,3,47) 3576
Eb(4,3,49) 3577
Eb(4,3,50) 3578
Eb(4,3,51) 3579
Eb(4,3,52) 3580
Eb(4,4,51) 3581
Sa(4,4,1) 3582
Sa(4,4,0) 3583
Sa(4,4,2) 3584
Eb(4,4,0) 3585
Eb(4,4,1) 3586
Eb(4,4,2) 3587
Eb(4,4,3) 3588
Eb(4,4,4) 3589
Eb(4,4,5) 3590
Eb(4,4,6) 3591
Eb(4,4,7) 3592
Eb(4,4,8) 3593
Eb(4,4,9) 3594
Eb(4,4,10) 3595
Eb(4,4,11) 3596
Eb(4,4,12) 3597
Eb(4,4,13) 3598
Eb(4,4,14) 3599
Eb(4,4,15) 3600
Eb(4,4,16) 3601
Eb(4,4,17) 3602
Eb(4,4,18) 3603
Eb(4,4,19) 3604
Eb(4,4,20) 3605
Eb(4,4,21) 3606
Eb(4,4,22) 3607
Eb(4,4,23) 3608
Eb(4,4,24) 3609
Eb(4,4,25) 3610
Eb(4,4,26) 3611
Eb(4,4,27) 3612
Eb(4,4,28) 3613
Eb(4,4,29) 3614
Eb(4,4,30) 3615
Eb(4,4,31) 3616
Eb(4,4,32) 3617
Eb(4,4,33) 3618
Eb(4,4,34) 3619
Eb(4,4,35) 3620
Eb(4,4,36) 3621
Eb(4,4,37) 3622
Eb(4,4,38) 3623
Eb(4,4,39) 3624
Eb(4,4,40) 3625
Eb(4,4,41) 3626
Eb(4,4,42) 3627
Eb(4,4,43) 3628
Eb(4,4,44) 3629
Eb(4,4,45) 3630
Eb(4,4,46) 3631
Eb(4,4,47) 3632
Eb(4,4,48) 3633
Eb(4,4,49) 3634
Eb(4,4,50) 3635
Eb(4,4,52) 3636
Eb(4,5,52) 3637
Sa(4,5,1) 3638
Sa(4,5,0) 3639
Sa(4,5,2) 3640
Eb(4,5,0) 3641
Eb(4,5,1) 3642
Eb(4,5,2) 3643
Eb(4,5,3) 3644
Eb(4,5,4) 3645
Eb(4,5,5) 3646
Eb(4,5,6) 3647
Eb(4,5,7) 3648
Eb(4,5,8) 3649
Eb(4,5,9) 3650
Eb(4,5,10) 3651
Eb(4,5,11) 3652
Eb(4,5,12) 3653
Eb(4,5,13) 3654
Eb(4,5,14) 3655
Eb(4,5,15) 3656
Eb(4,5,16) 3657
Eb(4,5,17) 3658
Eb(4,5,18) 3659
Eb(4,5,19) 3660
Eb(4,5,20) 3661
Eb(4,5,21) 3662
Eb(4,5,22) 3663
Eb(4,5,23) 3664
Eb(4,5,24) 3665
Eb(4,5,25) 3666
Eb(4,5,26) 3667
Eb(4,5,27) 3668
Eb(4,5,28) 3669
Eb(4,5,29) 3670
Eb(4,5,30) 3671
Eb(4,5,31) 3672
Eb(4,5,32) 3673
Eb(4,5,33) 3674
Eb(4,5,34) 3675
Eb(4,5,35) 3676
Eb(4,5,36) 3677
Eb(4,5,37) 3678
Eb(4,5,38) 3679
Eb(4,5,39) 3680
Eb(4,5,40) 3681
Eb(4,5,41) 3682
Eb(4,5,42) 3683
Eb(4,5,43) 3684
Eb(4,5,44) 3685
Eb(4,5,45) 3686
Eb(4,5,46) 3687
Eb(4,5,47) 3688
Eb(4,5,48) 3689
Eb(4,5,49) 3690
Eb(4,5,50) 3691
Eb(4,5,51) 3692
Sa(5,1,1) 3693
Sa(5,1,2) 3694
Sa(5,0,0) 3695
Eb(5,0,25) 3696
Eb(5,0,0) 3697
Eb(5,0,1) 3698
Eb(5,0,2) 3699
Eb(5,0,3) 3700
Eb(5,0,4) 3701
Eb(5,0,5) 3702
Eb(5,0,6) 3703
Eb(5,0,7) 3704
Eb(5,0,8) 3705
Eb(5,0,9) 3706
Eb(5,0,10) 3707
Eb(5,0,11) 3708
Eb(5,0,12) 3709
Eb(5,0,13) 3710
Eb(5,0,14) 3711
Eb(5,0,15) 3712
Eb(5,0,16) 3713
Eb(5,0,17) 3714
Eb(5,0,18) 3715
Eb(5,0,19) 3716
Eb(5,0,20) 3717
Eb(5,0,21) 3718
Eb(5,0,22) 3719
Eb(5,0,23) 3720
Eb(5,0,24) 3721
Eb(5,0,26) 3722
Eb(5,0,27) 3723
Eb(5,0,28) 3724
Eb(5,0,29) 3725
Eb(5,0,30) 3726
Eb(5,0,31) 3727
Eb(5,0,32) 3728
Eb(5,0,33) 3729
Eb(5,0,34) 3730
Eb(5,0,35) 3731
Eb(5,0,36) 3732
Eb(5,0,37) 3733
Eb(5,0,38) 3734
Eb(5,0,39) 3735
Eb(5,0,40) 3736
Eb(5,0,41) 3737
Eb(5,0,42) 3738
Eb(5,0,43) 3739
Eb(5,0,44) 3740
Eb(5,0,45) 3741
Eb(5,0,46) 3742
Eb(5,0,47) 3743
Eb(5,0,48) 3744
Eb(5,0,49) 3745
Eb(5,0,50) 3746
Eb(5,0,51) 3747
Eb(5,0,52) 3748
Eb(5,1,28) 3749
Sa(5,1,0) 3750
Eb(5,1,0) 3751
Eb(5,1,1) 3752
Eb(5,1,2) 3753
Eb(5,1,3) 3754
Eb(5,1,4) 3755
Eb(5,1,5) 3756
Eb(5,1,6) 3757
Eb(5,1,7) 3758
Eb(5,1,8) 3759
Eb(5,1,9) 3760
Eb(5,1,10) 3761
Eb(5,1,11) 3762
Eb(5,1,12) 3763
Eb(5,1,13) 3764
Eb(5,1,14) 3765
Eb(5,1,15) 3766
Eb(5,1,16) 3767
Eb(5,1,17) 3768
Eb(5,1,18) 3769
Eb(5,1,19) 3770
Eb(5,1,20) 3771
Eb(5,1,21) 3772
Eb(5,1,22) 3773
Eb(5,1,23) 3774
Eb(5,1,24) 3775
Eb(5,1,25) 3776
Eb(5,1,26) 3777
Eb(5,1,27) 3778
Eb(5,1,29) 3779
Eb(5,1,30) 3780
Eb(5,1,31) 3781
Eb(5,1,32) 3782
Eb(5,1,33) 3783
Eb(5,1,34) 3784
Eb(5,1,35) 3785
Eb(5,1,36) 3786
Eb(5,1,37) 3787
Eb(5,1,38) 3788
Eb(5,1,39) 3789
Eb(5,1,40) 3790
Eb(5,1,41) 3791
Eb(5,1,42) 3792
Eb(5,1,43) 3793
Eb(5,1,44) 3794
Eb(5,1,45) 3795
Eb(5,1,46) 3796
Eb(5,1,47) 3797
Eb(5,1,48) 3798
Eb(5,1,49) 3799
Eb(5,1,50) 3800
Eb(5,1,51) 3801
Eb(5,1,52) 3802
Eb(5,2,37) 3803
Sa(5,2,1) 3804
Sa(5,2,0) 3805
Sa(5,2,2) 3806
Eb(5,2,0) 3807
Eb(5,2,1) 3808
Eb(5,2,2) 3809
Eb(5,2,3) 3810
Eb(5,2,4) 3811
Eb(5,2,5) 3812
Eb(5,2,6) 3813
Eb(5,2,7) 3814
Eb(5,2,8) 3815
Eb(5,2,9) 3816
Eb(5,2,10) 3817
Eb(5,2,11) 3818
Eb(5,2,12) 3819
Eb(5,2,13) 3820
Eb(5,2,14) 3821
Eb(5,2,15) 3822
Eb(5,2,16) 3823
Eb(5,2,17) 3824
Eb(5,2,18) 3825
Eb(5,2,19) 3826
Eb(5,2,20) 3827
Eb(5,2,21) 3828
Eb(5,2,22) 3829
Eb(5,2,23) 3830
Eb(5,2,24) 3831
Eb(5,2,25) 3832
Eb(5,2,26) 3833
Eb(5,2,27) 3834
Eb(5,2,28) 3835
Eb(5,2,29) 3836
Eb(5,2,30) 3837
Eb(5,2,31) 3838
Eb(5,2,32) 3839
Eb(5,2,33) 3840
Eb(5,2,34) 3841
Eb(5,2,35) 3842
Eb(5,2,36) 3843
Eb(5,2,38) 3844
Eb(5,2,39) 3845
Eb(5,2,40) 3846
Eb(5,2,41) 3847
Eb(5,2,42) 3848
Eb(5,2,43) 3849
Eb(5,2,44) 3850
Eb(5,2,45) 3851
Eb(5,2,46) 3852
Eb(5,2,47) 3853
Eb(5,2,48) 3854
Eb(5,2,49) 3855
Eb(5,2,50) 3856
Eb(5,2,51) 3857
Eb(5,2,52) 3858
Eb(5,3,47) 3859
Sa(5,3,1) 3860
Sa(5,3,0) 3861
Sa(5,3,2) 3862
Eb(5,3,0) 3863
Eb(5,3,1) 3864
Eb(5,3,2) 3865
Eb(5,3,3) 3866
Eb(5,3,4) 3867
Eb(5,3,5) 3868
Eb(5,3,6) 3869
Eb(5,3,7) 3870
Eb(5,3,8) 3871
Eb(5,3,9) 3872
Eb(5,3,10) 3873
Eb(5,3,11) 3874
Eb(5,3,12) 3875
Eb(5,3,13) 3876
Eb(5,3,14) 3877
Eb(5,3,15) 3878
Eb(5,3,16) 3879
Eb(5,3,17) 3880
Eb(5,3,18) 3881
Eb(5,3,19) 3882
Eb(5,3,20) 3883
Eb(5,3,21) 3884
Eb(5,3,22) 3885
Eb(5,3,23) 3886
Eb(5,3,24) 3887
Eb(5,3,25) 3888
Eb(5,3,26) 3889
Eb(5,3,27) 3890
Eb(5,3,28) 3891
Eb(5,3,29) 3892
Eb(5,3,30) 3893
Eb(5,3,31) 3894
Eb(5,3,32) 3895
Eb(5,3,33) 3896
Eb(5,3,34) 3897
Eb(5,3,35) 3898
Eb(5,3,36) 3899
Eb(5,3,37) 3900
Eb(5,3,38) 3901
Eb(5,3,39) 3902
Eb(5,3,40) 3903
Eb(5,3,41) 3904
Eb(5,3,42) 3905
Eb(5,3,43) 3906
Eb(5,3,44) 3907
Eb(5,3,45) 3908
Eb(5,3,46) 3909
Eb(5,3,48) 3910
Eb(5,3,49) 3911
Eb(5,3,50) 3912
Eb(5,3,51) 3913
Eb(5,3,52) 3914
Eb(5,4,51) 3915
Sa(5,4,1) 3916
Sa(5,4,0) 3917
Sa(5,4,2) 3918
Sa(5,4,3) 3919
Sa(5,4,4) 3920
Eb(5,4,0) 3921
Eb(5,4,1) 3922
Eb(5,4,2) 3923
Eb(5,4,3) 3924
Eb(5,4,4) 3925
Eb(5,4,5) 3926
Eb(5,4,6) 3927
Eb(5,4,7) 3928
Eb(5,4,8) 3929
Eb(5,4,9) 3930
Eb(5,4,10) 3931
Eb(5,4,11) 3932
Eb(5,4,12) 3933
Eb(5,4,13) 3934
Eb(5,4,14) 3935
Eb(5,4,15) 3936
Eb(5,4,16) 3937
Eb(5,4,17) 3938
Eb(5,4,18) 3939
Eb(5,4,19) 3940
Eb(5,4,20) 3941
Eb(5,4,21) 3942
Eb(5,4,22) 3943
Eb(5,4,23) 3944
Eb(5,4,24) 3945
Eb(5,4,25) 3946
Eb(5,4,26) 3947
Eb(5,4,27) 3948
Eb(5,4,28) 3949
Eb(5,4,29) 3950
Eb(5,4,30) 3951
Eb(5,4,31) 3952
Eb(5,4,32) 3953
Eb(5,4,33) 3954
Eb(5,4,34) 3955
Eb(5,4,35) 3956
Eb(5,4,36) 3957
Eb(5,4,37) 3958
Eb(5,4,38) 3959
Eb(5,4,39) 3960
Eb(5,4,40) 3961
Eb(5,4,41) 3962
Eb(5,4,42) 3963
Eb(5,4,43) 3964
Eb(5,4,44) 3965
Eb(5,4,45) 3966
Eb(5,4,46) 3967
Eb(5,4,47) 3968
Eb(5,4,48) 3969
Eb(5,4,49) 3970
Eb(5,4,50) 3971
Eb(5,4,52) 3972
Eb(5,5,52) 3973
Sa(5,5,0) 3974
Eb(5,5,0) 3975
Eb(5,5,1) 3976
Eb(5,5,2) 3977
Eb(5,5,3) 3978
Eb(5,5,4) 3979
Eb(5,5,5) 3980
Eb(5,5,6) 3981
Eb(5,5,7) 3982
Eb(5,5,8) 3983
Eb(5,5,9) 3984
Eb(5,5,10) 3985
Eb(5,5,11) 3986
Eb(5,5,12) 3987
Eb(5,5,13) 3988
Eb(5,5,14) 3989
Eb(5,5,15) 3990
Eb(5,5,16) 3991
Eb(5,5,17) 3992
Eb(5,5,18) 3993
Eb(5,5,19) 3994
Eb(5,5,20) 3995
Eb(5,5,21) 3996
Eb(5,5,22) 3997
Eb(5,5,23) 3998
Eb(5,5,24) 3999
Eb(5,5,25) 4000
Eb(5,5,26) 4001
Eb(5,5,27) 4002
Eb(5,5,28) 4003
Eb(5,5,29) 4004
Eb(5,5,30) 4005
Eb(5,5,31) 4006
Eb(5,5,32) 4007
Eb(5,5,33) 4008
Eb(5,5,34) 4009
Eb(5,5,35) 4010
Eb(5,5,36) 4011
Eb(5,5,37) 4012
Eb(5,5,38) 4013
Eb(5,5,39) 4014
Eb(5,5,40) 4015
Eb(5,5,41) 4016
Eb(5,5,42) 4017
Eb(5,5,43) 4018
Eb(5,5,44) 4019
Eb(5,5,45) 4020
Eb(5,5,46) 4021
Eb(5,5,47) 4022
Eb(5,5,48) 4023
Eb(5,5,49) 4024
Eb(5,5,50) 4025
Eb(5,5,51) 4026
